104
95
86
66
60
58
63
55
42
49
42
35
32
29
29
37
21
31
30
28
23
27
16
20
29
22
21
22
24
20
17
21
15
12
14
14
15
12
11
16
10
14
10
11
15
12
15
7
7
16
10
10
13
12
3
13
9
10
13
8
8
10
6
3
8
5
3
13
6
8
8
9
11
7
5
6
5
2
4
4
7
5
5
5
8
2
4
10
7
2
7
5
7
6
3
5
3
6
4
4
2
5
6
2
1
3
3
2
0
2
4
2
3
4
6
0
4
5
3
6
1
1
2
2
4
0
4
3
0
3
1
1
3
3
2
0
3
2
2
1
3
2
0
1
2
3
1
4
0
1
1
2
0
2
3
2
4
1
0
2
2
4
1
1
0
4
1
1
1
0
2
0
1
2
1
0
0
0
4
3
1
0
1
1
1
1
1
0
0
1
0
1
2
1
0
0
1
1
2
0
1
0
0
0
1
0
0
0
2
2
0
2
0
0
1
1
1
1
0
1
0
0
0
1
0
0
0
1
0
0
0
0
0
1
0
0
0
1
0
1
0
1
0
1
0
0
0
1
0
0
1
0
0
0
0
0
0
0
0
0
0
0
0
0
0
2
0
1
0
0
0
0
0
0
0
0
0
0
0
0
0
0
1
0
0
0
0
0
0
0
0
0
0
0
0
0
0
0
1
0
1
1
0
0
0
0
0
0
0
0
0
0
0
1
1
0
0
0
0
1
0
0
0
0
0
0
0
0
0
0
0
0
0
0
0
0
0
0
1
0
0
1
0
0
0
0
0
0
0
0
0
0
0
0
0
0
0
0
0
0
0
0
1
0
0
0
0
0
0
0
0
0
0
0
0
0
0
0
0
0
0
0
0
0
0
0
0
0
0
0
0
0
0
0
0
0
0
0
0
0
0
0
0
0
0
0
0
0
0
0
0
0
0
0
0
0
0
0
0
0
0
0
0
0
0
0
0
1
0
0
0
0
0
0
0
0
0
0
0
0
0
0
0
0
0
0
0
0
0
0
0
1
0
0
0
0
0
0
0
0
0
0
0
0
0
0
0
0
0
0
0
0
0
0
0
0
0
1
0
0
0
0
0
0
0
0
0
0
0
0
0
0
0
0
0
0
0
0
0
0
0
0
0
0
0
0
0
0
0
0
0
0
0
0
0
0
0
1