index	success_ratio (division)	success_rate (division)	mean_second_ratio (division)	second_ratio_SNR (division)	probe_index (division)	mean_time (division)	order_index (division)
0	0.98375	449.5344719254789	0.29491317238458276	196.63077417195132	0	29.283134232052102	0
1	0.946	392.25036021935836	0.29504933051444643	192.42580409210274	1	28.437410671027145	133
2	0.936	355.85632680993905	0.2917779558404558	195.45053247224698	2	31.885034057964976	144
3	0.956	406.5446890847288	0.2946870641562062	192.7722702880136	3	28.686376118892746	132
4	0.9445	396.8987687523715	0.2934136227280746	192.81712127050062	4	28.89991145971191	252
5	0.9605	398.01098104216305	0.29325871941697007	195.5615700169283	5	29.150141883703135	251
6	0.951	399.3407308649155	0.2933885383806517	195.67117410538484	6	28.979164133696973	253
7	0.956	409.24657534241476	0.293410041841004	195.669517263453	7	29.02707507613646	130
8	0.9355	380.03737406563397	0.3007215392838053	185.39258251790628	8	29.875212971700737	139
9	0.93675	372.96199709355795	0.2991993594875898	186.91601612840475	9	30.50803069538964	138
10	0.9375	393.77106675204044	0.2976533333333331	188.83361226286937	10	28.26980202132937	254
11	0.93675	378.0380762129444	0.29935948759007175	186.02197254419096	11	30.621473532993065	136
12	0.976	437.8203187207162	0.29044142759562824	200.68140397102528	12	28.90894635309939	172
13	0.95025	403.99638624649924	0.29012979040603315	198.89965962529476	13	28.882101595386086	170
14	0.967	418.10340168408555	0.29355825577387096	196.33845929632167	14	27.727023564745988	171
15	0.931	366.5498641678521	0.29381936985320417	191.19184460361427	15	31.000577755773357	120
16	0.934	375.790860718014	0.2969486081370449	187.761373115068	16	30.11040533965695	141
17	0.948	399.95781035756704	0.29749472573839647	190.571174366703	17	29.865712097425504	134
18	0.94325	385.5507868383313	0.30157257708278107	185.96185731306937	18	29.894227315520364	145
19	0.958	404.9455775124268	0.2919276270006957	196.3613959274698	19	29.89790190269985	131
20	0.97475	432.03652198965284	0.29089937590835246	198.79121759827024	20	29.59039251851436	168
21	0.8925	327.83272266454463	0.2877964519140986	194.7081183164032	21	32.98993671947944	166
22	0.95425	421.69340227139554	0.29067767007248246	198.88205885959658	22	28.125185181015837	167
23	0.9645	416.07799575075114	0.29218939001209604	198.18923608401334	23	29.43695987841821	126
24	0.92475	368.8598153208399	0.29980625394250676	185.59976487522445	24	30.954185675182487	239
25	0.964	408.34480567611195	0.2917704011065004	198.73580939194503	25	28.772207983499726	146
26	0.95	398.6236992279658	0.29112719298245576	196.53478463002583	26	28.246801106770857	149
27	0.95475	405.250535877305	0.29378109452736295	194.85770593721355	27	28.690633935292986	127
28	0.93375	367.4155977020506	0.2990361445783129	187.50336123365526	28	30.495757247740965	243
29	0.95425	415.2523933855106	0.2971661863592696	191.69793067591044	29	28.60510058824012	128
30	0.95675	402.4819897986012	0.2911593066806027	197.93676339361258	30	29.532913921933883	129
31	0.8665	311.55896338777154	0.29200326985958797	187.08820186266382	31	32.99841689432463	119
32	0.94975	398.9791846079308	0.2986136702641043	188.2543597100912	32	29.726743194481013	125
33	0.94475	386.7329812927314	0.3045161859398429	182.27241970084498	33	29.815716738472485	124
34	0.94975	394.0053930719863	0.28998859348951456	197.62260950711362	34	29.746706641844188	190
35	0.94825	384.12849518449417	0.3016961068635202	187.37090603595783	35	30.12605828170314	123
36	0.9715	420.64471433830374	0.29607136730142364	193.655502913626	36	29.320462393715662	153
37	0.95825	403.9030969768393	0.2946647534568223	194.6255381349913	37	29.341256033133305	151
38	0.942	401.2822287777233	0.29362615003538545	190.85496232741386	38	29.194111493995493	152
39	0.94125	383.5926276859271	0.30118193891102246	186.2057879422767	39	29.7275953996514	122
40	0.98325	441.75624220780037	0.30539876260700044	187.25175327665582	40	29.20990616259852	180
41	0.9655	431.43607216672086	0.3100638701881582	183.90376074807537	41	30.062904481971778	179
42	0.883	337.2030856182348	0.291039071347678	190.6744813947473	42	31.383076603199335	192
43	0.96375	419.003521585948	0.31072632944228273	182.78115248170036	43	28.848258602869638	177
44	0.9855	435.10414022229156	0.31249788601386785	182.11394006131349	44	29.039646009719036	182
45	0.95375	407.9603054087589	0.3176015727391873	177.50484822734512	45	27.455615477555693	178
46	0.9885	437.50069154759666	0.30919743719440246	185.882954636704	46	29.508017000189696	181
47	0.937	370.82108970744605	0.2961001422981141	190.6999045602437	47	30.74162904243374	121
48	0.98275	427.96642461319516	0.3100780123802257	184.3439015161317	48	29.58542484816205	185
49	0.96875	429.36288088644875	0.31215913978494636	179.98131210345403	49	29.37691764112902	184
50	0.94125	389.38876822836806	0.2969765382912793	190.20072279226562	50	29.084930745766943	193
51	0.97025	423.0249389605903	0.31209310315210853	181.7422921135793	51	28.694291366056866	183
52	0.90725	351.0384120565867	0.29104436483879825	193.73824842467994	52	31.407749369230512	188
53	0.978	437.66711790833625	0.30576005453306065	189.238161512263	53	29.33570768828286	186
54	0.967	436.73644513700134	0.30817390554981006	185.54960653684708	54	30.246215424772696	187
55	0.94125	386.11028499350266	0.29926516157591837	188.47729226722254	55	30.491570385126156	135
56	0.96225	409.71216895175047	0.29470858231575287	193.545847719647	56	29.24779528773708	148
57	0.958	401.1095410059141	0.2915927279053582	197.36452202354164	57	28.889959755023494	147
58	0.944	393.0835614869299	0.2928142655367229	195.01866113230636	58	29.61028837214757	154
59	0.951	388.67091711620753	0.3004775674728355	187.8727552068784	59	30.615392890980992	137
60	0.95175	403.86145441045863	0.29616933718588534	191.1322064808842	60	29.66416372184462	150
61	0.94375	387.86371855992854	0.30030463576158933	185.7259024869552	61	30.5551534043874	142
62	0.9355	374.8522429026733	0.30130500623552436	185.75714006737576	62	30.821558613236007	143
63	0.962	417.7114881514171	0.294789501039501	193.0534708069909	63	29.14847637977521	112
64	0.955	398.4396186661505	0.297264397905759	189.27591916503496	64	29.037833976583926	230
65	0.94575	391.64734139472495	0.301850383293682	184.71203863600738	65	30.466345762940893	227
66	0.93925	398.9550923320106	0.29410877473161184	192.29185992602595	66	29.72037649512575	229
67	0.92675	360.2421698103779	0.29701465695530965	187.07743011310774	67	30.116997666998234	226
68	0.95425	399.39729410166717	0.2976508601868829	191.51295783812154	68	29.33615140394399	237
69	0.933	382.5573528507325	0.2968024294390851	190.0796649078112	69	29.334644679880082	228
70	0.95825	412.1815620530248	0.2966388381598398	193.68633522888635	70	28.59230989515393	231
71	0.94925	403.7214247741063	0.2912869809498723	197.78298042427994	71	29.099290746943854	216
72	0.916	367.2336203181633	0.2987763828238716	185.55879472495894	72	30.581053408160493	225
73	0.9335	372.05316753352173	0.29500981967505785	190.50211287773632	73	31.40103099613908	221
74	0.93975	398.68061005877314	0.29463953179036945	192.73045011978746	74	28.689614612430166	232
75	0.9215	365.2615098003769	0.2964279254838123	187.63133451919927	75	31.20987186525027	220
76	0.9425	390.9206856147824	0.2946949602122012	191.41871102244625	76	28.874953529094817	234
77	0.94725	398.92188964114087	0.29362628661916057	194.47796622594643	77	27.96312743302982	233
78	0.947	393.0683822766041	0.29720168954593434	189.32047103128627	78	28.788055877524428	235
79	0.931	375.2216669353345	0.29479502327246654	191.2474754931788	79	29.890932881170563	208
80	0.956	402.7467666512078	0.2931267433751742	194.56467743936952	80	29.541316595569658	236
81	0.923	371.15972333920683	0.2966549295774643	186.93701996740853	81	30.23550834504222	217
82	0.901	347.64155493397965	0.29955142434332177	184.21401365087763	82	30.8886328300483	218
83	0.9515	407.5993831391018	0.29462690488702026	192.82625098782574	83	28.83369603944195	213
84	0.93325	376.07164804614206	0.2977810518796318	187.84655748669078	84	30.561755008120144	238
85	0.94575	397.12783044119294	0.29286721297030527	193.71299878942364	85	28.87915412082011	214
86	0.94425	396.18604065705256	0.29393257435354325	195.9217925357567	86	29.141745163985966	215
87	0.88825	337.000853646977	0.2895252837977291	193.35554486639728	87	30.92898368864591	209
88	0.9445	397.38721587028914	0.2979221810481737	188.1028900838212	88	28.22691988361896	212
89	0.96325	414.78722373534157	0.29585604291028644	191.94670023551583	89	28.770445310472365	211
90	0.91275	356.518597361502	0.29853921300100406	185.02501021547687	90	31.000586115818724	219
91	0.945	394.09894177141746	0.29676366843033497	192.80089221081369	91	29.250126451188102	210
92	0.9415	372.1343873517615	0.29852186227650895	187.92346653574432	92	30.602251867725478	224
93	0.914	356.5264030425343	0.2985867979576948	186.51759029835358	93	30.473472313633994	222
94	0.93075	362.29345477899733	0.2995030889067954	185.78050367434787	94	31.105837149000575	223
95	0.9625	419.02025445951534	0.2930649350649349	195.97894894677435	95	28.888375456574668	113
96	0.93425	379.7609853258303	0.30276068147355273	185.55566668301176	96	30.728060714644094	160
97	0.94775	389.02001026170984	0.299665875318737	186.39435123053158	97	30.17352192418447	158
98	0.97775	427.03499481358284	0.2877780618767575	204.8411005205153	98	28.149277961332366	169
99	0.94175	385.4615408229248	0.29896911777718777	188.61699003461896	99	30.446292259811077	156
100	0.92925	379.14643600305226	0.2993318984844405	187.1306342858589	100	30.066873258984632	163
101	0.928	377.1552819012256	0.3001616379310342	187.13324325291865	101	30.278038225346194	162
102	0.95025	391.7102930871449	0.2926335174953957	195.51115046292182	102	30.395215880004177	189
103	0.932	379.9042087027322	0.30197156652360496	183.4896227832239	103	29.77058033868137	155
104	0.94475	391.2251278547925	0.29982799682455663	187.35403762140618	104	30.12950535206311	161
105	0.94475	371.8609777217588	0.29408573696745155	192.18035042829874	105	30.96048792118727	159
106	0.945	389.77510595072977	0.2937301587301586	192.4488168753223	106	29.505414083167988	191
107	0.9475	396.2487061799794	0.30142919964819687	185.27885444481322	107	29.93756194343668	157
108	0.95975	411.6934229857836	0.3152079534601026	179.28853881011716	108	27.81775919225381	176
109	0.94275	389.0757516353562	0.30299213294440025	183.43100759807774	109	29.865537365751774	164
110	0.95425	390.55785208524054	0.3052353506243996	183.95796405227316	110	29.844434591547678	165
111	0.956	398.5492141576378	0.30140341701534173	188.2471955821375	111	29.46077382022531	114
112	0.948	377.62154195460164	0.29798699015471164	190.28501348945568	112	31.010943457580645	199
113	0.96225	406.44997782428925	0.3058240235559019	183.43993616316754	113	29.736873366052862	197
114	0.94875	391.92803808777614	0.3007773386034252	188.295787913135	114	30.10189347620223	198
115	0.944	391.22236266812035	0.29167549435028234	196.38757431696615	115	28.896520392638813	194
116	0.95775	398.09215038342495	0.3009788566953797	186.0026908744888	116	29.82447794309578	200
117	0.93825	387.9751480880156	0.2925437427835505	193.4392987626046	117	29.435351042082996	195
118	0.96325	409.8064241650611	0.296301583181936	193.2192004440067	118	28.633362987580036	196
119	0.957	395.5321809033107	0.30245559038662484	186.03498371118968	119	30.169579550896906	115
120	0.9745	448.0253781435504	0.29533093894304746	196.2449836237089	120	27.625632435704215	174
121	0.94375	431.51734071007974	0.2976644591611474	188.62984610168084	121	27.50246574917218	173
122	0.985	445.34367193765723	0.29743231810490733	193.83416924031508	122	26.833127825586907	175
123	0.95175	389.5824805567297	0.29977672708169134	187.9550420912515	123	30.234921998128442	116
124	0.93925	375.9255553332437	0.2985405021737199	189.72854502028687	124	30.458759430313417	140
125	0.934	375.68127425936717	0.2991211634546749	188.18923990489878	125	30.10303452333156	117
126	0.92175	357.88124981802446	0.29731036976765207	188.2391969515967	126	30.82323572475928	118
127	0.9845	445.8130030679242	0.29208566108007433	201.40341557127388	127	28.257202061642968	2
128	0.99175	450.0385714933921	0.2928661457020419	199.69407157220138	128	27.177755299580934	24
129	0.97125	447.45692435272883	0.29250536250536235	199.36752866270112	129	26.950111104407974	23
130	0.97975	438.2884494944931	0.29284256187803004	197.28315060959892	130	27.308531951709618	25
131	0.98025	438.7820190016276	0.2925784238714611	198.47947796950362	131	27.155900121142558	22
132	0.9245	369.6373595617963	0.29817018208040375	186.11649121792257	132	30.99530468327476	241
133	0.93175	376.2518171539296	0.29778195152490783	187.4966453549751	133	30.732962639606246	240
134	0.932	369.6982318348573	0.3022889842632329	183.55321522607485	134	30.495739431749588	242
135	0.97975	427.07845209946856	0.30660882878285267	185.82270083659662	135	29.710238830457378	21
136	0.94625	384.3537069570108	0.3008938793483046	187.45070562082307	136	29.25853119151805	205
137	0.94275	388.63868248289543	0.30224520463183935	185.44188563963795	137	30.281831794036734	202
138	0.94075	385.4427008645594	0.30006643635397273	185.3724969947487	138	29.855002207624693	206
139	0.932	381.8185542514622	0.29869009298998545	187.0521878611058	139	30.13258425121826	201
140	0.9415	383.1869842593976	0.30696140909895553	181.91070773186362	140	29.4096987056614	207
141	0.93475	378.33407536328235	0.2981100115895514	189.69418080184153	141	30.40440725085252	203
142	0.93225	375.5362645773399	0.29726915169393014	187.54451693332766	142	31.319522241217502	204
143	0.979	433.68477008949094	0.29445437521280227	193.92379930010466	143	28.00364270780133	5
144	0.97725	420.91548309988883	0.3068346550694978	183.6809298067497	144	29.195640119355968	18
145	0.971	429.0622272792845	0.3031325094404393	188.30218427519696	145	28.123869963311027	15
146	0.98475	434.0591528188651	0.3084031480071085	184.80237475410277	146	28.722810787689344	19
147	0.96375	422.22976747249606	0.3048854301772587	185.58044293954842	147	28.50447737651319	13
148	0.9695	416.43400197590984	0.30853102974041596	182.19207810039867	148	30.13087443390602	16
149	0.97625	431.27726544819734	0.3094793000426802	182.63373318999768	149	28.318884693101783	14
150	0.9735	420.54106593228045	0.3092877931860983	186.49401868295084	150	28.31583917164228	17
151	0.98625	454.57688053103243	0.29832699619771863	193.34777040261935	151	27.082603325015853	6
152	0.97525	431.80837050726365	0.30452020849354877	184.82703854608818	152	28.871837966894184	11
153	0.9665	437.37484585538516	0.3075487152957404	184.21523192785799	153	28.577243011995595	10
154	0.98025	434.4983488841195	0.3019297798180737	189.15631518254608	154	30.196226947047933	12
155	0.976	447.3011835607719	0.29491974043715846	195.38769591621653	155	27.287053042552518	7
156	0.9775	428.15531854317635	0.3056308610400679	184.13692517633444	156	28.738243733634768	20
157	0.98275	444.0603678098715	0.2931272788942592	198.10881329296384	157	27.819758062913372	8
158	0.97475	435.92983083826476	0.2969949559716166	192.0765747536048	158	27.675254923137338	9
159	0.965	433.8248516453759	0.2962651122625214	194.06171823522064	159	28.12677739434909	4
160	0.9795	430.8903748020252	0.3115067211162156	182.39336170703882	160	29.313267441535853	37
161	0.97075	431.386926187591	0.29294360030903926	198.5868661691734	161	28.009751943568126	29
162	0.9915	457.5661082652281	0.3002941670869053	193.00719687299878	162	27.532816472568907	30
163	0.98975	459.5152978317868	0.29464932221941575	197.82033292332596	163	27.815258696561642	28
164	0.97725	403.247436505847	0.30781103436513985	186.66816092013616	164	30.664385622521753	35
165	0.973	409.5204023653501	0.3133607399794453	181.72189790717186	165	28.76152852271753	34
166	0.9775	426.46016251296277	0.30743393009377656	185.5975060618137	166	28.70500669357416	36
167	0.98125	444.60302896429727	0.29077282377919306	201.23680225198834	167	27.657495421974524	27
168	0.95225	389.8749206739116	0.30017064846416364	188.2694999739442	168	30.102512689244758	95
169	0.94375	391.4959813326467	0.2932450331125825	194.71766576449022	169	29.727824089403974	93
170	0.9425	385.01996588948884	0.3013129973474801	184.873923656617	170	29.857472904923746	94
171	0.983	442.60339044104836	0.2974143777551712	193.58352831635162	171	28.699183366580844	31
172	0.9485	399.55347740005504	0.29719293621507614	189.75496246885774	172	29.185756498748027	110
173	0.98175	423.7846004424673	0.3087259146082675	183.515540326949	173	28.616451227744886	32
174	0.97575	419.61876296857054	0.31417285848492593	182.01197791471017	174	28.924519199974366	33
175	0.97225	438.557912423705	0.29811862518213755	193.54901869412197	175	27.79453416286321	26
176	0.9655	406.59051429174275	0.29323321249784207	197.44760072068175	176	29.028237575252465	45
177	0.95325	385.8608755489486	0.29624967217414105	191.4922934000434	177	30.491692961032438	43
178	0.971	416.96636571516956	0.2964769996567111	195.23781267389197	178	28.730987823308222	44
179	0.98375	436.1899061110763	0.31246082168572653	183.13270288309474	179	28.716753962266285	39
180	0.9575	387.6361280919792	0.30007397737162744	188.38116967077974	180	30.992171844402737	41
181	0.92675	363.7451919303173	0.2979812966459848	188.483790564607	181	31.386966732420625	40
182	0.9435	375.0596279218107	0.2994523935700407	186.32783749550782	182	30.175510031926628	42
183	0.9635	406.62587043683845	0.3083506313786539	185.42463828026607	183	29.571108067704078	38
184	0.94575	392.2890266917966	0.295206626134461	190.67803652046624	184	29.35404683576196	52
185	0.9675	404.02985853736647	0.2942807924203271	196.28751771964002	185	28.48313558152992	48
186	0.95	373.4313426822125	0.2925701754385963	194.78504279214658	186	29.459159573739047	49
187	0.954	401.5067023000599	0.2966020265548565	191.2681212103475	187	28.970566877129194	46
188	0.95925	398.91460295677945	0.2934801494222915	194.65070589261893	188	28.99547014472571	50
189	0.96275	409.7418764496647	0.2905479096338612	200.18890995229611	189	28.85325995885809	47
190	0.96325	407.42738106563075	0.2921619517259277	197.32541341668863	190	28.89293269178778	51
191	0.9685	432.57849836968006	0.2984942350714162	192.20227997473518	191	27.768618262374158	3
192	0.95175	384.08765310035227	0.3027493214254439	187.00501820082573	192	30.314965339341995	58
193	0.9435	385.13348028412497	0.29723988694576925	188.13075525609324	193	30.294609464703683	57
194	0.961	410.0091729419178	0.2945933055844603	194.51644711801345	194	28.101524799200053	64
195	0.953	381.15426148866527	0.3014690451206713	187.035854622043	195	30.404234906002515	56
196	0.95125	385.17993622518077	0.2936224266316248	194.7107296829948	196	30.479819214027597	73
197	0.948	392.36786556849137	0.30391174402250337	184.09337821821714	197	29.914826134790342	60
198	0.94775	389.9684198615673	0.2929921744482546	194.89094778362357	198	29.18184436961443	65
199	0.939	372.7040892267167	0.3000754348597795	187.8124823119555	199	30.282157592990092	55
200	0.95225	389.2772463412853	0.29981184912925496	186.42197457529682	200	30.00635321975912	78
201	0.9355	380.0103583796613	0.3031623017993938	182.75440993524646	201	30.156038559343266	61
202	0.9515	385.0278199291766	0.30011385531616736	187.9021477795552	202	29.882517119351032	62
203	0.9525	387.9916087904334	0.30581802274715664	182.61254799440133	203	29.732329669728788	59
204	0.9395	377.6580777424736	0.300514458045059	186.33479868784113	204	29.751160423734927	98
205	0.94425	384.13815548589804	0.3007325037507722	187.42699897687055	205	30.476975619291107	96
206	0.94325	388.69257950533205	0.30059192508172056	187.1915542455597	206	30.298878010010817	97
207	0.95425	389.5017194404068	0.30077285826565325	187.95031838064503	207	29.95804873073312	54
208	0.95025	404.3444959788785	0.29406296588617026	192.02425674969749	208	29.17856197382267	255
209	0.95425	394.28559623170975	0.298131167583617	191.34672066117827	209	29.750554622003527	84
210	0.947	392.86862547836085	0.2920406546990494	195.55420187314402	210	28.678080107686554	85
211	0.943	385.2084843904561	0.29875397667020126	189.43847424023312	211	30.410450565018586	81
212	0.95325	394.58570053707695	0.29075531077891426	200.0376100132092	212	29.1222050284389	88
213	0.957	406.66298389499826	0.292132532218739	195.03472025016038	213	28.864476544132057	86
214	0.95225	396.75430190411043	0.2923689507307252	195.60456237952826	214	29.37711909020302	87
215	0.934	375.14559987145554	0.29631513204853654	190.31187083607844	215	30.261365573836777	79
216	0.944	387.29396801951674	0.3016905014124292	185.37119193890507	216	30.182409978317008	83
217	0.948	388.88717964491775	0.3020042194092825	186.09383991351007	217	29.86878751632507	82
218	0.954	408.32049306631274	0.29574161425576506	193.587437134299	218	28.53568163857768	92
219	0.9505	392.41995747574066	0.3010652288269331	187.34977271623254	219	29.581682526603327	80
220	0.9595	409.9288659132953	0.2927479590064268	196.92813824333868	220	27.918532448948017	90
221	0.96125	411.94368852984684	0.29399653229302103	195.096895880339	221	28.95724540799741	89
222	0.956	410.65292096220446	0.2952231520223149	192.25750022376724	222	28.08533673359594	91
223	0.95625	394.867242020088	0.29887581699346405	189.98677588923474	223	30.27437448937907	53
224	0.9195	355.9504108236989	0.29861790828348705	185.93293956731645	224	31.686458935166286	246
225	0.888	335.63261835022854	0.2973536036036031	183.50774833380072	225	31.13999518317146	244
226	0.88	313.88774946050023	0.2887878787878783	193.4768357186376	226	33.01614503802677	245
227	0.9565	401.89919956301407	0.2929473775919149	196.05588917417884	227	29.461539943261023	106
228	0.93325	383.59176711159245	0.2937762300205373	192.0463390380582	228	29.835996622187253	108
229	0.95025	401.7206028450831	0.2934315531000613	193.24524656421434	229	29.10319719522822	107
230	0.9595	406.24503836992915	0.29114556192461355	198.40727845877905	230	28.974583930432516	111
231	0.9515	384.70091171895905	0.3023252758801892	185.27843840372623	231	29.725919153439584	99
232	0.95875	413.0985081057221	0.29005215123859185	199.67751135372103	232	28.973509004237304	109
233	0.95625	398.0063264796654	0.3042919389978213	183.64730823056564	233	29.872324482570793	102
234	0.942	389.936976746603	0.30170293701344647	187.24038609625723	234	29.93069538783284	103
235	0.92875	368.9029234191754	0.30060116644235035	183.34288199852188	235	30.78364146968934	100
236	0.9455	383.39111570670536	0.30363123567777184	186.42830332252856	236	29.98932362244953	104
237	0.94625	385.0849526910255	0.30312197269925145	184.20115352914976	237	30.41234445522347	101
238	0.948	403.9242003003957	0.29593002812939506	189.74685329316904	238	28.39391064865177	105
239	0.95775	393.2901477276688	0.30650830940572543	184.4839025267536	239	29.820456881362578	63
240	0.94625	393.89745137423347	0.2950902686041388	192.53484198827655	240	29.312143687684777	249
241	0.9445	386.29066890250584	0.30222339862360986	186.154485130592	241	30.36117189567892	247
242	0.94625	385.6656681135973	0.29796125055041783	190.03734810303604	242	28.814366036044525	248
243	0.958	400.42634119838533	0.2952635699373692	192.18675857197093	243	29.281060514934527	71
244	0.93975	377.3906932383221	0.30052318879134493	186.8612918826186	244	30.190475965322122	74
245	0.953	410.899840469171	0.29752973067506105	189.1158056791028	245	28.83263469321113	72
246	0.9485	395.0848693116351	0.29512827271129843	192.30877777597027	246	28.830139539816148	250
247	0.95275	398.2485840282461	0.2912052829528556	196.0967534466787	247	29.63155544804513	66
248	0.92425	367.22855184605294	0.2915111351546295	192.98290928409597	248	30.288475271938648	69
249	0.962	405.24458954245455	0.2940358627858625	194.85782194464628	249	28.409324327708106	68
250	0.938	385.2828522431706	0.29098702914001395	196.97036894351123	250	29.474433947727885	70
251	0.96925	415.5546266224932	0.2966984782047973	192.82687228351392	251	28.52568126800146	67
252	0.9475	378.421015845719	0.29530343007915544	190.10275365695588	252	30.93065143675792	76
253	0.953	387.10332571719624	0.2999912556838055	186.64490169821613	253	30.162970502278995	75
254	0.9535	382.72422582130514	0.3018047544135639	186.65393862958217	254	30.051456906299165	77
255	0.96575	438.5536697507589	0.29187591681767183	197.71382595863315	255	28.996905993156247	1