index	success_ratio (division)	success_rate (division)	mean_second_ratio (division)	second_ratio_SNR (division)	probe_index (division)	mean_time (division)	mean_total_iterations (division)	total_iterations_SNR (division)	order_index (division)	success_ratio (sequential)	success_rate (sequential)	mean_second_ratio (sequential)	second_ratio_SNR (sequential)	probe_index (sequential)	mean_time (sequential)	mean_total_iterations (sequential)	total_iterations_SNR (sequential)	order_index (sequential)
0	0	0			48				0	0	0			48				
312	0	0			48				39	0	0			48				
468	0	0			48				70	0	0			48				
625	0	0			48				24	0	0			48				
937	0	0			48				40	0	0			48				
1093	0	0			48				71	0	0			48				
1250	0	0			48				17	0	0			48				
1562	0	0			48				41	0	0			48				
1718	0	0			48				72	0	0			48				
1875	0	0			48				25	0	0			48				
2187	0	0			48				42	0	0			48				
2343	0	0			48				73	0	0			48				
2500	0	0			48				4	0	0			48				
2812	0	0			48				43	0	0			48				
2968	0	0			48				74	0	0			48				
3125	0	0			48				26	0	0			48				
3437	0	0			48				44	0	0			48				
3593	0	0			48				75	0	0			48				
3750	0	0			48				5	0	0			48				
3828	0	0			48				9	0	0			48				
3906	0.97	11.96718277711908	0.29079478940233183	19.188107931892958	48	12.174656239214443	174.28865979381445	12.977035204363913	8	0.9	9.073037955525503	0.4511000462807321	24.520150434913905	48	14.580934017562962	211.7111111111111	9.093164627755613	
3984	0.91	11.810359372420717	0.3530051876871874	19.020561597323486	48	11.853137963051775	146.74725274725276	10.806049712188349	12	0.94	9.61902520388136	0.36575972134485846	25.614311680815543	48	13.619121807985962	181.3404255319149	10.370847363432095	
4062	0.98	16.155088852985713	0.26027389180694455	22.10620033739597	48	11.745064849470408	130.0612244897959	26.85691713219166	7	0.97	11.036774076121645	0.38373356610918763	20.024641415977232	48	14.110554611987173	186.02061855670104	10.253018257301784	
4140	0.96	14.514226966200273	0.4138410620218503	28.519074354894098	48	16.88264162630153	118	27.817833111276794	11	0.98	11.148398839652904	0.37081512010621276	24.81282365867461	48	18.26571694563371	151.0204081632653	20.704284844566814	
4218	1	15.033750770507723	0.22765066869609207	27.916586042626356	48	22.514188891294566	119.96	27.402885371722036	10	1	12.041084179236512	0.27026540240617747	34.68899716646179	48	25.36285826274528	145.11	18.450379497722576	
4375	1	14.950588305652534	0.19350098853445286	25.347243369663392	48	31.452432881812193	102.75	347.5281340885592	6	1	13.849264604048454	0.14813738721264316	27.434896068053988	48	35.93450638596345	107.49	73.3165487198777	
4687	1	14.490653528447734	0.12879396276304933	30.985116930416787	48	32.386263288234815	103.45	211.684068327598	45	1	14.680192016847556	0.13799392718195624	41.08242579882958	48	35.94367636503473	102.77	287.11565608178176	
4843	1	14.297765259267889	0.13471429656642975	30.994174359007605	48	33.56496875312174	103.53	172.83065717396133	76	1	14.526438117331368	0.15058665900856213	26.98557192878825	48	33.30382579622349	104.19	122.36783389736006	
5000	1	15.03736785906655	0.20687015607165665	30.091234671751796	48	31.69485975929751	103.48	238.50535655851368	3	1	14.358532557968736	0.15743155375009626	26.689602112300435	48	34.13456352656818	102.49	330.41757849746773	
5312	1	14.397811532583328	0.16511577646637576	27.24424951441032	48	32.081548065562146	104.48	173.97069826158204	46	1	14.23507807936571	0.13464162698152682	29.23616259513647	48	35.268883259257805	103.04	154.45649634879945	
5468	1	14.397396950668584	0.14402909328402783	32.662399849311214	48	32.85221850816658	102.65	373.38624765683426	77	1	14.100593634993144	0.1308511837591525	34.513929879539276	48	33.27816040936149	103.62	165.51027955100946	
5625	1	14.721903247681931	0.14742810844388918	31.143347651497518	48	32.97692707661002	103.12	254.38391365322073	27	1	14.524750174297395	0.14455435913957007	25.357899149763885	48	33.76640908046355	103.25	137.62064947432387	
5937	1	14.742521855787437	0.15316273306304853	26.506329267623432	48	31.005454567241898	102.59	364.08048545565464	47	1	14.797277301036777	0.14202346670791488	30.806057043564948	48	33.94503372777338	102.66	274.9420529621646	
6093	1	14.81174274963374	0.16911697921290472	31.375217236546874	48	32.48951031223819	101.87	973.5570438594618	78	1	14.13527457761656	0.17383481299507864	24.23630153344692	48	33.726308965474246	106.13	83.78111487449343	
6250	1	14.356677290635886	0.13744877224598084	33.99643770453563	48	32.84960779446407	103.18	291.16826027830166	18	1	14.77061238952831	0.16617758770452767	23.855982280688192	48	32.620125549226934	102.14	725.9144059004315	
6562	1	14.863478945886394	0.17282436158785217	25.98648353261795	48	33.333676536150776	102.1	959.3994105266685	48	1	14.044352063913426	0.14014201864987264	29.471431213513206	48	33.43364591267606	104.53	133.7664904869785	
6718	1	13.641820364552077	0.1433175309117983	24.15201711733376	48	34.398086331792335	104.94	128.21467071126932	79	1	14.287959536605253	0.137375770834439	29.441705457133715	48	32.6582083954241	103.97	140.47536740360516	
6875	1	14.001680201638802	0.16874306796595243	28.94880381809565	48	32.196700307573195	102.94	289.68245337499405	28	1	14.6376450955738	0.15594837477845253	24.160103453994548	48	32.60575505375132	102.86	305.3665834344094	
7187	1	14.897579143337525	0.1596924088312904	24.526651147450924	48	31.757330126556273	102.06	608.5827495158344	49	1	14.550957453015394	0.16024880496563554	25.173671743149892	48	30.895666937658305	103.19	267.78306848985045	
7343	1	14.55667641967993	0.1511878447903877	21.68757950443585	48	31.95119890414099	102.19	683.022766280493	80	1	14.363894913755571	0.1627040559050987	32.24923381960234	48	31.782503149236046	106.09	152.48552070954682	
7500	1	13.74532658900779	0.14134406939551736	28.429264928212106	48	32.79507134980864	103.79	184.05637746064923	14	1	15.185567636582253	0.1968251124598176	31.928799223338917	48	31.49506176509083	102.72	148.99888018733256	
7812	1	14.41420664217749	0.1573022744404211	24.577931609635403	48	31.708061028403282	102.85	237.84163218066575	50	1	14.067863372858577	0.1524936594325463	31.229653054867736	48	33.97401748645281	103.75	202.97367231210012	
7968	1	14.274498608178506	0.16062162041139655	24.894817801891975	48	31.590459950020787	103.03	303.8465279562259	81	1	14.287959536486424	0.1521665966363573	24.948660680978787	48	33.28775584910494	104.43	124.74674003209981	
8125	1	13.475999245321887	0.14517477744918975	28.76150132379174	48	31.17890747082967	103.22	234.36335971321873	29	1	14.036663765716337	0.1401751847694982	30.468451181074258	48	34.37621293496017	102.26	346.58150196401795	
8437	1	14.282653717034032	0.16328488228913096	26.488465633112945	48	33.65109112183198	102.07	706.603907935259	51	1	13.793293700611803	0.1331017993452514	33.40765489612994	48	33.718639210932366	103.84	150.44143744983944	
8593	1	13.821891111066387	0.16344180724637866	20.186937054989745	48	32.14287397186204	104.29	149.4203743040031	82	1	13.65709759362861	0.140043218199604	34.49015785333679	48	34.494671970813485	104.23	128.16904083477593	
8750	1	13.525576865851797	0.15172012919817016	36.24092273682641	48	32.03782483862674	102.53	337.05754765654996	19	1	14.251104460610827	0.13678541920439893	38.310405518284874	48	31.79092912382664	102.99	226.57855945392438	
9062	1	13.17366847144163	0.15303152954211324	29.358725208020218	48	32.572248136430645	103.94	215.04745404029862	52	1	14.46236170375971	0.14409524414463143	28.6937951289632	48	34.99681387400449	102.13	516.4323648950692	
9218	1	12.776940178318041	0.1705359637351638	28.186498391478512	48	32.09019754307505	103.47	215.43090522070796	83	1	13.896995469605017	0.13837385151422044	28.077487451218477	48	34.750011937426606	103.42	184.71564335732074	
9375	1	12.513295376331525	0.14389169733048537	29.51620131904815	48	31.62800550847197	104.6	136.39702348389855	30	1	14.080937227173902	0.1336760631647728	40.99451688933045	48	33.576731970839894	102.29	323.7188481786074	
9687	1	12.51392173795737	0.15230204814823434	30.932370632908732	48	31.68662714539315	102.81	346.39135657307855	53	1	13.872126735716344	0.13373746719619045	39.07897896494362	48	33.72133904261383	102.56	362.9377867570901	
9843	1	11.551479166904961	0.17266912790789266	33.78342460808179	48	30.853770463439837	104.1	194.58953995223774	84	1	13.458044546097085	0.12451411248173262	39.48245708731053	48	33.467482938579096	102.93	211.90214730970646	
10000	1	13.46221157217918	0.15233927627887445	32.35771666125897	48	30.42713041290554	103.6	230.96251217112606	2	1	13.895643715768859	0.13297492577031927	31.55657180605788	48	32.25037566693279	103.09	145.20444396653636	
10312	1	11.592052488789767	0.15684515402408997	28.89148930733488	48	30.702258919129903	103.95	213.25452459647735	54	1	12.6004888989749	0.1261594221394127	41.9680514629734	48	31.84809934966766	104.79	121.81716034760142	
10468	1	11.452654725366438	0.1645307425088126	31.097233615590515	48	30.536165281516737	103.32	185.2195224348731	85	1	12.050660978719792	0.12825892635535613	39.17162126358989	48	32.85563007568191	104.81	134.32155303236095	
10625	1	12.635994895082005	0.16138528965930893	31.523086756668842	48	30.47576088947619	103.61	224.27343099651756	31	1	11.623717032222375	0.14788120004883754	27.861612960475995	48	33.27581517614996	102.15	846.4192016703173	
10937	1	11.772323268036306	0.16737456725467872	21.800225843597193	48	31.282871425330864	102.96	280.3588588302879	55	1	10.134895458530004	0.13529758540490905	39.08547737726482	48	31.43924037373728	103.06	274.0943774032764	
11093	1	11.415134184871642	0.16624157860351388	26.171288391769146	48	30.77112609682207	102.53	370.41810702423123	86	1	11.042524762818173	0.14274814217344695	30.924217764890397	48	32.60635580946965	102.37	312.566550712	
11250	1	12.903891813802668	0.14376189143625506	34.72558340130993	48	30.529759246339207	103.27	239.53542497309493	20	1	10.246321570566339	0.143779593608409	29.434365497109162	48	32.01659946455604	103.94	169.0843935344878	
11562	1	11.766090128316138	0.1695384758736698	30.26436266051258	48	31.48563370214554	102.95	295.85705189658944	56	1	9.218374063188355	0.14618057336287588	30.456367573404318	48	31.59026200579983	105.44	109.07496884430054	
11718	1	11.269383339354198	0.16772884415458444	23.68460363600756	48	30.973271225147023	102.95	301.2355472859715	87	1	9.43796894908589	0.1477568569379362	30.656445467805785	48	31.19445541185012	104.61	113.63651949110037	
11875	1	12.365983652192114	0.16137691578189536	29.635571352249123	48	31.279867868468255	104.42	197.47634189853346	32	1	9.41743732696607	0.15886767499031249	28.67332710727445	48	31.068521694444815	104.09	171.36360215748851	
12187	1	11.265955409343997	0.13436379659799647	28.827367444607273	48	32.43336322008293	102.83	302.2925474647925	57	1	9.186532543312754	0.14733873618087098	31.869180668171417	48	30.921490189626823	104.46	134.0139992511389	
12343	1	10.788883134794792	0.1518248547560148	31.227764423683755	48	31.591722438703037	103.17	282.40117039723066	88	1	9.142272037418957	0.18262852173367444	24.915687685219698	48	30.541875457844164	102.95	331.94281680386604	
12500	1	13.405364826991718	0.13181903221732788	41.98430259513108	48	32.30758715070203	102.92	259.02357262749166	15	1	9.098353198087725	0.1627109987701564	27.58083498968388	48	30.470455076776386	102.36	582.1239842653629	
12812	1	11.240501776038819	0.16827677746374356	26.391934881732727	48	31.17414585839579	103.48	282.29638872316457	58	1	9.035219284756607	0.1737921771604118	22.03370781062485	48	30.735714415865296	102.3	593.6962883356314	
12968	1	10.65757220501678	0.15462048482939383	27.937126564454985	48	31.24750758845535	104.76	128.87515985984552	89	1	8.96426842601603	0.1621180600538855	23.858955546570225	48	31.501960918269337	103.12	302.81815928496013	
13125	1	12.701799845011147	0.14456370859925674	32.29030777027538	48	30.954870797184434	103.55	264.6251528091205	33	1	8.835873647003213	0.14524918902131226	28.215799525531803	48	31.50117818266764	102.52	376.9526230207376	
13437	1	11.191816543740181	0.15377858181554335	32.2571391408491	48	30.71575840364705	104.24	213.23274639908098	59	1	8.83220575506912	0.14610087598291072	24.79728730347254	48	31.020538219884642	103.45	202.38676048854708	
13593	1	10.928484000718443	0.14483245256147095	39.207032617642675	48	31.147694718885596	103.52	254.23662843401726	90	1	8.858886792327269	0.13728902203802115	38.745857347250556	48	30.815488166012674	103.54	220.51190946855706	
13750	1	13.209865127256572	0.13795336560497848	31.897239457072338	48	31.394958701662173	102.9	270.43280427475327	21	1	8.862812524926222	0.15164967629705464	37.60601979624441	48	31.023588125523194	103.64	269.9122928463884	
14062	1	11.230655196436846	0.14886929899703863	31.605246303405576	48	31.658372566624138	102.69	355.589303404804	60	1	8.863283846687139	0.146284652846328	39.829465297370696	48	31.64047860424553	103.39	335.3163323768532	
14218	1	10.716046207608038	0.12850408261108387	45.63687656698138	48	31.585887866790895	103.48	278.10454833650164	91	1	8.749901563615467	0.14357676335012826	37.28537050657875	48	31.101092594483543	103.63	206.29153909056578	
14375	1	12.485017978440988	0.1376022336442667	37.14812482975176	48	30.99148851034993	103.64	203.62346691294607	34	1	8.72143729285453	0.1547954404197017	26.999692655106085	48	30.84815780018776	103.81	192.80085779674602	
14687	1	11.099025505560842	0.1505261130675608	31.30042625679831	48	30.807060046896527	102.9	361.29920423539835	61	1	8.701099819011624	0.1572641484628114	24.349696911226083	48	30.524147823288246	102.86	334.6315163874238	
14843	1	10.350145419546438	0.1388881260743918	35.949117978838224	48	31.696054751121288	103.23	283.6954015354319	92	1	8.68960722977396	0.14533259423204517	30.961582730434987	48	31.919316762134518	102.59	327.4234685838003	
15000	1	13.288859948655496	0.13465409129719355	37.439509342915926	48	32.27284558225148	102.52	424.7573965534582	13	1	8.58354363012812	0.167386442935629	28.75121077423151	48	30.05949386832183	104.18	115.9752585517664	
15312	1	11.144917360457784	0.14656299447669904	34.06492931590302	48	30.467966016102746	102.72	477.1838806573158	62	1	8.811581943327107	0.16836412072888404	28.255959254998746	48	30.041200284888856	102.38	444.6645071869174	
15468	1	10.007505629228913	0.13271395095265082	38.73440024226031	48	31.750963999539355	103.82	283.0305636193251	93	1	8.560031500887126	0.17561452175978992	30.966423875627118	48	29.423853949296987	103.21	292.22445210289186	
15625	1	12.399102304982236	0.13261565714033066	35.59919113291069	48	31.223967551251626	103.81	217.4663684111913	35	1	8.61645570709858	0.15852771044877043	25.550453765156377	48	29.91968479800208	102.51	431.56159468562333	
15937	1	11.024750565051859	0.1474424389279665	34.81600504836957	48	30.29143280353826	103.62	239.70009569385917	63	1	8.365330723327924	0.15477379102672895	29.8506611994575	48	29.978940525968884	105.05	127.52517840682431	
16093	1	9.865922118416782	0.1271802561121452	50.487892221496594	48	32.617891814701444	104.62	217.21844498258895	94	1	8.529657619559211	0.16317366519323948	24.80536046196009	48	30.441583544973874	103.26	236.57412593151508	
16250	1	12.903392301844061	0.13428382879605	37.81895170205334	48	31.567204537122215	102.15	461.2261465237302	22	1	8.53053076959731	0.1568180632900964	25.943652903090292	48	30.02034430679321	103.62	194.78701390084063	
16562	1	11.479606479146844	0.15556938583861576	26.711031179145124	48	31.97988066784478	103.67	216.84710112414373	64	1	8.575299706737487	0.14205287733878624	40.069655825832164	48	31.307601595581033	103.66	233.81300065822325	
16718	1	10.816891658029716	0.16093425743641876	26.517820046444715	48	30.77300760561445	103.26	244.5631578947375	95	1	8.39863270260147	0.13643408932765863	40.93645997400858	48	31.106822799862595	106.4	95.60211036251272	
16875	1	12.342631449093034	0.1430499450573268	30.577214962904534	48	31.116299464566637	102.97	295.64559826362216	36	1	8.6319260416456	0.13767226958129788	39.28917765597182	48	29.92274952259425	103.88	213.48665599209784	
17187	1	11.01042687423885	0.12789069743669154	41.149721980571826	48	32.44887619769243	105.47	175.1749642064346	65	1	8.518613169774946	0.13000823741426099	44.01266765145371	48	31.76978188975847	104.88	109.04521253985978	
17343	1	10.843517203292496	0.15442322575555462	28.65300316712778	48	30.856811440466082	103.57	263.12392733196765	96	1	8.666187137649178	0.1467957307559564	30.830946524067517	48	30.62772496880266	103.38	278.59647917746565	
17500	1	12.545005206123957	0.12784582523115887	46.46107703254058	48	31.22873791247261	104.56	199.85709533278506	16	1	8.223616582114586	0.14234618439319002	32.69649210914777	48	30.58079278341937	107.02	99.69583579627793	
17812	1	11.801498790315891	0.13383330808765095	40.64281945814895	48	32.22507587834007	103	338.0272584755961	66	1	8.286651861175548	0.14301449034951955	28.92387398618454	48	30.726032833432345	104.31	122.3023927316399	
17968	1	11.07027409998021	0.13968496258175264	40.90764234696955	48	30.77444248263979	102.6	402.13531690644663	97	1	8.407529783691308	0.13277339989916995	39.92034203069433	48	31.54758687775554	103.84	177.2588925551884	
18125	1	12.341260536354163	0.14902214990773768	31.542797434498766	48	30.02655703142818	103.21	224.98342231773933	37	1	8.605333585778384	0.14430067140976013	32.69074120126931	48	30.889634016382402	103.4	242.358529257866	
18437	1	11.438637429530965	0.12531043421443733	46.23038230626126	48	31.680499478440723	103.9	204.05554915967647	67	1	8.296414289761024	0.17298826043366286	23.456293261329254	48	29.72496483961147	103.17	230.11418318839557	
18593	1	10.603554311370313	0.1338884147295368	37.13970405566889	48	30.72094712115237	103.11	354.7936951587129	98	1	8.315247669639865	0.21821388586132504	25.425986134449165	48	29.689607659097806	103.2	302.5955007144547	
18750	1	11.909298780422684	0.13150045156342302	34.586842923990176	48	30.746155453963947	105.41	119.45172375138833	23	1	8.449442759273232	0.16208593104665656	34.29548134303601	48	29.68077898406995	102.89	339.95464530434896	
19062	1	11.646053152612987	0.1379345302310566	26.001809523088053	48	32.62601350025525	103.97	230.4525854781696	68	1	8.425806560352296	0.1701490654037294	28.144731492984196	48	29.29736572609486	103.58	250.75304501404923	
19218	1	10.696216748145135	0.1501264670425073	38.63566019737148	48	31.351404584066177	103.22	278.0005527464619	99	1	8.584354156086514	0.15666949472105268	34.47972586207065	48	30.230298142814245	102.2	520.4034780821512	
19375	1	11.909582450070213	0.1457374594863417	26.372111988506585	48	29.673831551801637	103.89	233.28363246609624	38	1	8.508900309725725	0.16639239680722442	28.285043839730047	48	29.6212663772123	102.84	233.72934214754704	
19687	1	10.961907371885506	0.11990422844564545	60.86043482430505	48	32.5016383106831	105.34	183.5406007444796	69	1	8.61734671893348	0.16898644365561266	33.028619518434205	48	29.205435015264896	103.23	280.0504607153737	
20000	1	12.040939193267201	0.15584412392392985	21.914621387085795	48	30.290625416541012	106.68	124.36482666795358	1	1	8.497620666226576	0.18202734437710646	23.762898327218036	48	29.75648398059955	102.66	460.8099146005358	