index	success_ratio (division)	success_rate (division)	mean_second_ratio (division)	second_ratio_SNR (division)	probe_index (division)	mean_time (division)	mean_total_iterations (division)	total_iterations_SNR (division)	mean_total_iterations_failing (division)	order_index (division)	success_ratio (sequential)	success_rate (sequential)	mean_second_ratio (sequential)	second_ratio_SNR (sequential)	probe_index (sequential)	mean_time (sequential)	mean_total_iterations (sequential)	total_iterations_SNR (sequential)	mean_total_iterations_failing (sequential)	order_index (sequential)
1	0	0			244				1.035	0	0	0			244				1	
8	1	168.91891891889193	0.3517689393939393	60.80226201860187	244	51.30061570785987	9.66	199.46610143118204		7	0.995	152.44369541900554	0.36942033399319785	68.1052177249189	244	49.95413508118243	9.78391959798995	145.319505925721	10	
16	1	103.8152089281315	0.29752429480564135	55.01093658590426	244	47.14796764861373	17.785	320.7476945177636		6	0.985	92.99471299096363	0.2525017287171347	64.79595042736764	244	47.58975028168052	17.766497461928935	277.68364146387944	17.333333333333332	
32	1	58.156440825831794	0.2781246710805535	73.11890529611519	244	48.32559256670233	34.21	663.8035449321796		5	1	54.71806516921596	0.22272432836771056	72.93558685640534	244	48.19107022446763	33.705	672.0918668262049		
47	1	40.59100503328405	0.24416541068145745	59.46204637295267	244	46.191011415070825	49.195	817.5362849244369		14	1	39.95604834681664	0.21421628836477322	69.42121535972615	244	46.63666041412957	48.945	1024.4463152419046		
55	0.995	35.07844174157898	0.24017786891292653	68.80525640200493	244	46.514072733527065	57.2964824120603	881.8287659094833	57	16	1	35.42958370239478	0.19510848972026248	80.07330615777816	244	45.73875152862317	56.835	1100.8535207005405		
63	0.995	31.64858933172151	0.23657051694668532	68.26320028618858	244	47.32744423114559	65.23115577889448	975.3186589043037	64	4	1	31.289111389237117	0.1906567783788617	93.80706109494469	244	44.879029448163365	64.98	1190.8006092171681		
78	0.995	25.492230634233646	0.22671142458992893	87.58738509147827	244	46.67416741387158	80.39195979899498	1357.8179914530745	79	15	1	24.95227876685824	0.18208347696978444	109.37658781056868	244	46.4193611720218	80.03	1563.0230442324216		
86	1	23.721415694088755	0.21209017265547786	79.73560908174976	244	45.423359973656396	88.29	1557.9559813384205		17	1	22.82245272899345	0.17945188529806252	106.81378861691215	244	46.41619929770156	87.93	1552.5803860602987		
94	1	21.528988783397814	0.21004679700437914	76.10987068226825	244	46.56221006233454	96.23	1526.2778731066342		13	1	21.100830317673672	0.17423145540755164	124.28389891300861	244	46.12514177057106	95.995	1882.3207006909872		
125	1	16.78640972268899	0.2046807529507297	93.26877118613515	244	46.321354001252494	127.295	2175.4173308786667		3	1	16.042866539392392	0.16747878670416938	104.63433208373644	244	46.36664187048733	126.975	2317.5335658447398		
187	1	11.084938340030197	0.156611600242128	99.46443689343361	244	45.99234742164727	189.17	2634.2452421783414		18	1	10.98822611571663	0.1563607708543188	51.4225090992904	244	45.65135913027663	189.035	3063.793112493045		
202	1	10.055607509527677	0.162779153204722	88.17635666369968	244	46.13449264663818	204.19	3204.5830657684646		22	0.995	9.896607800914058	0.14979343362003558	139.36176122486788	244	45.75946638438462	204.11557788944722	2869.6855848073583	211	
210	1	9.643573522604557	0.1555270035878901	91.76799916692704	244	46.21351064333969	212.165	3548.6585275577613		23	1	9.677310094886396	0.1486433552009799	118.74946410849154	244	46.035463506064474	212.075	3238.0072529502163		
218	0.995	9.278211123595812	0.1475555174001422	119.80892437228474	244	45.828351333310316	220.11557788944722	3602.731601335371	221	20	1	9.250265945146271	0.14791562127035604	111.87684469537267	244	46.077502628307066	220.13	3832.8998374871076		
234	0.995	8.598155069238782	0.14895776905960342	109.56194615599033	244	46.21288916302164	236.15075376884423	3490.194722254395	235	21	1	8.59782389077322	0.14829014849237343	151.18740890136792	244	45.94011630847708	236.765	2933.5845119436067		
242	0.995	8.457360453552417	0.14485204548528857	132.15051681885015	244	45.659333815802015	244.2211055276382	2857.9816428399477	243	24	1	8.234417394383248	0.15070197882537892	120.3868326335867	244	45.970383504780045	244.405	2196.740334628263		
250	1	8.406787640340928	0.18093098344626043	111.70935075031862	244	46.195374917574654	252.485	3626.51053917632		2	0.995	8.138193893492021	0.15321365690444327	89.54115756037329	244	45.88338567590241	252.37688442211055	3780.3017531956148	251	
312	1	6.708932944215288	0.13634586961356887	153.43230053395314	244	45.90285894317341	314.195	5048.31846731489		19	0.99	6.475921346991581	0.1453216056103796	130.915452861495	244	45.961856320136334	314.7676767676768	3658.2941040277683	313.5	
375	1	5.675658802095489	0.16371554553571838	97.90698758850503	244	46.58488088344159	377.43	5645.186902850231		8	0.99	5.412409178133905	0.1386739405348678	138.16054764595853	244	45.65599408289096	378.6666666666667	1917.1688554670445	376	
437	1	4.9018766834883	0.14641659830302706	80.93835641930085	244	46.623775593149965	439.29	7518.79376227322		9	0.995	4.69501290538732	0.14253751239943604	99.82974943969113	244	45.75903253712443	439.52763819095475	4654.434426586357	441	
468	1	4.574398009222001	0.16201562287594945	103.38389334771999	244	46.36945447740807	470.64	6228.892554179842		10	0.995	4.388179699266416	0.13330794947444624	140.31344933747502	244	45.91286498842705	470.58793969849245	5914.192042227908	475	
484	1	4.412546635102296	0.1676373011886573	112.1626760505223	244	46.429210904243476	486.51	8013.055821519323		11	1	4.246681218627592	0.13329736910827938	160.9816430705091	244	45.941231797986255	487.445	5116.732123806715		
492	1	4.299447950883097	0.16311453468880974	112.62458894311644	244	45.837813437727945	494.5	7460.101702740379		12	0.99	4.089320677092346	0.132255851572945	162.44206883248455	244	45.63622513374866	495.07575757575756	3831.740459237917	494	
500	0.98	4.165364990107286	0.1678134930234163	99.50931003030125	244	46.55948844495312	503.05102040816325	4162.062550867395	505.25	1	1	4.052824514724949	0.13698146803521308	65.65522298766452	244	45.88127354795804	502.58	5325.289660536403		