index	success_ratio (division)	success_rate (division)	mean_second_ratio (division)	second_ratio_SNR (division)	probe_index (division)	mean_time (division)	mean_total_iterations (division)	total_iterations_SNR (division)	mean_total_iterations_failing (division)	order_index (division)	success_ratio (sequential)	success_rate (sequential)	mean_second_ratio (sequential)	second_ratio_SNR (sequential)	probe_index (sequential)	mean_time (sequential)	mean_total_iterations (sequential)	total_iterations_SNR (sequential)	mean_total_iterations_failing (sequential)	order_index (sequential)
0	0	0			192				61	0	0	0			192				61	
2000	0	0			192				61.019	6	0	0			192				61.031	
3000	0	0			192				61.016	8	0	0			192				61.026	
3500	0	0			192				61.053	10	0	0			192				61.049	
3750	0	0			192				61.06	12	0	0			192				61.04	
3812	0	0			192				61.018	30	0	0			192				61.106	
3827	0	0			192				61.027	76	0	0			192				61.031	
3843	0.134	8.142679184517448	0.13578975660378526	76.78076588714983	192	43.72928649852313	70.97014925373135	50.09019859389988	61.91224018475751	44	0.081	4.864923302382201	0.14131148085037853	52.623500305365965	192	43.48141799768263	76.23456790123457	37.70381983484206	61.98803046789989	
3875	0.124	7.464528440455431	0.12855352684887547	72.40285736030044	192	42.138335561831326	70.56451612903226	52.141689337685165	61.81849315068493	22	0.128	7.674551068742051	0.12599328695729936	78.26814913842831	192	43.08428490720258	71.515625	48.32751942591997	61.727064220183486	
4000	0.126	7.286480109644531	0.1300941980230988	47.73988214157776	192	43.25705524068938	72.10317460317461	48.94869475882377	62.244851258581235	2	0.111	6.488571929619454	0.12119161196682743	48.2769628480889	192	43.61486383544586	73.33333333333333	46.19818303446551	62.097862767154105	
4031	0.131	7.700854148173955	0.15006197334883528	72.11713343016821	192	43.44463053006184	71.29770992366412	57.59581659683796	61.96892980437284	37	0.169	9.584084748260606	0.15398943633274373	68.25965593320106	192	43.38515619182331	70.26627218934911	67.97700085369814	62.50661853188929	
4046	0.268	15.013585053639563	0.17313822584278402	83.51875364458654	192	43.67926630811793	70.23507462686567	91.28682552833278	62.673497267759565	56	0.184	10.425519859481298	0.174332244494837	81.28590442972268	192	43.35564356717343	68.9945652173913	90.11452970419234	62.677696078431374	
4062	0.316	17.974051385311185	0.19322035217491115	91.33093713236204	192	44.41866449890933	67.99683544303798	145.17105964725394	62.67836257309941	11	0.279	15.711671124877222	0.18450903536722252	83.07889821506092	192	43.91561379257588	69.52688172043011	125.4050476252853	62.64216366158114	
4077	0.375	21.337855061906644	0.20311094082713843	82.58406458095693	192	44.17499748895914	66.33866666666667	218.04050245935537	63.5856	48	0.276	15.817253414177241	0.20030117763872213	67.58124268950567	192	43.75482712983904	67.28623188405797	177.49100193130582	63.42265193370166	
4093	0.547	30.585827634600854	0.19158284746693865	92.6162329107881	192	42.87498809650763	65.75502742230347	339.8947912173392	63.52538631346578	24	0.484	27.126547586353354	0.20450883739179818	77.91146351848799	192	43.085821446749044	66.09917355371901	360.30811430626096	63.94186046511628	
4109	0.705	39.13905189116325	0.18944993864206133	95.42728800037484	192	42.22328478928764	64.84964539007092	515.806429405095	63.17627118644068	59	0.695	40.143708701077095	0.19657790458552435	92.82333298665957	192	43.431945712436864	64.97697841726618	462.1776180353873	63.75737704918033	
4125	0.716	38.255220020941834	0.19309988654202004	111.69854346573754	192	46.89138690053136	64.87709497206704	556.6158226418548	63.79225352112676	9	0.631	33.733934948570116	0.1742492445324626	106.48234824108997	192	45.85923176782509	65.83359746434232	456.6396238339298	63.823848238482384	
4187	0.686	29.656144355390534	0.15894200941804218	141.50842420344193	192	74.83473747820014	64.35131195335276	396.2021990201188	63.67515923566879	28	0.881	38.70894040316879	0.1602646973288709	158.89255866687506	192	71.5190521959315	63.38138479001135	796.8063647491015	62.621848739495796	
4218	0.762	31.199331793838628	0.16372368508137744	149.08956560632234	192	81.8023093927487	63.479002624671914	638.2738149590377	64.02941176470588	38	0.905	38.20451446494488	0.15185840498773526	150.45095495632907	192	78.52885093581766	62.69944751381215	964.1166598570151	63.51578947368421	
4234	0.849	34.19526341227711	0.1539366975945779	153.140494381684	192	87.35997347383035	62.98351001177856	736.3034193071182	63.4635761589404	87	0.842	33.88725444820636	0.15005386251906877	173.7670167373116	192	84.46416167907869	62.842042755344416	763.4634696603589	63.765822784810126	
4250	0.872	34.11006755514528	0.16157266122691152	176.97607631960463	192	89.30000565700269	62.696100917431195	840.5788271392082	63.953125	7	0.79	30.83468316387156	0.15206276286854212	172.05477079551596	192	89.62464494877557	63.33164556962026	627.898288381578	63.52857142857143	
4281	0.936	36.44277977425907	0.16583118549500786	151.1179998765443	192	98.58023844248866	61.91880341880342	1238.300556666668	64.390625	91	0.975	37.357610032531056	0.1568874686762262	198.0675750772195	192	95.42917411327346	61.89948717948718	1424.955584081782	62.76	
4296	0.898	33.31911025360427	0.16780430011957528	187.75698076063165	192	102.33595295827087	62.07683741648107	954.9966372716909	64.30392156862744	92	0.975	36.31149677851534	0.15905792188023843	206.99716763835795	192	99.43234833092687	61.77948717948718	1614.209711740546	63.2	
4312	0.817	30.676919841998416	0.16580409407703445	174.81769529185345	192	98.31615067384323	62.76621787025704	612.2352960178546	64.1256830601093	42	0.895	33.95695244888628	0.15588143169776508	180.51307488777707	192	102.75925795259705	61.9340782122905	939.7946539401413	63.61904761904762	
4375	0.796	27.906422333551728	0.1575540325477932	74.60220621925461	192	118.11547941998089	62.314070351758794	730.1464950861648	64.4656862745098	25	0.996	33.55693392046379	0.12798591392421882	160.07113572488723	192	121.05302502869955	61.55020080321285	2759.6491058816114	61.5	
4406	0.87	30.78719677265273	0.15241058882827765	87.59228270249217	192	117.05766987620865	62.03333333333333	797.4164875273525	64.1923076923077	52	0.859	28.818733854463268	0.14714491576885458	92.08694512821657	192	119.85533829225267	61.85797438882422	976.7317719592029	63.829787234042556	
4437	0.892	31.953574179220364	0.16014209809817428	87.46772669719775	192	121.45036835868328	61.79596412556054	1018.7838201053331	64.12962962962963	26	0.936	31.739249855035776	0.14550273756402252	97.93261700811215	192	119.06042993902874	61.585470085470085	1585.4068879430931	64.109375	
4468	0.971	34.00872108295564	0.14615350887850906	105.42085057202486	192	121.53546891067144	61.60453141091658	1904.828749273818	63.10344827586207	65	1	33.78583832800569	0.1495010645140303	91.83633839084176	192	120.29998612920707	61.493	2955.7923950966056		
4500	0.97	33.07915808427376	0.1539958689179668	70.01756724486222	192	119.21417772736093	61.564948453608245	1565.3553577691414	64.7	5	0.886	30.319207183531507	0.1453461950255186	96.37151698599735	192	118.80535571783552	61.706546275395034	1094.9022036459576	63.46491228070175	
4531	0.904	32.01734036487155	0.14823702678170436	87.60355180040378	192	117.83397454119338	61.650442477876105	1409.6967996228898	63.802083333333336	82	0.998	33.75967038654442	0.15234238893519803	91.04484097555674	192	120.7860665008607	61.478957915831664	2806.312374683479	61	
4562	0.87	30.108911199477117	0.14044445538314979	99.18018522806713	192	119.03146809597939	61.749425287356324	1023.0051631559784	64.27692307692308	80	0.943	32.67758691787613	0.13869018344709025	113.77620217427726	192	120.70137469863042	61.608695652173914	1614.2075729015717	64.6842105263158	
4625	0.842	29.113289421366133	0.14336317828067377	105.4756648854785	192	120.54852847036568	62.07719714964371	763.1431242716153	64.36708860759494	78	0.995	33.72412647733907	0.14315712627059574	104.67808027945084	192	119.73074390100129	61.462311557788944	2443.0835595567496	61.6	
4687	0.796	27.37888455122494	0.14331664438498073	97.82642488120938	192	118.14374823140865	62.278894472361806	628.6937622593028	64.57352941176471	79	0.963	33.51197104676951	0.1651223939941869	90.90782847597247	192	119.5481657996666	61.503634475597096	1528.315781257626	64.37837837837837	
4694	0.993	33.68922453715665	0.14503381573526927	92.78294722234389	192	120.45616170778104	61.53474320241692	2777.380681135381	61.285714285714285	98	0.97	32.64026058368872	0.13241178554575594	141.99718755808934	192	121.35537553884603	61.61030927835051	1371.5362571968226	63.6	
4702	0.999	34.65765590741496	0.1437584222207287	94.87723442088785	192	118.31304852012664	61.414414414414416	3219.4918468442584	61	97	0.998	33.73547735024431	0.1433989134613387	109.07957390772971	192	119.49812967949325	61.48496993987976	2705.7599133177487	61.5	
4718	0.9	31.376048918747205	0.1542648863802181	90.37451098135278	192	116.06144320560917	61.84222222222222	952.9624862713141	64.59	81	0.965	32.76973909854415	0.15074784189908486	102.82562400428338	192	117.31194328040031	61.59585492227979	1252.8139449226278	63.65714285714286	
4750	0.986	34.11032927192151	0.18804844348306174	81.82983706947698	192	119.79710635106586	61.554766734279916	1707.0528255556785	62.142857142857146	39	0.844	28.024039578973596	0.1446128009266625	96.94965678642797	192	119.57188323365568	62.03791469194313	788.3509670415293	64.8076923076923	
5000	0.993	34.64444956144763	0.14542199736161915	105.26493563776553	192	120.10688289207916	61.398791540785496	3157.578662287417	66	4	0.996	33.52982167925483	0.12937793580708837	150.97239277391515	192	122.06058524803655	61.5	3040.679771403464	61.5	
5062	0.996	34.55058226056462	0.13747651189664	109.85359242822568	192	119.83482952279212	61.57730923694779	1443.714247272245	62.25	41	0.996	33.65820030008558	0.13484905854436785	128.24564692074352	192	120.00846030765562	61.519076305220885	2724.8531700396975	61.5	
5093	0.975	33.562129525723435	0.1521928333139331	101.41568345994548	192	119.04956774020567	61.4974358974359	1864.790618830083	64.6	49	0.998	33.60167537010673	0.1317545981472979	139.00760373898427	192	121.28560408323753	61.52805611222445	2746.8970692620487	61	
5125	0.889	31.42642011008054	0.16639037058165443	78.49485158945078	192	115.67214230880343	62.01124859392576	788.9233596560193	63.927927927927925	40	0.893	29.887211754074304	0.13969864240018692	104.14659650602097	192	119.19286821482311	61.83426651735722	978.4828987120212	64.30841121495327	
5156	0.966	33.84960403672462	0.15178597496831767	85.02518681593621	192	116.99588577679246	61.65113871635611	1208.018841083758	64.05882352941177	88	0.996	33.38517644535219	0.12965996963182716	140.6406750511028	192	120.38396408368398	61.48995983935743	2900.656374612713	62.75	
5187	0.945	32.74870824539609	0.1680974962214369	72.13664928141877	192	115.60404610911688	61.64973544973545	1132.0080117395732	63.836363636363636	47	0.987	33.40655472481097	0.14718262445152983	100.19162914192827	192	118.88243763061216	61.57548125633232	1563.9031543680178	63.07692307692308	
5250	0.947	32.78143746776318	0.1495742527012468	79.80646875647786	192	117.95253117949767	61.7909186906019	1120.6843058077402	64	21	0.807	27.02711754284368	0.13816676550395823	102.90676034595533	192	119.8401855152169	61.8909541511772	954.6600896840836	63.77720207253886	
5312	0.927	32.23058602646055	0.15362612399193046	86.93571666934643	192	117.76958551792565	61.78856526429342	1131.59548362891	64.32876712328768	62	0.988	33.18465176268396	0.1296410637367788	158.23124003420534	192	121.69109171754175	61.51720647773279	2564.16270798001	63.916666666666664	
5343	0.982	34.709581187547926	0.16536385691171157	87.54179424976817	192	118.42811837429838	61.61201629327902	1284.77251244017	63.611111111111114	72	0.997	33.62415813134954	0.1461852503855145	99.10949279738934	192	119.31827934059648	61.50952858575727	2971.158389209753	62.666666666666664	
5375	0.999	35.045253630812844	0.15087118264651408	109.15236619095359	192	119.07440683096985	61.43843843843844	3112.970578805377	61	60	0.893	30.07918944499852	0.14594835846888402	94.8314243194949	192	118.77617419320313	61.799552071668536	940.2705752410709	63.925233644859816	
5437	0.989	34.14477522794732	0.16493485688671752	94.23897003259697	192	119.28541427392248	61.49544994944388	1903.1101706719037	63.09090909090909	61	0.925	30.893266269896163	0.13083935731833546	142.45880475112153	192	120.80804289041207	61.91891891891892	964.474403521409	64.24	
5468	0.92	32.86582882619021	0.15469731673661005	99.10388037115204	192	118.6237786513241	61.552173913043475	1452.0955005118972	65.0625	83	1	33.712031824157506	0.1347738076876253	117.90973907786501	192	119.68032011184327	61.42	3116.616862850264		
5500	0.926	32.09527374565018	0.18573945340273404	76.48389743694644	192	117.48577375384544	61.51619870410367	1650.035781396339	63.986486486486484	13	0.972	32.63672504566414	0.13719680015939995	114.79518162641935	192	120.58680281386765	61.58539094650206	1515.0445185319109	64.14285714285714	
5750	0.918	31.87942769829117	0.16150300270169085	77.96012973687651	192	115.83487624318889	61.85947712418301	1062.3966175465916	63.53658536585366	46	0.968	32.79432739443933	0.13735742547758692	113.97235031531437	192	120.9643589707862	61.58471074380165	1480.0239754113336	63.3125	
5781	0.962	33.0065841616439	0.15954411726159526	80.78915639439333	192	116.30131805420672	61.682952182952185	1393.199189774415	63.421052631578945	69	0.996	34.703107252113085	0.13426992070925187	124.7938697316105	192	121.25742881977263	61.44879518072289	3040.444116456705	62.25	
5812	0.994	34.54999843586621	0.15755647411952017	96.63732745901478	192	118.6606473887174	61.45070422535211	2438.7070529131624	63	54	0.999	33.5638115588508	0.1308623599298714	125.61208038268337	192	121.41790987880741	61.550550550550554	2872.8351345331266	61	
5875	0.993	35.144968571266894	0.15302116215926118	88.27439591210002	192	116.44433259219328	61.472306143001006	3122.1265253163024	63	53	0.897	30.32751689651543	0.13120803472124254	123.51134947330128	192	119.31996413815763	61.869565217391305	992.4895291211445	64.22330097087378	
5937	0.984	34.50887972392879	0.1509660089226547	95.99346701136204	192	118.35427373791919	61.58536585365854	1766.215390553168	63.125	55	0.993	34.36354764697955	0.14630874525310023	101.36781303350016	192	120.41663230458744	61.58006042296073	1998.964296574902	61.42857142857143	
6000	0.941	32.672249767370936	0.1234916848096153	135.47635894292594	192	119.75903900898936	61.678002125398514	1245.9069570095855	64.13559322033899	3	0.991	33.40231760177731	0.14762739644206835	101.7070121167698	192	119.0265335475768	61.46922300706357	2415.2972846179705	65	
6031	0.893	30.68053761371981	0.14785950271224615	97.78942763431489	192	119.27444241154159	61.97984322508399	797.5167962286695	63.96261682242991	96	0.836	27.795972243926023	0.13067638870263393	126.76609011364289	192	120.32635219344685	62.03468899521531	765.2332386623483	64.21341463414635	
6062	0.873	30.24769850701678	0.14951558803881446	89.9493402029151	192	120.14233341433527	61.720504009163804	1015.693407483553	64.32283464566929	94	0.98	33.28996579285978	0.137589462266233	107.32489177374738	192	121.96714329372482	61.63265306122449	1848.2675749006694	63.3	
6093	0.894	31.51171643684978	0.1543954379335849	87.56497859135087	192	118.10677252490511	61.753914988814316	1169.9235479831407	64.17924528301887	95	0.984	33.001418658543514	0.14694856037892864	93.51746817998121	192	121.09164104278479	61.55386178861789	1923.8835066551515	62.8125	
6125	0.967	34.24099713182961	0.1823517785746195	74.36863456179529	192	116.26023381839839	61.50672182006205	2080.3327046851236	63.81818181818182	75	0.983	33.25732303923744	0.13616335552341177	117.40009989565579	192	119.12265618992262	61.48728382502543	1824.2004520536054	62.64705882352941	
6250	0.958	33.23411665938093	0.1471683424057967	96.88881748281116	192	116.91734926439256	61.74739039665971	1292.3114382686788	63.785714285714285	23	0.927	31.55766166918403	0.15088957473567194	94.50000850718979	192	119.49110844796364	61.61380798274002	1273.94701913248	63.61643835616438	
6312	0.943	32.61892243407142	0.17808066684610893	73.53335970512359	192	116.47210583579417	61.59172852598091	1326.2434846486487	63.3859649122807	32	0.993	34.09875245954123	0.13765915707988344	110.05725035899918	192	121.224217167586	61.53877139979859	2537.5362333789003	62.714285714285715	
6343	0.976	34.07809330274618	0.1506978941535763	95.36168606855466	192	119.26587918705297	61.58811475409836	2001.1444815158563	63.791666666666664	51	0.874	29.04522947060493	0.1400428992875498	102.51553411043697	192	120.80801403041299	62.01830663615561	762.812307097273	64.8015873015873	
6359	0.933	32.767540116530434	0.17060646429541418	85.4840238866333	192	119.11271973455473	61.633440514469456	1469.197529066173	63.83582089552239	77	0.964	32.82316689082107	0.13363677613983596	123.5896228856956	192	120.11036624619956	61.60892116182573	1643.2507235544044	63.611111111111114	
6375	0.848	29.608525020600005	0.16713709158114184	77.14402267226816	192	117.2768437713129	61.884433962264154	949.0014922095716	64.02631578947368	29	0.943	32.374236561942645	0.13749639595173616	115.76356076615127	192	119.2282373016117	61.622481442205725	1559.4469896422002	63.45614035087719	
6406	0.932	32.342918219613416	0.13934666160433923	103.67871598341102	192	117.46939451495268	61.776824034334766	1217.5003269874758	64.44117647058823	74	0.979	32.90037470804801	0.14351543317004273	111.10000250430775	192	118.65211695045875	61.57303370786517	1590.4730075849611	65.42857142857143	
6437	0.932	32.172655314184496	0.15845752089155218	90.07470621480081	192	118.9132659811357	61.7049356223176	1187.6128796043408	64.11764705882354	73	0.947	32.19172261409127	0.1493001284974713	98.24853921285073	192	119.74293430543935	61.73072861668427	1080.9980443227475	64.66037735849056	
6468	0.854	28.812415654521374	0.14831950189258591	97.5130731749955	192	117.55774549455975	62.177985948477755	747.7576206827991	64.41095890410959	99	0.975	32.73712591538122	0.131937443919066	135.0224238970936	192	120.89109151761565	61.683076923076925	1255.7274167978503	63.24	
6500	0.884	29.353947508234864	0.16015214840970307	77.51581083703579	192	116.29398554859652	61.997737556561084	811.0449096764825	64.18103448275862	15	0.997	33.707485293121145	0.13708284139161542	123.95080974118684	192	119.16948091476914	61.4493480441324	2012.695380869234	61.666666666666664	
6515	0.957	33.572821800930505	0.16519376828258261	84.39584977962492	192	116.66379189410912	61.56739811912226	1523.3262407321135	64.86046511627907	93	0.954	32.16463979986204	0.1355060618158894	111.87900525592936	192	118.76445068541493	61.64675052410902	1357.1364644978853	63.52173913043478	
6531	0.99	34.519670982206904	0.1557118444910896	91.08946016838698	192	116.34443310496486	61.57373737373737	1977.7017618384562	63.1	70	0.965	32.37614029437186	0.13121414047233787	150.64916015825278	192	120.6336481245495	61.64663212435233	1525.0313400756122	63.857142857142854	
6562	0.96	33.91519082593932	0.16429980002326722	84.1944736539394	192	115.81397627571728	61.626041666666666	1704.1012134029972	63.45	63	0.975	32.674043739655055	0.1359095473341895	118.75537188556493	192	120.05721925636611	61.626666666666665	1872.011649328503	63.64	
6593	0.95	32.94938627432661	0.1476654926139599	98.22641092303361	192	117.46119684394769	61.56	1645.7572022059105	64	64	0.886	30.479204651002785	0.14709152897460606	106.14595520161751	192	116.884995365785	61.72573363431151	1043.1525664970177	63.73684210526316	
6609	0.956	33.356361783939256	0.15022695897972585	85.60274083292903	192	116.37243521038937	61.60878661087866	1640.886481489367	64.20454545454545	90	0.955	32.16831269620926	0.13756466825343552	115.33383913528718	192	118.23343907960856	61.613612565445024	1425.4321768073833	63.6	
6625	0.843	29.095653254363622	0.14150336694803547	101.94706051398146	192	116.04123847674106	62.33689205219454	662.9512068763268	64.0828025477707	27	0.985	33.06756189676671	0.15203173799994305	88.34200888667789	192	119.2980707941019	61.575634517766495	1721.6140038685783	63.8	
6656	0.894	30.70993538547142	0.15526211359989028	82.10065796278421	192	116.31158442476924	61.82102908277405	1044.1633713856766	63.72641509433962	68	1	33.621695407613466	0.14611142732807003	99.73053222323428	192	119.50602281246206	61.448	3135.494886131422		
6687	0.919	31.033248461844828	0.15366103036723588	85.39253200780779	192	117.56795136154024	61.76605005440696	1112.7088892758286	64	31	0.994	33.44234056011	0.14841640289492808	103.18987023975883	192	118.99417846203727	61.405432595573444	2869.286728326123	61.166666666666664	
6750	0.963	33.2510401740248	0.14865926437932453	95.50011781134972	192	115.8453550853278	61.67082035306334	1236.348275123796	63.810810810810814	18	0.973	32.73151745736669	0.13249097955579248	130.26562364764948	192	119.19805817448545	61.552929085303184	1754.7449330534546	63.592592592592595	
6812	0.968	33.021201112077115	0.1535503290500793	94.4698402318135	192	120.12148198913638	61.674586776859506	1269.0669339211506	64.125	50	0.945	31.67081124196678	0.1367125461507883	114.4828923165446	192	119.88109029167717	61.61904761904762	1402.2148640099188	64.63636363636364	
6827	0.979	33.489549481750075	0.15281492154046677	96.49824289651733	192	119.32522924625017	61.658835546476	1405.0226964483888	63.23809523809524	86	0.993	33.516498352865774	0.1337448809508371	135.52766759142528	192	118.65406771658995	61.52970795568983	2114.3488927552753	62.857142857142854	
6843	0.848	28.966893027449494	0.15781337680074325	88.37823150552964	192	119.81756679863244	61.784198113207545	924.0105574910219	64.65789473684211	85	0.8	26.53047688532365	0.14532758375224467	85.69818505479695	192	119.75722999819122	62.21125	704.9864592524177	64.2	
6875	0.911	30.833381281327377	0.14700435922822586	85.80900142259165	192	116.6467120472218	61.892425905598245	974.3408506974048	63.61797752808989	19	0.958	32.18556084515413	0.14554556768336632	94.94713472589994	192	118.07230743874075	61.54384133611691	1521.9140135160912	64.78571428571429	
6906	0.985	33.81788468273031	0.1577930041962223	93.97404598386949	192	119.00542837870105	61.53807106598985	2195.3175571717516	64.2	67	0.995	33.49548063489926	0.1437114087304217	104.41501729835745	192	119.61868969588508	61.40904522613065	3005.363209464727	61.8	
6921	0.855	28.773346794548207	0.1515691830232303	92.16149819932033	192	120.6016724748521	61.84444444444444	933.8953431989156	64.62758620689655	71	0.978	32.74900798633784	0.13919759809614182	108.9094676293703	192	119.94727373569708	61.535787321063395	1657.7483032727826	63.36363636363637	
6937	0.834	28.40106112357959	0.16069202789162432	85.68260534599428	192	117.05375268996755	62.28537170263789	690.8573315477408	64.18072289156626	34	0.999	33.69138154899415	0.13283506510947074	134.2320864951098	192	119.09894467563379	61.449449449449446	2913.0640584450584	63	
7000	0.806	27.27405006107864	0.15594328824111367	82.93182371793235	192	117.41131576026176	62.04218362282879	739.0742941077233	63.86082474226804	14	0.984	33.1389004889996	0.14225112011860108	107.69049047248873	192	117.86875987338955	61.53861788617886	1612.9702860991729	63.875	
7015	0.988	34.451375788496904	0.14055584880323385	93.65466610126212	192	117.04174385885443	61.50303643724696	2022.3369190339479	64.25	89	0.968	32.56704336328555	0.14378643230050528	102.27151178779732	192	119.16906258770298	61.61260330578512	1269.7387519352608	63.5625	
7031	0.917	31.33253834562836	0.1594766698935673	93.20461806981031	192	118.4811358962686	61.76444929116685	1051.1161927237308	64.07228915662651	45	0.923	30.769743641030768	0.135755869136862	110.84716926516072	192	120.71095287287852	61.806067172264356	1073.4195410757638	64.77922077922078	
7062	0.928	31.880612602461667	0.15616998668242588	87.59225899450674	192	120.16738654665001	61.733836206896555	1209.3471251845772	64.09722222222223	35	0.987	33.27141995138902	0.13683334761776855	130.99106799093548	192	118.7847622979846	61.447821681864234	2387.367587349337	63.92307692307692	
7125	0.905	30.553267342775687	0.14554885451846591	90.26378630702133	192	115.77500060484543	61.857458563535914	1020.8350460276763	63.38947368421053	20	0.907	30.32278555070981	0.1335797329372009	116.38886158400885	192	120.40783063133222	61.73428886438809	1050.0930022705584	63.774193548387096	
7187	0.888	30.824128905951348	0.15429269263219492	90.42848732229778	192	116.4528022166776	61.858108108108105	905.6909433352644	64.48214285714286	57	0.979	32.85135683821794	0.13652527835024378	115.33343855160625	192	119.49428968479204	61.58937691521961	1473.5524519188375	63.38095238095238	
7218	0.963	32.96940316136531	0.15478155042281508	94.28561372818402	192	118.7476609403705	61.48598130841121	2185.3920483163033	63.729729729729726	84	0.995	33.45055033719562	0.13760551501558455	110.13258240929714	192	118.6902239862018	61.53266331658291	2623.113285403633	62.6	
7250	0.95	32.42652831347861	0.15549458723598156	90.90517394712032	192	116.49330312741687	61.694736842105264	1293.9132621080325	63.78	17	0.876	28.92683426178892	0.13476413522958589	112.1715928284655	192	120.21628300331597	62.01141552511415	793.8411122293747	64.44354838709677	
7500	0.944	32.29735462769098	0.14667142753818582	93.6767038995122	192	116.09943908991546	61.70762711864407	1235.7704692161162	63.785714285714285	16	0.97	32.49494150910549	0.14715898651044126	94.69516742066591	192	119.12254701334227	61.55670103092783	1563.5461243075354	64.6	
7625	0.967	33.41753954293798	0.145835490828118	103.21421866976775	192	118.44245943153993	61.56153050672182	1802.82818025134	64.03030303030303	58	0.974	32.14659374824742	0.14205631926121282	109.93138968690435	192	117.08139629821432	61.550308008213555	1744.1335616457166	63.92307692307692	
7750	0.966	32.09185046393669	0.15398710764748158	94.47371480947798	192	114.33269135087127	61.57453416149068	1939.9749254130802	63.23529411764706	33	0.926	30.71330489754227	0.14553008605311374	99.51426659984332	192	117.92550429334692	61.80885529157668	959.956584413661	64.13513513513513	
7781	0.933	30.95245994094815	0.149221844527991	93.63150521422901	192	119.07074388518845	61.88210075026795	992.4609595549925	64.07462686567165	66	0.993	33.07684620765362	0.13700582401138675	118.84340426275179	192	120.06337232785722	61.5448136958711	2883.634277400134	63	
7812	0.888	29.772182455200163	0.17308125841453909	75.89314117331257	192	114.52190477502184	61.98198198198198	865.6386742823421	64.22321428571429	43	0.964	30.694673964611425	0.14782059804633366	100.14144917209293	192	115.29754614282726	61.579875518672196	1599.3278514459575	64.80555555555556	
7875	0.901	30.302622639860477	0.16113669714482526	89.13735172896105	192	116.36900802918554	61.76470588235294	1024.4842990401823	64.31313131313131	36	0.993	32.91229023800963	0.14739419335582377	93.53783895320885	192	117.55718283367318	61.54783484390735	2719.6857725120854	61.42857142857143	
8000	0.917	28.325024247703244	0.13420787464804027	112.53302124594754	192	111.81434849536896	61.91712104689204	939.8403225150603	63.397590361445786	1	0.899	28.540226163041066	0.14265755926740212	100.14416123095302	192	115.30388936999593	61.7285873192436	1295.8770353714947	63.02970297029703	