index	success_ratio (division)	success_rate (division)	mean_second_ratio (division)	second_ratio_SNR (division)	probe_index (division)	mean_time (division)	mean_total_iterations (division)	total_iterations_SNR (division)	order_index (division)	success_ratio (sequential)	success_rate (sequential)	mean_second_ratio (sequential)	second_ratio_SNR (sequential)	probe_index (sequential)	mean_time (sequential)	mean_total_iterations (sequential)	total_iterations_SNR (sequential)	order_index (sequential)
0	0	0			21				0	0	0			21				
312	0	0			21				55	0	0			21				
390	0	0			21				84	0	0			21				
468	0.01	0.04662939423745198	0.9827586206896551		21	3.579783048561151	931		82	0	0			21				
546	0	0			21				83	0	0			21				
625	0	0			21				22	0.01	0.030438898477098592	0.941747572815534		21	3.558185634328358	623		
937	0	0			21				30	0	0			21				
1015	0	0			21				33	0	0			21				
1093	0.01	0.03097720697111352	0.9238095238095239		21	3.4878494032663316	567		31	0	0			21				
1250	0.01	0.025472450271423704	0.9465648854961832		21	3.3141020014044944	1574		21	0.02	0.03542004632936206	0.9477119902191948	28.553300711185805	21	3.625881653054816	1629.5	1.2910145657630019	
1406	0.01	0.019820780502696613	0.9672131147540983		21	3.2913790760869563	1636		32	0	0			21				
1484	0.01	0.020977994084208126	0.9595959595959596		21	3.5624197895277208	1045		34	0	0			21				
1562	0	0			21				27	0	0			21				
1640	0	0			21				35	0	0			21				
1718	0.01	0.016987792572249298	0.9691629955947136		21	3.813373230253353	1923		28	0	0			21				
1796	0	0			21				29	0	0			21				
1875	0.03	0.044417530711006695	0.9703633216609165	84.03496974313987	21	3.427114364161659	1145.6666666666667	9.659163669409248	23	0	0			21				
1953	0	0			21				36	0.01	0.02696188129227346	0.991869918699187		21	6.963625087047354	855		
2031	0.02	0.02395163685484086	0.9786663807890223	54.24519164245805	21	3.287434971460226	3386.5	0.8747459778952487	25	0	0			21				
2109	0	0			21				26	0	0			21				
2187	0	0			21				24	0	0			21				
2265	0	0			21				87	0	0			21				
2343	0.02	0.02773459655174701	0.9838333693071444	453.9525942689498	21	3.205626353143058	1120.5	1.7020690619109056	85	0	0			21				
2421	0.02	0.023065949008127487	0.9682767287491139	108.68647171995342	21	3.3939387878903244	1458	3.846871966305919	86	0	0			21				
2500	0	0			21				4	0	0			21				
2812	0	0			21				56	0	0			21				
2968	0	0			21				88	0	0			21				
3125	0	0			21				10	0	0			21				
3281	0	0			21				15	0	0			21				
3359	0.01	0.009230942488462283	0.9882352941176471		21	3.471964003164557	624		16	0	0			21				
3437	0.01	0.01055462440313545	0.9882697947214076		21	3.841809502963362	3126		11	0	0			21				
3515	0.02	0.019992083135074862	0.973697270471464	34.68358761719671	21	3.4764687518700965	2254	1.9922733559930976	13	0	0			21				
3593	0.03	0.024749085521281126	0.9706195646872674	59.967294560000035	21	3.5898889016966593	2832	1.9243382721804179	12	0	0			21				
3671	0	0			21				14	0	0			21				
3750	0.04	0.06430216875143623	0.9662565002307602	67.60452605074586	21	3.194111735223783	2189	3.089366895656486	5	0	0			21				
3828	0	0			21				9	0	0			21				
3906	1	12.386201771318296	0.31976667682738996	24.609852913295814	21	14.430517246980683	171.49	19.2203742721143	8	1	12.033983970666185	0.27853394571168516	22.922730910369307	21	13.303519126100461	172.2	15.988917099484793	
4062	1	15.827793605354401	0.3155438735185666	23.830253459650937	21	13.352452941770904	137.96	20.53355811846927	7	0.97	13.242140039224656	0.31005910214828225	26.561480843030242	21	13.432370854200336	141.53608247422682	15.895150815582713	
4218	1	10.145074566219462	0.2706389493379162	43.545223590729016	21	26.39601782274042	150.96	48.014389351622434	89	1	12.989543417453017	0.24847341656803323	24.61907849426326	21	24.556176945897374	121.85	22.93437731150074	
4375	1	14.363275976086051	0.1407336514846845	43.090468675852826	21	33.59795066364202	104.06	98.85788206921336	6	1	14.014631275224197	0.15315609106788564	34.31204579957013	21	33.2613767701643	102.28	482.6370162500246	
4687	1	11.98537783909524	0.11143425716876744	40.75163551364893	21	35.29243726758478	111.43	134.38642057346297	57	1	13.087292239329814	0.14911552335207157	26.959203860783926	21	32.892793854331885	104.11	165.51429095415992	
4843	1	10.578540373082085	0.10688456231175264	67.59079429774603	21	38.09010001401251	114.72	114.83041963877878	90	1	13.341338136077475	0.12885936927487845	34.29407311914171	21	33.050596023132	104.58	174.00435557793176	
5000	1	14.73709030900956	0.14575557724313476	29.23314577727669	21	31.71138874637696	102.06	585.6593897958536	3	1	13.578838737566217	0.1561011870053147	27.113758519279216	21	33.4645745045469	106.46	138.0718392095532	
5312	1	11.806236053834851	0.11478651820799271	50.47848418636819	21	37.516197830550425	111.11	133.63135539985942	58	1	13.21877065422337	0.1394160645476311	33.75807409803713	21	34.74268830720611	103.78	186.4296675868744	
5468	1	11.164701679261915	0.11447190445997732	64.45381104925244	21	36.898270665253015	115.04	85.81865465196269	91	1	13.306365765340605	0.1334586360995765	37.698294268317184	21	35.253658692426505	102.71	292.00543347367693	
5625	1	11.704941826485822	0.11396361504294766	47.027288584986565	21	34.921970862842926	110.74	156.59818678895886	43	1	13.397642014940164	0.12861597144108936	35.91276761279435	21	33.83586644285404	102.34	279.66677745521037	
5937	1	11.199964160133847	0.11662266334527839	50.40192329686385	21	37.64411238881245	113.13	112.82930381390902	59	1	13.855021059680997	0.14007105768258135	33.460461918689454	21	34.61766874729083	102.95	247.57610395064714	
6093	1	11.601062657273733	0.11625474740075317	62.47286170459589	21	36.837238191244616	111.71	119.0576564937102	92	1	12.913890180202424	0.14036307106003726	29.799235543893868	21	33.886912156368645	104.71	166.5798989719287	
6250	1	10.687757174163385	0.11472643677768567	60.631546220874256	21	37.58250619283512	113.7	120.56246982554224	37	1	12.955381665491032	0.13975128689910674	31.930121731379252	21	35.299393099958266	104.02	159.24364389506098	
6562	1	11.598371588592123	0.11530162062710303	60.07273880667451	21	37.53158499745783	111	150.26660488281064	60	1	12.787069714966426	0.11619766825993193	40.50778525036841	21	35.55708869485293	103.77	182.29996825792477	
6718	1	11.047038288992429	0.12011207031258825	52.55993917892543	21	36.418621941340824	113.32	125.11812231438951	93	1	12.978416892868063	0.11779335801359087	46.691496043245344	21	36.019261823479994	103.71	213.4119787698443	
6875	1	11.52976986584523	0.11516114388988749	53.39599968734041	21	36.41299679907982	111.82	148.6665646925742	44	1	13.214927582315253	0.12781261198486651	45.87283355210248	21	33.62655324598478	103.19	94.17437213343717	
7187	1	11.488970588199644	0.11990725138151445	52.577997002089504	21	36.933304758527726	113.59	108.66175285179852	61	1	12.413724613810315	0.12014745609183997	43.23435343871031	21	35.15175522015158	108.71	68.37840762925325	
7343	1	11.182555213860546	0.11520852031987955	48.520392388205096	21	36.97289070558369	112.82	109.42417299262405	94	1	13.697879568338248	0.1394772966005752	25.732750313304088	21	36.093347734654344	103.12	159.77609804506235	
7500	1	9.791538152687876	0.11832194851473858	54.17665668292561	21	36.61353891618302	112.01	162.73955259106617	18	1	13.80167000214476	0.1435970369266924	23.09135363572413	21	32.810531338378695	102.5	365.92820902637226	
7812	1	11.390818999911469	0.12125929602049755	52.73839137602262	21	37.2879005800095	111.5	141.1831489213298	62	1	14.22495341334843	0.12964184220459357	37.44284227886921	21	32.44557695935949	101.92	992.4722196984651	
7968	1	10.738255033557046	0.11453988795037957	64.2770268245089	21	37.239621749985986	112.77	116.9705411533308	95	1	14.417323856242025	0.1378234407678346	25.15715097445819	21	33.625840746319206	101.64	1332.3247404638769	
8125	1	11.431314944212305	0.12037888136904427	37.66319124065187	21	35.6388753104606	112.05	129.5075820728625	45	1	13.707267593382246	0.1750935239990178	22.71232594697486	21	33.97198687431047	102.05	665.0852997289091	
8437	1	11.414873580307864	0.12293252517215056	52.973596307854	21	36.96575990314537	110.55	148.7870754721844	63	1	14.24095699231555	0.15832373175713302	25.641920740844512	21	33.00994957190056	101.69	999.8063262303722	
8593	1	11.110370419714615	0.12466271369837824	38.78034764068417	21	35.67913687933884	110.58	155.24960294719426	96	1	14.479533179784283	0.13598173121442397	23.724265078829397	21	32.95483197573978	101.85	462.76844859413006	
8750	1	7.9674926300096045	0.12111464742553457	54.36099537532801	21	35.986464408325794	112.82	162.11479557328474	38	1	14.21989647933743	0.17748472352206737	23.897075398103905	21	31.842300417548913	101.89	990.1226621667022	
9062	1	10.68353240315888	0.12223776217911303	50.201970026625936	21	36.874895743219355	111.09	148.3741774378318	64	1	13.95946172321294	0.18729383106949013	27.850607392767003	21	32.019242201117976	101.89	990.1226621667022	
9218	1	9.97168042763344	0.12336309474372179	35.18841529742522	21	35.21181871287925	108.33	152.24770123400793	97	1	13.926412834427452	0.18033043024565537	34.367395341459016	21	28.995434866221505	101.99	715.7760461268449	
9375	1	9.102494083351067	0.11882668780763855	46.85748565594839	21	35.10804471978403	110.86	137.0390176753895	46	1	13.942140118535345	0.17654415981139887	26.032359948681535	21	30.08375992756401	102.23	365.7475249831827	
9687	1	9.90550151543628	0.11878459434901395	60.03260945586262	21	36.272205321622934	110.66	156.46590517417053	65	1	14.089666638547605	0.18579222387481512	19.96237354261177	21	32.635115159749176	102.27	491.8685940099823	
9843	1	7.820626119293392	0.11987046465465877	39.96716795373846	21	35.29742118114353	109.59	182.96581490566234	98	1	12.963947262723266	0.24334497656124845	26.885656334852882	21	32.34937075004212	103.14	414.0914338370864	
10000	1	13.285152513530802	0.15373003627274817	29.331129167546074	21	31.922662729976523	102.98	311.38579164096484	2	1	12.920230496943468	0.2203123829828818	26.507763911252997	21	31.01896695056985	102.2	625.0797715198908	
10312	1	8.635727732727561	0.1180231602151811	53.06363396151126	21	35.216079606111286	111.11	137.2651510855229	66	1	9.923785328637432	0.20527168928786532	24.60897021000185	21	30.471260913120638	102.17	615.4435953299342	
10468	1	7.017445369183123	0.11961535697830197	42.89721543067199	21	34.63964562712161	110.77	156.98579039867576	99	1	11.180679785308827	0.17479867862056658	25.885640474629614	21	31.541677611229897	101.93	791.584303058136	
10625	1	8.316215789201305	0.11677126079543614	47.98011911165865	21	35.16298623450691	111.64	169.11736488365685	47	1	8.437750495725135	0.16563801343573326	24.623499641807978	21	31.021291585993776	101.96	841.6377064582523	
10937	1	8.307510820555468	0.11979786985714963	60.55776787738313	21	35.55013351191679	110.67	139.30165796372714	67	1	8.94798536107865	0.1495043764399283	36.3201257852986	21	31.96133125027258	101.91	1062.3626723441635	
11250	1	7.281889213371978	0.1198140105142298	58.35613819842024	21	36.12056421031747	113.37	139.97521975192646	39	1	8.46826095793048	0.1670953662578813	29.506423421944003	21	31.727029228278212	101.86	898.2240294103884	
11562	1	8.01725312876859	0.11804330005693295	68.82635987074254	21	37.559782754201436	110.52	166.72113248658354	68	1	7.280245781084834	0.13496923358811277	40.636453869012556	21	30.2572137584107	101.97	1004.9408743523568	
11875	1	7.9654617578097096	0.11695493329952188	48.3842889096923	21	35.17276375835866	112.22	148.28654556161152	48	1	7.4590683623387415	0.14395033320359654	36.237212261372534	21	30.08868251919922	101.84	1209.8979173533298	
12187	1	8.603778779631194	0.1225112820790213	49.33453844535549	21	37.32034645145022	110.37	171.5406855854844	69	1	7.233377698079216	0.14978107941283653	35.46532690023291	21	30.02175798819532	101.98	929.5715432327225	
12500	1	8.271435424852791	0.11595378682131655	62.792875448476465	21	36.008790967683424	114.56	128.90796860581642	19	1	6.76009112603255	0.1467836330015979	34.76228330593641	21	30.007874651044	101.81	954.9981495406491	
12812	1	7.936570925147065	0.12100810766224457	41.850206548651705	21	38.13381611825451	112.29	137.1222735924939	70	1	6.635700066328295	0.14446447942420795	34.6222019850142	21	30.343029562785222	102.1	667.9488331540002	
13125	1	6.708437873162473	0.11491421577337625	66.09751383432517	21	36.08185995625527	114.8	112.48814420287543	49	1	6.6804283490713114	0.17540077612948426	23.626284059084224	21	29.816200913319907	101.96	830.1738408740548	
13437	1	8.140538252392828	0.12126520722038048	46.95338850186313	21	36.819446806047765	109.54	185.63077039471355	71	1	6.754018641099521	0.18028317226752563	22.944375232894366	21	30.120111505091483	101.83	870.5232145846498	
13750	1	6.713707376370277	0.116791586204157	60.75714996255941	21	35.83371024651991	114.08	172.203435326812	40	1	6.799621941029035	0.1814873918620793	25.553343811369203	21	29.575298859284757	101.75	1003.5686475757512	
14062	1	7.928956549267171	0.1177758296291405	46.53755630873444	21	36.20020676406859	110.94	148.5059945697012	72	1	6.527969083512147	0.2037465669730058	21.587492012762496	21	28.73334012106874	102.05	635.4810749714615	
14375	1	7.330410942846564	0.11771216610664911	63.37330813097717	21	36.94026669968941	113.14	157.5861258342457	50	1	6.567971941625713	0.18324262107569275	25.149456786975403	21	29.65554703597345	101.96	841.6377064582523	
14687	1	8.516726851572491	0.11786865077864324	53.63213683964329	21	37.2210590673541	109.48	217.77623570372668	73	1	6.495531074608794	0.1653869061539038	20.75627142332849	21	29.637492730682542	101.79	1095.672588152862	
15000	1	8.300408380138755	0.1122041892876296	69.6534069052233	21	34.58520052787198	113.07	144.2187483154019	17	1	6.359624019005696	0.14823204212309601	38.960771766143466	21	29.901041678729197	102.13	875.7036548584098	
15312	1	8.184980560652452	0.1120749996885365	56.11446302363794	21	37.629906622896094	111.86	168.25337347305305	74	1	6.28986200039875	0.1423541770477936	37.065716584545214	21	28.82865063301456	102.02	646.6379685769898	
15625	1	7.226321152193436	0.11727498591626466	56.05856043438179	21	35.62193813107671	115.36	143.92035313392267	51	1	6.157218415014626	0.1465680872317373	35.78910252476344	21	29.938294279685437	101.76	1124.6485635724214	
15937	1	8.45809016325913	0.11328283329954733	56.11514003016305	21	34.55195986255643	111.26	155.0412538962741	75	1	6.226339908357014	0.1490049314176414	37.09263800661868	21	30.295025916035634	102.01	856.6159659730776	
16250	1	7.319411812021977	0.11693223565225255	59.9062839289119	21	36.135142738320475	114.29	139.67085480824488	41	1	6.322671202154197	0.1452303284466333	33.30841472554971	21	29.84886141146101	101.71	1181.8448055019119	
16562	1	8.15208530343188	0.11819808630462686	61.83124062157916	21	35.18331950211975	112.69	132.7437188659276	76	1	6.249843753898731	0.15421789579871736	34.89668149084237	21	29.50891691083868	102.23	474.0992584371411	
16875	1	7.205493468229455	0.11772432685763863	58.67078650094206	21	36.193540659878906	114.91	122.55622792072896	52	1	6.243054601743641	0.17491611671330493	24.961425574198582	21	29.26435836373256	102.07	752.1122741972389	
17187	1	8.2841119017364	0.12027040969221407	51.941604729028946	21	35.31204901501658	109.67	229.499806774905	77	1	6.25183647698411	0.18884722502536772	27.38883038476144	21	29.40568015817468	102.2	556.9665591397746	
17500	1	7.7167638978785815	0.11606839945267966	72.35800467577245	21	35.203218761286855	113.95	135.74150372463032	20	1	6.163822062794883	0.18221379691140124	24.503193161517636	21	29.16399599368278	102.12	683.8496984146755	
17812	1	7.815430786584661	0.12387333629911895	56.803539958381144	21	34.23537821364383	111.17	151.31794997921725	78	1	6.1478685339596275	0.18481252799933304	27.543220476229493	21	28.827679962635067	102.15	713.7494532781055	
18125	1	7.078643731871709	0.11777830708727605	69.95673660836201	21	36.078540543465095	114.81	132.13472110683514	53	1	6.145714900273815	0.18801368198531496	24.64176967118852	21	30.062646502566643	102.09	641.5437212062157	
18437	1	7.599823684053844	0.1167228329682698	68.92826776174536	21	37.541848381105424	113.8	138.32151055923515	79	1	5.684305065278285	0.17459700372100623	27.0845326610384	21	29.322143176441955	102.01	811.1965650925333	
18750	1	6.803831918102838	0.1107939968268671	71.9715417536401	21	34.032479139141444	113.49	134.5691659658109	42	1	5.751555795853065	0.1410824792759115	35.208338015959114	21	30.045205011074362	101.85	1234.157517444661	
19062	1	7.491253961010253	0.11696043331824167	57.39408177728566	21	37.321725244116294	112.74	152.91922687792305	80	1	5.7036280778263	0.1560845399765095	37.00052803414413	21	29.25906425336116	102.07	936.1635081670396	
19375	1	6.567928803626458	0.11688582650954979	63.43506818255201	21	36.4149247129485	115.44	142.44981933774872	54	1	5.7444192966323415	0.1481730409044733	35.80669910017225	21	29.123425073294275	101.77	953.2546736146559	
19687	1	7.553155330625029	0.11695746529983668	69.79129869708302	21	36.986096685764196	111.69	174.0199878639492	81	1	5.774839026337604	0.1489399368220367	34.29078556609048	21	29.570188271488043	101.95	1048.010093892358	
20000	1	12.492816630459883	0.13918394406039902	35.422998234527675	21	30.68706031461438	105.26	116.77601688966034	1	1	5.887305203802562	0.14356806023756355	35.43501912994017	21	29.94460687291495	101.79	1166.809631532649	