index	success_ratio (division)	success_rate (division)	mean_second_ratio (division)	second_ratio_SNR (division)	probe_index (division)	mean_time (division)	mean_total_iterations (division)	total_iterations_SNR (division)	order_index (division)	success_ratio (sequential)	success_rate (sequential)	mean_second_ratio (sequential)	second_ratio_SNR (sequential)	probe_index (sequential)	mean_time (sequential)	mean_total_iterations (sequential)	total_iterations_SNR (sequential)	order_index (sequential)
0	0	0			81				0	0	0			81				
312	0	0			81				73	0	0			81				
468	0	0			81				94	0	0			81				
625	0	0			81				66	0	0			81				
937	0	0			81				74	0	0			81				
1093	0	0			81				95	0	0			81				
1250	0	0			81				63	0	0			81				
1562	0	0			81				75	0.01	0.04915599162382263	0.8611111111111112		81	45.16045088199513	2058		
1718	0	0			81				96	0	0			81				
1875	0	0			81				67	0.01	0.037148896492025595	0.9259259259259259		81	9.96936223785872	877		
2187	0	0			81				76	0	0			81				
2343	0	0			81				97	0.01	0.023828529898850006	0.9444444444444444		81	11.756018693353475	3669		
2500	0	0			81				18	0	0			81				
2812	0	0			81				58	0	0			81				
2968	0	0			81				59	0.01	0.02859078861972189	0.9464285714285714		81	12.571711935358255	2144		
3125	0.01	0.06088687826889051	0.9148936170212766		81	8.378677962662337	1375		57	0.06	0.11390191905750281	0.8587300031979522	26.1425172584645	81	61.98763124145999	1454.5	9.475141771352797	
3281	0.01	0.054297954596054764	0.9272727272727272		81	8.321402921804932	1039		79	0.04	0.09392581738941598	0.9221396776481522	29.567841402284923	81	35.896503719511834	2733.75	3.627131979290959	
3437	0	0			81				77	0.02	0.03714613661605714	0.9352598566308243	20.35979869968112	81	36.53724522799345	1758	1.0670332371896571	
3593	0.01	0.0434612542918059	0.8507462686567164		81	8.184485266516516	2988		78	0.04	0.07723170670486616	0.8566338525811048	19.96864095415026	81	25.76580668687326	2406.5	3.255045108813338	
3750	0.01	0.024742492509212215	0.9230769230769231		81	8.656780478395062	277		19	0.04	0.07699548229007995	0.8752727100941387	30.099826944465672	81	54.53936232812873	1592.25	3.004305444597124	
3906	0	0			81				82	0	0			81				
4062	0	0			81				80	0	0			81				
4218	0.01	0.01998405272592382	0.8852459016393442		81	8.868827786796537	695		81	0	0			81				
4375	0.01	0.019826596586257406	0.8913043478260869		81	8.841081133540373	2285		23	0	0			81				
4687	0.01	0.017972843034176112	0.8974358974358975		81	9.021302180503731	964		24	0.16	0.11414287263367921	0.8920480561763495	67.90412395984517	81	62.74737088695066	2424.375	10.841188452352801	
4843	0.01	0.019361983906318943	0.7		81	8.758709016393443	1878		25	0.22	0.1051405609822426	0.8696901799387272	62.05539544751163	81	47.49130478970367	2889.8636363636365	11.689235483673766	
5000	0.07	0.05756791986545406	0.7266260700581798	14.422036210048883	81	7.648754173468051	3731.8571428571427	10.064612312075466	3	0.46	0.17680577309284934	0.8701982530870621	89.36747462573571	81	35.926131238016914	2423.7608695652175	18.411898301435645	
5156	0	0			81				30	0.73	0.22735943814188428	0.8634375575132466	100.59715543351028	81	36.53278207634333	2335.109589041096	21.856182608695065	
5312	0.03	0.0330479459599987	0.7580868912390653	9.803492654014356	81	9.029719919322197	1987.6666666666667	6.720743202076347	20	0.74	0.22494835307406968	0.8665766294770382	117.65777687231245	81	28.459421064093874	2232.162162162162	25.921848027555793	
5468	0.03	0.03038679349438992	0.6463237021376557	9.44303395181175	81	8.572502330706534	3024.3333333333335	5.206278625961228	33	0.77	0.2602762646637854	0.8592504659747519	99.67813051209073	81	24.15588883178506	1887.1948051948052	22.924785967764077	
5625	0	0			81				6	0.77	0.25581089395608747	0.8346288606247161	100.7967036226426	81	28.302045312687202	1900.4155844155844	26.544861220050713	
5937	0	0			81				7	0.84	0.2663846372174222	0.8224165083042352	108.8227273240633	81	23.465678139929167	1815.7261904761904	23.990223841114325	
6093	0.01	0.01164072531031285	0.9206349206349206		81	9.240304129464286	519		8	0.9	0.2925176900073039	0.8195101573342536	99.3028505569352	81	21.969310440783506	1676.1666666666667	25.349801424208806	
6250	0.49	0.19861737983141844	0.7182384686925573	50.91141905155905	81	8.083849046001598	3385.3061224489797	18.169890776661617	5	0.85	0.2532602037046312	0.8491303734319211	102.28961306200576	81	21.560662912682726	1842.4	27.07752762134625	
6406	0.06	0.04148373491893427	0.6558929131794237	16.07970843463807	81	8.573502832924868	2880	11.615071433837413	17	0.86	0.3036452970992662	0.8207775118965397	94.58896131764568	81	18.153615612073292	1526.9651162790697	33.33382603481659	
6562	0.03	0.02694887528868917	0.6393866985264834	15.914674317790066	81	8.276741743584664	2794	2.1527401121039142	16	0.96	0.3551292689035154	0.8141992099706874	96.04647828381474	81	17.546656930034942	1391.5729166666667	27.95110450013791	
6718	0.41	0.17618517835741326	0.7343705225800954	47.83134731634792	81	9.326300674360116	2201.609756097561	21.292664517457084	46	0.95	0.36628214752379984	0.7972779733137783	103.23104849009398	81	18.700558700716645	1325.8631578947368	29.409369126334887	
6875	0.01	0.00864549327726445	0.8363636363636363		81	9.304478675314465	648		13	0.9	0.31958127750840654	0.8149450974899933	114.17047380904904	81	16.628541657094402	1420.3555555555556	24.900465744647033	
7031	0.04	0.02194955991132423	0.6213397129186603	6.909342002653351	81	8.772625056384735	2962	18.43314586504209	60	0.97	0.35399909493014425	0.8072179205088256	105.5765843485195	81	16.414572801930216	1322.7938144329896	31.71830214534761	
7187	0.02	0.01623063077100368	0.48237367802585196	82.93352390775763	81	8.515068664712507	2726	4.74771695939539	14	0.9	0.34639952335426377	0.819078742804511	107.90125778117839	81	15.567984623020875	1285.6333333333334	24.965215360501176	
7343	0.06	0.03838435146759308	0.6725883549453343	9.395461038143077	81	8.490496078027705	2665.5	4.426305860581758	15	0.96	0.3637512759712758	0.8157502841772805	105.00934649637306	81	16.77903337824479	1219.6666666666667	28.865830596440663	
7500	0.58	0.20298244201876703	0.6146143044293817	42.73702342929557	81	7.980342692471143	2827.9137931034484	43.274297458738005	4	0.98	0.36914018211418814	0.8052013551238887	95.86405320362879	81	16.57043614582478	1208.2244897959183	34.92463464845359	
7656	0.31	0.10968931739276154	0.602989358712566	28.566032075122457	81	9.121616502772323	2368	13.943387888805628	36	0.98	0.33885247953573233	0.8081438215729391	88.91068506921698	81	16.810546020585786	1301.8265306122448	30.220700224058007	
7812	0.14	0.06711650706521147	0.6709247703565022	19.45748303879713	81	9.22118045431743	2013.642857142857	6.038649376956535	35	1	0.38937716785737864	0.800751934554168	98.42379953442573	81	14.954611762236048	1124.02	35.449699935382014	
7968	0.64	0.15791574898699498	0.630216482299437	62.352769069508184	81	9.144990360657692	2557.875	28.504516273115712	40	0.98	0.3430719078718873	0.7760094661835865	92.46693625551946	81	14.2305981493591	1220.5714285714287	29.70224682445912	
8125	0.32	0.096562874652638	0.5751963468756126	29.435418681845146	81	8.546195408502404	2884.375	20.673167868089273	34	0.99	0.3597782457721562	0.7852558401358128	109.9876719140078	81	14.312788930605887	1183.5353535353536	31.985023199334947	
8281	0.82	0.17962036141369203	0.6682798587226481	66.53139798577286	81	9.300272494572173	2467.7195121951218	36.88602142303838	38	0.97	0.27585602817940774	0.743492564466927	96.19287591676523	81	10.837335645081378	1433.4536082474226	33.6322182033133	
8437	0.85	0.20817526299883135	0.6541610330754049	57.00165415551484	81	9.06596323089806	2146.6941176470586	22.28640967197032	37	0.99	0.3308214296097193	0.7675024419582228	81.56089454385211	81	11.665878389656719	1212.1313131313132	31.105080123454584	
8593	0.83	0.21119404789015672	0.6731069845727835	62.39474404073189	81	9.261882324454444	2048.132530120482	24.51189599407026	39	1	0.31680829581531017	0.7373519401408838	86.6759409003532	81	10.38282769967768	1231.88	33.46747128077927	
8750	0.55	0.1821800727461579	0.5466639267902019	43.62691627726103	81	8.355169529504993	2631.927272727273	36.73857143618155	9	0.99	0.30029875175818915	0.7629715134291137	87.0481969550707	81	12.588906126141522	1073.8181818181818	29.23532813000434	
8906	0.91	0.18300443815928336	0.6467117424366952	65.73027515280221	81	9.175041446138762	2101.197802197802	31.68388443335965	48	0.98	0.2471302005461568	0.7319656990921337	89.98192524486852	81	11.439129587275117	1127.061224489796	36.08819386028049	
9062	0.86	0.1755195890065956	0.6155682027390544	58.407635448960356	81	9.074447866568486	2174.279069767442	34.318328510100834	47	1	0.2719984158812237	0.7093021021100541	99.54647979943476	81	13.982072089748149	1008.17	38.37567168501458	
9218	0.98	0.19427360701858956	0.6310166771648846	63.407120794397706	81	8.724903366884861	1927.5510204081634	33.87764900141363	49	1	0.5701667110446399	0.7060487135929084	90.99018048247481	81	13.08478261605143	484.87	36.02550183283286	
9375	0.57	0.17197464912645835	0.5712451287976865	36.40363410922111	81	8.712140661951416	2377.9298245614036	36.24545400518386	10	1	0.35256791074954785	0.6984971936210853	90.52289497254091	81	11.22020166542981	772.86	39.47700627722156	
9531	0.91	0.21345898796044468	0.6290619404654043	55.400750800790085	81	9.178386314690368	1943.8241758241759	25.164515297549716	41	1	0.3315234363862835	0.6731838968415039	91.2315388191843	81	12.540247945557814	811.11	35.20187887729669	
9687	0.54	0.14664425001106682	0.5585348894752743	42.51980625950782	81	8.442653926938265	2503.037037037037	31.09409440354774	11	1	0.39148611653210297	0.6609213021394451	86.2283389551101	81	12.248161214369645	679.9	38.142389088820714	
9843	0.52	0.14972400395386493	0.5533596009486182	37.22318936431614	81	8.25373614628069	2498.153846153846	36.20637117540219	12	1	0.35559942862283245	0.7399802525920662	95.05736872178801	81	12.457510909752344	725.11	33.31385454299744	
10000	0.93	0.23179713314302786	0.46692584024298456	60.36060131316467	81	7.63155702004247	2458.8602150537636	56.99464227510838	2	1	0.35625311498817325	0.7247906865316343	105.5535696986756	81	9.579594593277966	712.05	39.40437591144405	
10156	0.94	0.17656212873821	0.5800750037109147	53.67152053672783	81	9.128291284376072	1962.627659574468	30.99913711713133	61	0.99	0.3825995280499625	0.7204800572611214	108.42641796420635	81	10.995189117505687	644.6666666666666	37.28726921285154	
10312	0.94	0.21075694477764365	0.6064439333332778	68.36826626998585	81	8.816104644029737	1546.4787234042553	37.48671099075339	50	0.99	0.38292480285174213	0.7218361348178466	98.58670652669922	81	13.446454157205128	637.9494949494949	37.57402310167165	
10468	1	0.29280836307534697	0.622872208769589	79.57659116513543	81	8.463556541190073	1150.05	55.89113117217995	54	1	0.6073098239651964	0.7014643110160843	107.7422302346118	81	9.672738358966454	394.54	41.1120588483442	
10625	0.95	0.20769462680883025	0.5835571028873346	64.69609510027664	81	9.106994118531993	1850.378947368421	33.58527125644947	42	1	0.4170893171747293	0.7306885475933718	95.33913265312223	81	10.44008413782281	569.53	33.51905885614114	
10781	0.87	0.19394412804057548	0.5705095986992706	60.31252040123562	81	8.9596449038379	1936.183908045977	47.14777631854698	45	1	0.46650037483305606	0.7146037096377716	90.88791036861751	81	8.979188837608845	505.26	41.002462784520404	
10937	0.98	0.23990178714591429	0.6079502128211647	74.13130586623998	81	9.21999929987743	1647.7448979591836	49.849444525261816	43	1	0.4114701416691698	0.7213335069875342	86.18384184292643	81	12.565010338796014	559.19	25.955591084029507	
11093	0.99	0.23847979967696722	0.5761027637990372	86.24815002747874	81	9.06722930542722	1647.878787878788	42.873665807179954	44	1	0.4540272443588373	0.7064135040609245	88.56481209664626	81	12.031509135047608	523.7	43.89237764422561	
11250	0.91	0.2306486422778967	0.5699992454831947	71.29246276977524	81	8.822635510975546	1705.065934065934	43.022545106884714	26	1	0.5352264650218886	0.7056003051468656	103.33202580882639	81	8.94637533868534	435.54	43.52277480667288	
11406	0.97	0.21463211281417943	0.5397664633558584	80.88837492660969	81	8.466279398910926	1878.680412371134	61.41589255082118	29	1	0.558622080431529	0.6904393952503046	96.56935242800463	81	11.100861202723454	402.59	44.20148184238249	
11562	0.97	0.23779971037466321	0.5069595304663622	76.37460582049084	81	8.365512857942443	1666.0103092783504	59.332377004559724	28	1	0.6007669390744144	0.6948294321772999	117.33098069565493	81	7.987834783846491	377.53	44.63300597222937	
11718	1	0.31413152058503485	0.5927265809753915	84.78250355100351	81	8.851365429972105	1009.85	45.726943856200045	55	1	0.6611701389118625	0.6885506745097193	96.45123518710307	81	9.856666274168393	339.07	42.88975920301339	
11875	0.96	0.25029683640442546	0.5640808273316666	74.87735282530424	81	8.578698580335733	1501.4895833333333	53.440926179596744	27	1	0.7095519888742435	0.6797244752745768	87.22129382394186	81	7.785559986037708	314.6	47.0784881759418	
12031	1	0.253765434965376	0.5423626264319216	84.1429933254483	81	8.483223401833493	1552.66	59.74280832296469	32	1	0.6722802063900402	0.6913338095798589	98.63457094853595	81	8.60076782966042	322.36	37.87268128386705	
12187	0.99	0.25680154454456294	0.5272946848280978	77.33587979798705	81	8.293256869451653	1502.1919191919192	42.847497937329344	31	1	0.7603735867506595	0.6792996010758584	91.8097977371997	81	9.841829174318741	283.09	45.57171857318301	
12343	1	0.34446364255145334	0.6611016256631396	67.96362027189687	81	9.06772522938069	979.47	27.77725660625126	98	1	0.8298658770769827	0.663962531918492	113.47928541926417	81	7.7938008058340476	256.02	46.598019485994165	
12500	0.99	0.2599185850977379	0.5316351603342279	81.82815931365445	81	8.223897887730692	1527.4444444444443	69.35697626755316	22	1	0.6801457960528384	0.6712730556950594	123.74331631568676	81	7.28431423112426	304.32	39.647321449998245	
12656	1	0.2611049911002331	0.5760586810386152	83.71759578450946	81	8.106390654869049	1123.71	38.006320799009515	56	1	0.695873401143819	0.6763556698957514	99.76358492870848	81	7.590580227488582	297.9	38.89035821210842	
12812	1	0.32884806495933055	0.5921079198268433	88.95571246956746	81	8.022724597522977	840.32	51.491558157472674	53	1	0.8000403220321874	0.6869675318588969	95.13565856649595	81	7.312570199669566	257.05	41.56249389381337	
12968	1	0.38125796829153513	0.6714810377042119	74.4026975339254	81	9.254271411425393	849.75	26.310559110845027	99	1	0.90108111712435	0.6846979823647271	100.44883852084634	81	17.514083296362067	236.99	36.32834777472455	
13125	1	0.35493125513984447	0.6121641891714481	95.83142560507102	81	7.947319300820765	753.02	45.515387501297816	52	1	1.0780311270707719	0.6808305475459178	111.99755778866952	81	6.979066273522974	182.95	52.03736646051802	
13437	1	0.2973265879841439	0.5609098889521492	76.69151026888142	81	7.813327990781176	971.08	54.294861736009025	83	1	1.1424745770845124	0.6746017720018866	109.4977413681911	81	8.406442023264121	170.22	42.5385699864761	
13750	1	0.4091381831482541	0.5894587324580585	84.15476394982399	81	7.65340445795452	627.71	45.3264788494644	51	1	0.7967035593528029	0.6597009567378785	89.93851603333934	81	9.464763682509124	244.14	36.431637797152135	
14062	1	0.37382870122190276	0.5637716380266233	86.48529496386931	81	7.348442904290513	738.49	40.45331400057309	84	1	1.0877723510024704	0.6641179611573219	95.56314843398191	81	7.321700047065754	174.03	33.9699072472954	
14375	1	0.47745641777818265	0.5252066954159428	83.89777041386698	81	6.688848083811047	566.62	44.89099387480452	68	1	1.2525740396513436	0.6511730302494508	111.74381052077511	81	7.161419917917396	146.2	61.22641420527151	
14687	1	0.45490234611337066	0.5741274896264315	88.87887910581563	81	7.1222052803266305	586.42	51.196902549798054	85	1	0.8934586319719287	0.6768913167868484	93.02444972785408	81	7.292192000789092	199.53	54.652970529581694	
15000	1	0.5358226941272242	0.5881079242829582	116.14277831478508	81	6.801715372477006	634.56	67.56483279313566	21	1	1.2530433289853433	0.6317610919767358	113.26070260408589	81	8.587385299084737	144.44	52.5887464975158	
15312	1	0.6913951039547037	0.5622971889534781	116.30110033927865	81	6.4436165035510315	375.99	47.82090885560012	86	1	1.2371613580073477	0.6175464692519999	97.53833617303502	81	7.987434626299515	142.98	62.26457090741309	
15625	1	0.5569764644025063	0.535235211251003	83.71056798408036	81	6.548242097999487	447.47	39.96650546163621	69	1	1.2133860751814012	0.6045477917786223	109.49343949124295	81	9.07907084431091	140.8	58.444383996014984	
15937	1	0.8125978672556278	0.5721572298414173	90.38167190486163	81	6.338437412722983	305.32	39.34645876784428	87	1	1.2461323168215952	0.5990619176304164	112.18449369704003	81	7.736201352901524	135.47	72.29865974692684	
16250	1	0.5647295877078805	0.5450200712485181	89.21025348520851	81	6.534835389983476	426.35	41.52900863522143	64	1	1.1915059920836553	0.6075397447906845	101.88691482876378	81	11.487530428095553	141.94	78.72872086139758	
16562	1	0.8242929009422392	0.5845645681999487	86.85843264855693	81	6.448503077063662	292.61	25.637693118379968	88	1	1.1555016321461549	0.6036507595113177	101.03117541425371	81	10.901548221277118	142.59	63.21768512148913	
16875	1	1.0283389652030739	0.5291541431753943	94.02140919177423	81	6.160080585091239	227.55	24.30100738491437	70	1	1.0915755473978122	0.5928501671827026	109.43550336092508	81	12.091270732422457	149.57	44.470865595925076	
17187	1	1.6101918704633231	0.5732934475654402	88.37001223573117	81	6.014042036698914	143.94	49.52607850258553	89	1	0.83147706079517	0.6090679726458882	86.27256727316382	81	14.84698383229463	196.96	33.23719013581284	
17500	1	0.7140001142400373	0.5468749675389352	78.72326065333235	81	6.817400921561155	315.05	48.339797040799276	62	1	0.9576544361426719	0.5948300920834158	94.56785128686177	81	8.964235386544757	157.97	44.97300698445768	
17812	1	1.220388791461106	0.5733799578402818	98.6617720468359	81	6.2342144759687415	184.65	39.908029910903416	90	1	1.1343681796114544	0.5693254171990692	116.19197314268155	81	10.438437890340783	135.71	81.27747777596646	
18125	1	1.60659345955793	0.5130645306727243	108.25572925577599	81	6.109450145876813	136.4	63.78427724836573	71	1	1.05843178512973	0.5662709809927154	119.63852699949429	81	11.921103964145411	142.7	58.48873563977816	
18437	1	1.0731122078317619	0.6034134795083381	84.28653410013735	81	6.1095855261479945	202.84	56.91399235916274	91	1	0.9507456698289006	0.5852378687313093	86.65985814257041	81	9.242317295514422	159.39	42.47700674363852	
18750	1	0.8505325184097602	0.5105360813083406	98.43860716180913	81	6.316928167468444	241.41	24.012253380242782	65	1	0.9194506098716398	0.5541771459891851	98.20731554598464	81	21.3927080191589	156.75	43.50404444580736	
19062	1	0.8174536156382047	0.5466945745205382	82.6724463786012	81	6.513440072714181	257.81	49.69558605439855	92	1	1.0270230299644554	0.5480366897108836	94.32540494425024	81	10.714073461559744	139.8	47.13389388806557	
19375	1	1.3903216926331552	0.4939872940389243	120.41299822945638	81	6.08881073771292	142.89	87.78822349805297	72	1	1.048498288326626	0.5357891522094183	117.87891345417853	81	11.368344351930878	136.04	50.92526424505884	
19687	1	1.2753198821095029	0.5017809501404608	131.65410366863685	81	6.250022866705884	159.56	29.019994425365194	93	1	1.0546364984381826	0.5294370055695381	100.94279689045551	81	12.631647545247187	133.82	100.13321024993967	
20000	1	0.98501302679729	0.5106026110738326	76.3786522672576	81	6.051002897859819	307.39	55.15871871727579	1	1	1.0091835704915482	0.5292650082797801	94.98235944047101	81	16.624217700151473	139.11	57.519952801482304	