index	success_ratio (division)	success_rate (division)	mean_second_ratio (division)	second_ratio_SNR (division)
0	0	0		
11	0	0		
23	0	0		
34	0	0		
46	0	0		
57	0	0		
69	0	0		
81	0	0		
93	0	0		
104	0	0		
116	0	0		
128	0	0		
140	0	0		
151	0	0		
163	0	0		
175	0	0		
187	0	0		
198	0	0		
210	0	0		
222	0	0		
234	0	0		
245	0	0		
257	0	0		
269	0	0		
281	0	0		
292	0	0		
304	0	0		
316	0	0		
328	0	0		
339	0	0		
351	0	0		
363	0	0		
375	0	0		
386	0	0		
398	0	0		
409	0	0		
421	0	0		
432	0	0		
444	0	0		
456	0	0		
468	0	0		
479	0	0		
491	0	0		
503	0	0		
515	0	0		
526	0.265	828.1250000572413	0.41283018867924515	42.56409501688542
538	0.33	1030.284108673456	0.3472727272727275	53.371964069161315
550	0.573	1479.8553719107929	0.36640488656195497	68.79624235268872
562	0.012	40.844111642669276	0.3458333333333334	9.443031223186289
573	0	0		
585	0	0		
597	0	0		
609	0	0		
620	0	0		
632	0	0		
644	0	0		
656	0	0		
667	0	0		
679	0	0		
691	0	0		
703	0	0		
714	0	0		
726	0.085	293.2045532908013	0.3788235294117647	26.008924730930175
738	0.64	1374.8657357941229	0.3699218750000003	73.56944384355273
750	0.845	1774.8372190721445	0.44207100591715975	89.44095893467977
761	0	0		
773	0	0		
784	0	0		
796	0	0		
807	0	0		
819	0	0		
831	0	0		
843	0	0		
854	0	0		
866	0.21	566.9546436511043	0.4083333333333333	44.469799770199316
878	0.056	165.38688718827072	0.375	22.776502252937096
890	0.693	1558.7044533813812	0.37597402597402607	77.37154383335513
901	0	0		
913	0	0		
925	0	0		
937	0	0		
948	0	0		
960	0	0		
972	0	0		
984	0	0		
995	0	0		
1007	0	0		
1019	0	0		
1031	0	0		
1042	0.27	751.461174543869	0.48759259259259263	64.30043394496026
1054	0.385	1028.8615713766724	0.3681818181818184	58.895149578661055
1066	0.181	440.8183146896172	0.44171270718232064	45.6946514631709
1078	0.457	956.8676717242589	0.42943107221006604	68.86109570360755
1089	0	0		
1101	0	0		
1113	0	0		
1125	0	0		
1136	0	0		
1148	0	0		
1159	0	0		
1171	0	0		
1182	0.167	397.335236737602	0.4230538922155689	40.79280299367958
1194	0.866	1783.728115416005	0.378175519630485	87.81195188115026
1206	0.517	1116.6306695733895	0.4014506769825922	70.20406975497352
1218	0.651	1355.9675068086156	0.40829493087557633	81.07501813027955
1229	0	0		
1241	0	0		
1253	0	0		
1265	0	0		
1276	0	0		
1288	0	0		
1300	0	0		
1312	0	0		
1323	0	0		
1335	0	0		
1347	0	0		
1359	0	0		
1370	0.368	751.7875383104712	0.3887228260869568	61.58754960236886
1382	0.144	351.476690245427	0.35034722222222214	34.46975064443113
1394	0.585	1247.334754765861	0.43641025641025677	80.37636977855132
1406	0.165	394.83129935356044	0.3809090909090908	39.06330127031311
1417	0	0		
1429	0	0		
1441	0	0		
1453	0	0		
1464	0	0		
1476	0	0		
1488	0	0		
1500	0	0		
1511	0	0		
1523	0	0		
1534	0.469	907.6833753042318	0.37505330490405137	63.139598837511336
1546	0	0		
1557	0	0		
1569	0	0		
1581	0	0		
1593	0	0		
1604	0	0		
1616	0	0		
1628	0	0		
1640	0	0		
1651	0	0		
1663	0	0		
1675	0	0		
1687	0	0		
1698	0.201	487.2727273002308	0.4721393034825871	59.974084949467546
1710	0.499	957.5897140431225	0.446292585170341	76.4773266825619
1722	0.307	591.522157995881	0.4151465798045606	56.434477337385275
1734	0.591	968.8524589923564	0.43468697123519473	81.37075948134702
1745	0	0		
1757	0	0		
1769	0	0		
1781	0	0		
1792	0	0		
1804	0	0		
1816	0	0		
1828	0	0		
1851	0	0		
1863	0	0		
1875	0	0		
1886	0.153	329.38643702774266	0.4480392156862744	53.515670519144635
1898	0.001	2.0153164046993646	0.25	
1909	0	0		
1921	0	0		
1944	0	0		
1956	0.003	7.027406887002093	0.5	
1968	0.003	6.330449462143195	0.5833333333333334	5.715476066494078
1979	0	0		
1991	0	0		
2003	0.002	4.2689434363424725	0.5	
2015	0	0		
2026	0.034	74.25202009034123	0.3779411764705883	16.155897721010533
2038	0.073	158.11132770701016	0.4431506849315068	27.807443453148167
2050	0.313	614.9312377319918	0.4051118210862621	55.36493070639086
2062	0.081	155.76923077236935	0.38703703703703696	30.018872530307323
2073	0.003	6.465517241684277	0.4666666666666666	11.43095213298803
2085	0	0		
2097	0.004	8.210180623919582	0.6375	6.8977727052058455
2109	0	0		
2120	0.111	214.24435436525363	0.6126126126126128	54.978661861856295
2132	0.393	543.9446366755714	0.5987277353689563	93.03319651764849
2144	0.186	338.859537259838	0.61263440860215	70.72805960090444
2156	0.142	250.2643637645811	0.5809859154929577	49.54642357816012
2167	0	0		
2179	0	0		
2191	0	0		
2203	0	0		
2214	0.399	675.4697816142875	0.43571428571428605	71.01198598994398
2226	0.063	134.81703402832792	0.3531746031746032	23.350519530905263
2238	0.389	639.4870951910814	0.42043701799485894	65.72663683595208
2250	0.145	295.0152594077334	0.3724137931034482	37.1871233548452
2261	0	0		
2273	0	0		
2284	0.298	454.1298384655265	0.5645973154362413	76.14985679314805
2296	0.145	267.9726483079163	0.572758620689655	55.544366454057304
2307	0	0		
2319	0	0		
2331	0	0		
2343	0	0		
2354	0	0		
2366	0.207	396.2480857457481	0.4690821256038649	62.347385835673414
2378	0.055	98.70782483667153	0.38636363636363635	22.80113847819199
2390	0.246	401.17416830236084	0.35711382113821144	44.503599555477116
2401	0.003	6.23570983157729	0.7166666666666668	9.737582493643613
2413	0	0		
2425	0	0		
2437	0	0		
2448	0.176	302.8738599154517	0.5397727272727274	54.88914324540875
2460	0.347	504.9476135145446	0.5484149855907781	87.79125848145603
2472	0.231	396.4304101404668	0.5590909090909089	61.96947807255615
2484	0.135	243.59437025762995	0.5211111111111111	42.998432100372
2495	0	0		
2507	0	0		
2519	0.001	1.7699115044174851	0.8	
2531	0.001	1.8730099269194505	0.25	
2542	0	0		
2554	0.411	680.2383316764698	0.3609489051094894	61.551443947827444
2566	0.159	272.0739219747646	0.4141509433962264	43.76357854347153
2578	0.16	275.00859402547457	0.4525000000000001	51.46991229020853
2589	0	0		
2601	0.006	11.039558417668022	0.6333333333333334	9.406401658278446
2613	0	0		
2625	0.014	24.608894358231044	0.48214285714285715	20.018287891752767
2636	0.197	310.2850842772318	0.48477157360406087	49.94362282845916
2648	0	0		
2671	0	0		
2682	0.643	869.0363562808775	0.42799377916018705	90.63343836175365
2694	0.329	490.38604859338443	0.4284194528875383	64.46365851432259
2706	0.361	551.5660809988406	0.40567867036011135	62.95915346672565
2718	0.176	304.4982698916554	0.4579545454545455	53.14693386782694
2729	0.001	1.814552712814262	0.75	
2741	0	0		
2753	0	0		
2765	0.011	19.0377293181323	0.5227272727272727	12.259041190447604
2776	0.224	378.0590717307006	0.48750000000000016	52.063845016052866
2788	0.157	247.75130188698114	0.4410828025477707	34.89865047675806
2800	0.045	82.41758241726612	0.518888888888889	21.13951494982516
2812	0.386	470.5021940534714	0.46614853195164097	65.63966014673673
2823	0	0		
2835	0.003	5.275189027574859	0.4666666666666666	11.43095213298803
2847	0	0		
2859	0	0		
2870	0.33	483.58733879026164	0.39106060606060633	52.173247063323934
2882	0.215	331.43209496393115	0.3479069767441861	43.226540466792784
2894	0.009	16.301394674854368	0.4166666666666667	14.907119849998558
2906	0.141	246.89196287821235	0.4709219858156028	46.43606614437859
2917	0.001	1.8254837531936656	0.5	
2929	0.002	3.529204164487304	0.5	
2941	0.043	67.86616161605188	0.6372093023255816	34.113766796025196
2953	0.002	3.1852205765643733	0.375	2.1213203435596424
2964	0.104	163.93442622694516	0.4336538461538461	33.458063552197096
2976	0.01	17.461148943914257	0.35	8.133265027035577
2988	0.402	536.8589743581064	0.4449004975124381	67.98150446736656
3000	0.724	911.7239642372045	0.45345303867403314	92.66835685022501
3011	0.025	39.98080921252822	0.452	16.59328672231476
3023	0.098	130.89354881856983	0.43724489795918364	31.55518683148694
3034	0.183	264.60381722769966	0.3781420765027322	40.89179707809718
3046	0.248	358.32972113092114	0.35302419354838716	44.23774210171775
3057	0.012	19.90710019833131	0.5375	23.080036725232763
3069	0.043	68.97658004688317	0.4116279069767442	18.87230619405756
3081	0.006	10.089120564718993	0.375	4.0089186286863665
3093	0.101	137.94045342829708	0.3861386138613861	30.332353726468547
3104	0.578	669.7566628173622	0.43676470588235333	76.64527639795044
3116	0.202	294.5894706131909	0.4351485148514852	40.25706112927216
3128	0.436	536.4833271939428	0.42018348623853236	66.22550438947424
3140	0.022	35.691109669105394	0.45454545454545464	13.93021417095029
3151	0.093	125.47220723329796	0.40949820788530455	26.88551551350305
3163	0.004	6.116207950981061	0.4375	6.062177826491071
3175	0.071	107.31559855024115	0.41478873239436614	25.89776095321177
3187	0.079	104.62190438222207	0.41645569620253164	26.896401185024033
3198	0	0		
3210	0.149	215.06928406783092	0.40738255033557036	40.40320426758355
3222	0.346	471.06875426012	0.39364161849711027	61.126850497833885
3234	0.522	676.5163297236176	0.39731800766283565	73.31838461543867
3245	0.019	29.27129872087174	0.40263157894736845	14.016038560341862
3257	0.138	155.86175739792566	0.383695652173913	32.165145788757044
3269	0.03	46.533271288655676	0.445	18.592900587519825
3281	0.024	35.4348147049097	0.38125000000000003	11.235871351533875
3292	0.296	396.9424701625363	0.39729729729729735	46.70268933110091
3304	0.453	608.7891412356175	0.40033112582781466	63.41328239379429
3316	0.168	260.869565217297	0.4053571428571428	39.11496458318915
3328	0	0		
3339	0.196	250.00000000475166	0.382908163265306	39.655759540865205
3351	0.225	260.9300707474386	0.3908888888888889	44.65364722236825
3363	0.013	19.670146769046642	0.34615384615384615	9.472226608515914
3375	0.124	151.07212475876935	0.394758064516129	34.17102361814781
3386	0.02	30.797659378134618	0.3775	13.49762738811732
3398	0.205	311.64487686875424	0.40146341463414653	48.1376395064187
3409	0.195	237.65996343645662	0.3782051282051282	40.92110136753708
3421	0.075	102.85244103104382	0.3426666666666666	25.70058667092785
3432	0.204	302.40142306620913	0.38210784313725493	39.67579594309188
3444	0.039	60.10171058713454	0.3384615384615385	17.62834533811146
3456	0.143	219.69580580470318	0.379020979020979	35.28153963345335
3468	0.144	198.2378854587045	0.3618055555555555	33.53737957482233
3479	0.376	374.87537387949624	0.35425531914893627	56.17173050376053
3491	0.182	198.1491562330388	0.352014652014652	38.49271545923483
3503	0.41	397.20984304750743	0.3452439024390245	57.20390748707112
3515	0.03	46.81647939907863	0.38	16.373159536292405
3526	0.378	472.38190452513356	0.3620811287477955	54.65604802772722
3538	0.455	585.8117677226816	0.3364468864468866	61.249859425409674
3550	0.25	334.537668933789	0.3444	44.03714583295981
3562	0	0		
3573	0.247	291.51422164729274	0.3508097165991904	44.92654983999223
3585	0.154	207.2399407907052	0.357034632034632	36.077151428504514
3597	0.18	243.44062752912467	0.37027777777777765	39.54982256031173
3609	0.358	397.68940235340705	0.34720670391061476	53.703988836937484
3620	0.18	255.06589202523622	0.34805555555555545	38.96292665817418
3632	0.114	170.45454545097314	0.3517543859649122	28.80119278916655
3644	0.067	102.83960092440637	0.35447761194029853	25.10201910776619
3656	0.298	386.16042502960045	0.3429530201342281	49.31980064092816
3667	0.384	432.8223624900008	0.33884548611111137	55.75721171217795
3679	0.241	281.11512889195217	0.34688796680497924	43.42721691784321
3691	0.302	360.2528927578347	0.3294701986754968	47.80918401286572
3703	0.208	270.83333332947427	0.33966346153846144	42.82698673793783
3714	0.252	342.11240836097426	0.3323412698412699	45.58329313938469
3726	0.206	283.5512732204438	0.34660194174757275	41.455956872396065
3738	0.044	67.59870947837021	0.35113636363636364	16.21152028165833
3750	0.083	117.38085135995968	0.3337349397590361	25.40300340443122
3761	0.385	457.7339198719854	0.3371428571428573	56.5083740053581
3773	0.147	186.38265500081243	0.34149659863945575	34.34948985350053
3784	0.375	462.3351004855532	0.3227111111111112	55.99276726133449
3796	0.604	644.4041395362924	0.3241445916114792	69.73350037954138
3807	0.13	177.01525054788362	0.33782051282051284	32.09387774715183
3819	0.61	660.8884073602787	0.3225683060109291	70.2189460961722
3831	0.42	475.6511891427724	0.3250396825396827	59.58885178658342
3843	0.13	167.0736409210701	0.34653846153846146	33.83188600779842
3854	0.496	578.0212096410067	0.3272849462365594	63.97928585878444
3866	0.034	48.002258929939295	0.3058823529411765	16.969732912396925
3878	0.62	707.8433611032564	0.32145161290322594	71.70831837656743
3890	0.033	49.683830171690786	0.2924242424242424	17.824566236255325
3901	0.244	307.266087394859	0.3099726775956284	46.652201765412904
3913	0.641	722.4977457189856	0.32308892355694246	72.46065484958521
3925	0.471	554.5090652183148	0.3000000000000001	67.79943219364299
3937	0.118	163.866129702862	0.3067796610169491	33.11858807487231
3948	0.347	369.5420660225577	0.3067723342939482	55.319070339129695
3960	0.571	633.7402885594141	0.2988616462346761	73.87908514759812
3972	0.125	171.8685549295093	0.334	32.06787106928158
3984	0.127	173.6633392555256	0.2744094488188976	43.242104701973936
3995	0.182	212.29441269018793	0.31172161172161167	39.589434622137695
4007	0.285	355.4945740382595	0.3146198830409357	49.861306850851676
4019	0.086	116.95906432744094	0.3046511627906977	27.712770118719984
4031	0.134	163.25536062641206	0.27238805970149255	46.46720622458085
4042	0.247	288.78755991214695	0.3099865047233468	46.0046808448734
4054	0.731	757.1206628759178	0.28340173278613784	92.88555766842853
4066	0.5	534.5306820682551	0.3384000000000002	61.281898013687986
4078	0.344	393.1428571428571	0.38590116279069786	55.39691718930974
4089	0.369	370.70524411762426	0.40826558265582696	62.318494358217286
4101	0.256	259.05687108069435	0.35735677083333334	46.892340056964905
4113	0.4	332.2811098140739	0.39087500000000036	63.99514734600582
4125	0.349	303.2409418695175	0.412893982808023	60.735279395965904
4136	0.294	245.40901502423094	0.3760204081632653	50.06127437630535
4148	0.553	459.6841230224771	0.43188667872212216	85.62430790242314
4159	0.493	384.975792597752	0.4217714672075733	79.31061848341517
4171	0.8	597.5500448172718	0.40960416666666644	93.08416527704537
4182	0.485	339.7072214050128	0.39690721649484595	70.15223897086392
4194	0.653	446.8929646894216	0.44464012251148566	89.61091075996144
4206	0.781	513.4442179958562	0.3996798975672215	90.21125780752126
4218	0.617	379.3887966541581	0.34959481361426287	71.51618463834451
4229	0.651	375.97458850828815	0.3402457757296469	73.1909484790911
4241	0.521	264.8299700071756	0.29702495201535506	70.36681557699968
4253	0.727	376.4888658703805	0.31937184777624966	77.01175447638066
4265	0.797	420.9581154606489	0.3069008782936011	82.71311417303134
4276	0.939	529.9695225231488	0.31586794462193823	91.00909698243301
4288	0.895	448.4417276270667	0.3004283054003724	90.84027161786526
4300	0.969	527.0601033415139	0.3011695906432749	93.6788328292499
4312	0.951	481.29966091636186	0.2906940063091484	100.15061330935912
4323	0.979	506.54524758746277	0.2919475655430712	98.30354809452038
4335	1	521.2677231039393	0.3078499999999999	91.99491654440024
4347	1	549.1186645430989	0.30569999999999986	94.0788341916917
4359	0.999	522.8723961051453	0.29274274274274287	99.1652922259177
4370	0.999	547.9677472410884	0.2827827827827828	107.95688470381859
4382	1	529.7171310529199	0.2865500000000001	104.10201189216151
4394	0.999	509.0186487315527	0.2900400400400401	97.80839887128758
4406	1	556.7308762998261	0.28945000000000004	100.54369616050587
4417	1	523.176729095865	0.28875	102.72137302298988
4429	0.999	558.4749552743586	0.2863363363363364	102.37894598711709
4441	1	537.3166406937139	0.28885	104.0363204559844
4453	0.998	525.9552042183325	0.2934368737474949	96.79817768587618
4464	0.997	546.3911875932617	0.3005516549648948	91.89160113709129
4476	0.999	524.1618133211153	0.28473473473473476	106.64754151060673
4488	1	532.6515393636357	0.28755	102.8399936292864
4500	0.999	534.8252047719764	0.2931431431431431	100.22520724527153
4511	0.998	519.575177011582	0.29458917835671344	98.44595491258808
4523	0.997	539.4437831381238	0.29132397191574727	99.59714427875248
4546	0.997	532.1874666432511	0.29127382146439323	98.58818236919197
4557	0.999	532.2890025580598	0.2952952952952954	99.41337435702268
4569	1	543.3010974694265	0.28615000000000007	104.6223873206658
4581	0.999	540.3797262934858	0.2944444444444444	98.62998110531586
4593	1	547.4052988803489	0.28550000000000003	105.63681134631466
4604	0.998	532.8919265237332	0.2916332665330662	99.36385545799887
4616	0.998	547.5393646731219	0.2925851703406813	95.1185149163516
4628	0.999	526.1771831834565	0.29159159159159165	99.26554474878948
4640	0.999	552.116723776363	0.29494494494494494	97.99880088925849
4651	0.998	532.1815176198031	0.2900300601202405	99.16180951910889
4663	0.998	531.8695374097163	0.2975450901803607	94.39450905378838
4675	0.997	531.4782237902962	0.29834503510531596	94.87433748036149
4687	1	547.4052988803489	0.29085	101.25931680532359
4698	1	514.2974696544417	0.2904	98.65254133164424
4710	0.998	543.1292517024008	0.2987975951903807	92.73907716135682
4722	0.998	517.8497301770083	0.28456913827655317	107.36968813766029
4734	0.996	520.7843137318304	0.29317269076305225	99.33514705897672
4745	1	526.2603936417556	0.2918	99.8821946479517
4757	0.999	543.6734693894773	0.2873873873873874	103.31930079275156
4769	1	517.7323323825348	0.2905999999999999	102.69354409320655
4781	0.998	541.9789290742916	0.2943386773547094	96.79938609392768
4792	1	516.689056529102	0.28579999999999994	106.34313976712696
4804	1	536.9415807607395	0.29545000000000005	97.6990352391513
4816	0.999	531.8922372465963	0.2853353353353354	106.58794498013593
4828	0.999	523.804530204936	0.2850850850850851	105.13986314779183
4839	1	538.4159801853335	0.3088999999999999	92.32970601602183
4851	0.997	499.62415434978806	0.29222668004012037	99.67231199896642
4863	0.999	522.8176679970379	0.28918918918918923	102.27455628837696
4875	0.999	527.0377209142736	0.29099099099099107	102.4262471477449
4898	0.999	546.7381786340591	0.2894394394394395	101.83472906734293
4921	0.999	536.9235730367619	0.2923923923923924	99.63783737518978
4932	0.998	527.5399090860249	0.28877755511022046	102.79719341634788
4944	0.998	533.8325755547617	0.29046426185704743	100.62308615507382
4956	0.999	534.6534653432702	0.29039039039039044	100.75993782575057
4968	0.994	530.3596201070948	0.3073943661971831	89.78441607519795
4979	0.999	529.7486477836222	0.28103103103103105	110.75233979389454
4991	1	541.7998591304784	0.2826	107.92908469036179
5003	1	536.1930294932941	0.30150000000000005	96.00516038673906
5015	0.996	538.5821662245698	0.2878012048192772	102.24427891014383
5026	0.999	533.4543706926761	0.29174174174174167	98.40488981235343
5038	0.998	506.7275958348294	0.2993987975951903	93.95065406604309
5050	0.999	554.1380075423035	0.29657991324658	97.33602091884072
5062	1	527.9831045405898	0.2906	98.49976320944046
5085	1	531.7169139125434	0.2895	101.12162525219789
5097	0.997	526.3713637069729	0.29112337011033107	98.42445526876612
5109	0.991	519.909763393161	0.286175580221998	102.93405759955061
5120	0.976	476.5624999977245	0.29103483606557384	98.32223259909853
5132	0.998	513.8238171253093	0.28812625250501006	102.35361534737402
5144	0.999	534.0817963140055	0.2916916916916918	99.00245273165287
5156	0.996	522.0946689781556	0.28750000000000003	102.12041301074301
5167	0.997	530.7426137899647	0.2934302908726179	99.71974041066971
5179	0.998	527.4005178863893	0.2942885771543087	98.80915529092745
5191	1	529.8013245082127	0.2852500000000001	105.39847069973749
5203	0.993	494.6697220279438	0.28580060422960735	100.11366412610359
5214	0.982	481.9395367073546	0.29282077393075356	96.27862211125314
5226	0.983	484.92920921355307	0.2836724313326552	101.2771451433262
5238	0.986	501.3219442763175	0.2858350236646383	103.8979114953663
5250	0.998	567.8197542064956	0.29739478957915827	95.729582635168
5261	0.999	539.7957529639223	0.2940440440440441	99.16620980465756
5273	1	519.1838429957055	0.2851	104.99850340567941
5296	1	532.9638117644434	0.29710000000000003	97.63258571709078
5307	0.999	539.766587417364	0.2893893893893894	101.52454505751452
5319	0.998	542.2734188260017	0.2846192384769539	104.76537029555877
5331	0.995	521.2699077941893	0.28592964824120604	105.89815958405916
5343	0.996	534.9374295106632	0.29518072289156627	98.4950901879656
5354	1	536.6822304521411	0.29	101.23286668223601
5366	0.998	520.2251876577316	0.292685370741483	96.53922139206476
5378	0.999	509.48592411241356	0.29114114114114104	97.98022750878293
5390	1	515.1983513675004	0.2908499999999999	98.20572462940981
5401	0.996	529.5055821388652	0.28724899598393566	100.52952683048623
5413	0.997	512.5700478093596	0.2867101303911736	103.81436778281495
5425	0.996	524.8182105579083	0.2915662650602411	99.95330018396986
5437	0.996	512.8469182881188	0.29272088353413656	99.81399519285236
5448	0.99	506.4974930939159	0.29060606060606065	100.47414822179506
5460	0.998	509.6777488410442	0.2875751503006013	103.79052909560535
5472	0.996	515.6614030530046	0.29989959839357433	92.30835855626185
5484	0.998	522.6772808200787	0.2961422845691383	97.9961280375097
5495	0.997	520.4635623282907	0.29463390170511544	98.45615693863576
5507	0.999	526.9265256597561	0.2933433433433434	98.92328404821554
5519	0.998	517.5811637810783	0.30065130260521045	93.52530266745102
5531	0.998	518.1185754291246	0.2882765531062125	102.46530535124569
5542	1	535.905680605965	0.2922500000000001	100.8705548753817
5554	0.999	536.5775056358652	0.28883883883883893	100.76934792978763
5566	0.999	530.5645546771764	0.30155155155155156	93.83999001469215
5578	0.999	546.9477142088253	0.29209209209209214	98.47718892260116
5589	0.996	517.8330040554065	0.30190763052208847	91.7000293446103
5601	0.997	523.551961352087	0.2949849548645938	97.50302267092844
5613	0.998	522.5678081490936	0.3011523046092184	93.86822289982778
5625	0.998	527.7630883121521	0.29458917835671344	97.22476740600355
5636	0.998	505.6492881384437	0.2857214428857715	100.75232823663266
5648	0.999	521.8617771498251	0.29264264264264267	97.22601432707958
5671	0.999	505.79717483133726	0.2896396396396397	98.39575025066708
5694	0.999	522.516868035275	0.2893393393393393	103.39976934036906
5706	0.999	527.733755939897	0.2858858858858859	103.41955202269311
5718	1	529.7171310529199	0.2956999999999999	98.16041306378565
5729	0.999	532.9705505760123	0.28558558558558567	105.57948862701926
5741	0.996	520.3761755513746	0.29066265060240964	100.15603634928797
5753	0.998	515.9222497936771	0.2926352705410821	98.64118370223079
5765	0.999	515.6129032258065	0.2796796796796797	109.54323427927812
5788	0.999	529.7205578255772	0.29734734734734736	91.55600972275768
5800	0.998	516.1623997894541	0.29809619238476953	96.9036785401979
5812	0.999	530.3673816093951	0.28638638638638647	106.11298872327555
5823	0.998	517.6348547757225	0.29564128256513034	95.89100993323554
5835	1	522.5479437725824	0.2900500000000001	100.73810755350213
5847	1	529.9978800063741	0.28895000000000004	99.06589679753723
5859	0.999	532.7147656334503	0.2955955955955957	97.01982023169458
5882	0.999	503.2492065914261	0.28663663663663663	103.36497314055127
5894	0.998	536.3572848956145	0.2846693386773547	105.91568889606043
5906	0.998	523.6371268212944	0.2918837675350701	100.17352497758911
5917	1	524.0815470885735	0.2859	104.91453736624582
5929	0.976	463.96653356744997	0.290983606557377	98.20710415443872
5941	1	536.4806866948769	0.2951500000000001	97.77579101185295
5953	0.994	506.8583957944011	0.28677062374245466	103.37248959003479
5976	0.994	511.4484178045259	0.29320925553319915	97.58686405588162
5988	0.983	490.1765233881872	0.29150559511698876	98.75932506056034
6000	0.998	519.1427382410576	0.289629258517034	102.31522453113293