index	success_ratio (division)	success_rate (division)	mean_second_ratio (division)	second_ratio_SNR (division)	probe_index (division)	mean_time (division)
0	0.98725	476.32832760393245	0.28699670802734856	199.4910205614094	0	117.67342478910808
1	0.9945	492.8635147190891	0.28421317244846633	208.34265571647794	1	117.99136672597724
2	0.9925	478.9133371935866	0.28311922753988217	210.57214497852036	2	118.80705432344145
3	0.99475	485.1433239450592	0.2899472229203316	198.0912894265517	3	117.27914284367928
4	0.92325	407.1350612411307	0.28192075097030395	205.8811747908324	4	116.96966018904011
5	0.97225	462.0960076045052	0.2890031713379618	195.6582584181754	5	116.9613235548181
6	0.998	492.705684875751	0.28674849699398797	204.3302056457552	6	116.10363906523986
7	0.957	457.8290197579639	0.2945663531870427	183.86285478425978	7	118.70070839047808
8	0.98725	470.5223524926362	0.2813497087870344	214.3061051197155	8	118.80282552742777
9	0.99575	481.38747884944166	0.28439618378106946	208.21209210186598	9	117.8904930426971
10	0.984	480.16395842490573	0.285259993224932	203.52468880850648	10	116.97594594567771
11	0.98925	476.39112951775905	0.2843273523713249	205.7827681964935	11	118.52039512651626
12	0.9965	487.0359961877931	0.2915203211239335	193.020142723335	12	119.77298474347711
13	0.99425	494.1047845047278	0.29321515380102237	188.993153743005	13	118.00349622634837
14	0.99425	486.82261638086544	0.2898290168468693	195.9654032362295	14	117.10047759971398
15	0.99525	495.6671148961472	0.2935066566189398	192.82799408920417	15	117.6116325495321
16	0.99625	484.89346945230335	0.28418653283145123	206.73756269491687	16	116.7096251078262
17	0.975	456.0443415421662	0.28247008547008534	212.3974406010323	17	120.44985782251601
18	0.954	454.97359102451003	0.29379804332634496	185.85565607659706	18	119.35239477897342
19	0.985	468.00019005086193	0.28733502538071065	197.61731995050468	19	115.34038219781085
20	0.97375	461.6569870807159	0.2912751390671799	190.26176237100066	20	117.77315162668494
21	0.99225	479.4115160226924	0.2846644830771813	207.8496822690015	21	118.52979226702263
22	0.98075	470.2258234645285	0.2898037216416005	197.32950068031252	22	117.60345085274338
23	0.98775	474.1332757317284	0.28352315869400124	208.2222243469205	23	117.84230363621025
24	0.99225	488.47427171920924	0.28433694465440484	209.59229549127218	24	118.63145746724618
25	0.99125	483.08295868508503	0.2903783102143757	197.56369769906152	25	117.24783634142499
26	0.99575	484.43201167600495	0.29109130471169115	193.45422456790044	26	116.08289002675433
27	0.9865	471.24858183556574	0.2936644703497211	187.5484639606066	27	116.4201938078117
28	0.979	464.47633732660995	0.29140279196458957	190.70620321471256	28	116.58521425521893
29	0.9895	480.0426920231356	0.29565016001347455	186.8207620876809	29	116.88818926857002
30	0.9925	474.0921195620435	0.28329974811083114	210.11529333277343	30	116.67836773850753
31	0.9945	490.2274911887863	0.2885620915032679	197.9388554406519	31	118.20363036741135
32	0.98225	475.6543425099363	0.28934419275472956	197.32443245125128	32	117.014487276104
33	0.98125	470.8210879865914	0.289656050955414	195.70557790629434	33	119.57640759355091
34	0.99675	486.30253945797836	0.28458322882702103	206.38686896691308	34	119.38277389798093
35	0.9805	462.44001367752946	0.2845954445011047	206.92158094992797	35	120.21241016222588
36	0.97025	448.33362213370503	0.28148673022416887	210.82400867323707	36	118.80179097687451
37	0.995	492.34271011156414	0.28792294807370183	203.97679895059315	37	118.51667517273867
38	0.98925	489.6307661849365	0.28168646280852494	215.68279933454104	38	117.66194910719928
39	0.9955	492.89498440366407	0.2878829733802107	200.71524098639034	39	119.21237723074145
40	0.99325	483.33921337242407	0.30356573538048487	177.75315842193442	40	119.29020645214574
41	0.97525	467.85238843376493	0.2875288387592923	195.66188840515042	41	118.06987265885353
42	0.99675	488.9085089946257	0.2910584399297716	194.69280448982641	42	120.7093906759468
43	0.9985	500.49498126585655	0.2856159238858286	205.82802775476975	43	117.71855234022911
44	0.99025	476.7062618093228	0.29299419338550853	188.78302866498345	44	119.8283478268587
45	0.94875	447.44443789424656	0.2857048748353094	201.55839683632016	45	120.45250828598486
46	0.99375	485.686008577354	0.2995262054507338	183.19330214705118	46	118.88872425314469
47	0.97425	462.69471884501553	0.280754426481909	215.94649587838416	47	116.957761429064
48	0.99525	482.4928189652569	0.2819224650422841	214.2196155756265	48	118.29477518211506
49	0.9965	491.7223853346708	0.28789095166415773	201.96653624848608	49	118.04718325663264
50	0.994	488.2241705346371	0.28676643192488255	203.96865307640078	50	117.02994421607774
51	0.99725	485.76438783208613	0.28395170050973484	213.21950416374426	51	120.78595468593315
52	0.96425	445.2268267343637	0.28388644023852716	204.27695822250035	52	116.2158377321267
53	0.99725	492.4752157434524	0.2904696248015374	197.2284800638642	53	121.26158091979505
54	0.98025	483.60837711823746	0.28250871376349557	209.4346162450305	54	117.4856431116105
55	0.99	474.5072194596221	0.2935353535353534	188.18580454072998	55	118.65625078914137
56	0.98375	464.487647107418	0.28732316814908926	203.81234084744432	56	120.2551162940756
57	0.989	477.2072039469904	0.2950328614762384	189.36389459739712	57	116.86858426085375
58	0.93525	419.92187500003075	0.28356500044551347	204.50692469578695	58	116.216708851243
59	0.99375	481.6080255888285	0.291006289308176	193.7794951030529	59	118.78087126572329
60	0.9845	466.31142687981054	0.2869180633147113	203.07919978387713	60	117.15029143124683
61	0.9815	471.212357622057	0.2848700967906266	206.1719286926417	61	115.69599335758397
62	0.99825	490.546566911119	0.28233992820769677	212.32717386283693	62	118.89524421644127
63	0.99	475.8471521269924	0.29640151515151525	187.96026698823496	63	118.43426649305555
64	0.9965	490.5363164242402	0.2899272453587556	192.4048710134369	64	119.02101490960548
65	0.996	483.37195617625275	0.2890311244979918	196.1781851239565	65	117.28634248909704
66	0.9955	496.0139511708875	0.28753139126067295	199.56750755078855	66	118.95296578744981
67	0.98525	459.74195655720825	0.2866869660830583	200.61185273722324	67	116.73046389320604
68	0.9975	482.76446175997836	0.28335421888053447	212.47871708805826	68	116.63847323386591
69	0.982	463.04373452786655	0.2840928377460962	205.3593209028356	69	116.57739834600946
70	0.99275	477.95577916056897	0.2863594392680263	202.96875812708322	70	119.81168530439432
71	0.96975	452.97428591452746	0.283848930136633	205.88330950583864	71	117.2444615135183
72	0.9925	488.71162321193316	0.2905793450881611	193.8741338030454	72	121.64784885665938
73	0.99575	495.3056021886894	0.2917106033977738	193.14331449420962	73	117.70173471629428
74	0.99525	488.06502629743034	0.29309218789248925	189.70718261998397	74	119.5939975626413
75	0.97375	454.980842911912	0.2825930680359433	210.64792990564968	75	115.24927812098842
76	0.97975	479.8344638440411	0.28904057157438107	196.44578949613856	76	118.65548898395635
77	0.9955	477.65848977392596	0.2858446341871756	206.3945106876169	77	118.9552919779633
78	0.998	487.1560192812529	0.28410988643954554	205.78162582394157	78	119.17334273038263
79	0.98875	465.56798116534674	0.283678887484197	207.96942537001607	79	116.25121256716182
80	0.94025	434.05001788827235	0.2854781529734996	202.20251781023114	80	116.07768363841069
81	0.97925	462.7944894728429	0.2853799676623266	202.32665528023074	81	118.58386091476258
82	0.987	465.0998409613325	0.2875	198.82441218847947	82	116.72518244997471
83	0.97425	451.8941985458641	0.2866906167137112	201.35529243300138	83	116.71761756840202
84	0.963	445.0709432915695	0.2889667705088263	194.33163797676517	84	116.3592208085897
85	0.9785	460.47058823529414	0.290027252597513	195.34071427373206	85	116.59033868471619
86	0.96375	440.87878406663464	0.284811932555123	203.16137788955442	86	114.5249036357004
87	0.98175	457.4737013781306	0.2900772430184195	192.02623156259426	87	115.49704275886492
88	0.9685	441.40602745969346	0.28222767165720186	212.62178012572505	88	116.16322700212956
89	0.96825	428.3533887807203	0.2809880368362163	213.95947540335183	89	116.2263365769429
90	0.96475	441.1294010059677	0.2837220350695341	207.66085881895432	90	116.27349975301246
91	0.985	470.43090993757147	0.28517766497461916	204.59468205227648	91	117.62874905813773
92	0.97075	461.68479876345685	0.29111511717743993	191.01834133065944	92	119.01232007911089
93	0.962	451.1084278027234	0.2865254677754678	197.21408497399972	93	116.5012369453288
94	0.98	451.51406950084186	0.28886054421768687	196.45531608261672	94	117.4448418068399
95	0.9695	440.2515723270277	0.28421866941722523	204.0030450170527	95	114.67651062483885
96	0.94675	423.85306725464966	0.2886277616407005	193.5157551208545	96	117.45188628449303
97	0.9755	449.787901143504	0.2848154792414144	203.86217661707096	97	116.24766235664407
98	0.97675	463.76089072476424	0.28579899325996067	201.74975382417082	98	117.65090162688767
99	0.97225	455.9576987560502	0.2870403702751348	201.24899596825648	99	117.99145652200124
100	0.98475	463.8865662501721	0.28492003046458486	204.18911022578735	100	117.54943652418125
101	0.9835	461.17415361522217	0.282918149466192	209.4794358441613	101	115.82009082478078
102	0.98025	463.96876109341287	0.2903978576893647	192.3602495623004	102	117.64793544575687
103	0.989	464.8976426070553	0.2843655207280079	205.05994931541915	103	116.26833577556246
104	0.97325	435.9560124526842	0.2818520421268943	212.5185832378512	104	115.28585080593375
105	0.9875	472.878332595066	0.28275949367088593	212.06125840612384	105	115.96501720727846
106	0.99075	464.9498445474658	0.28354361174194626	209.49553934084267	106	117.40024661714611
107	0.993	480.77854168674685	0.2847054380664652	206.74340012816728	107	116.49722176328045
108	0.98925	473.41596477799277	0.28867829163507686	198.17571740711443	108	117.97264346608857
109	0.98425	467.3940142224324	0.2862077724155448	201.57793768480946	109	116.02271434269431
110	0.9785	463.37074395027975	0.2874041900868675	198.68417943270092	110	117.62030222039472
111	0.9655	443.43403028943465	0.2869799758329016	197.54762657436805	111	116.1736346836969
112	0.96675	457.67646641097326	0.28420825790880083	202.23866280085858	112	116.30990356098071
113	0.96425	458.0814498985106	0.2869933454325467	198.3485288208079	113	118.00777239434797
114	0.995	493.46591613551175	0.29351758793969845	190.95333756888826	114	118.61746393098299
115	0.99475	472.7000570233351	0.2863575437714667	205.5436462172619	115	118.31549158472605
116	0.98875	480.56476992427866	0.29761061946902667	183.03179388731652	116	117.85720453737359
117	0.99475	481.3112374501164	0.28506743737957585	206.89621118178866	117	117.9284154899158
118	0.99775	498.46999313050895	0.28467802555750416	208.96844859408782	118	122.12448810605116
119	0.96675	457.57357030444604	0.2894534953883285	193.74487660769026	119	116.20699740997543
120	0.98975	472.31600672868444	0.2867432853414161	202.34702664866185	120	114.87524785299314
121	0.98075	457.2634130989931	0.2874415838219048	199.5774546360961	121	117.35937848505604
122	0.98825	458.0904592492746	0.2831689012564295	204.3076097742425	122	115.56900030435742
123	0.96825	450.0296301460117	0.28259746966176075	207.39607287597278	123	116.53927405071974
124	0.984	474.2740089166904	0.2870680894308943	203.38777150848648	124	117.39830396698744
125	0.9925	475.2669635589048	0.29020151133501243	195.7885341186803	125	117.21678762594456
126	0.993	466.0823036575441	0.28126468613628725	216.54014846833056	126	115.48819672276244
127	0.991	468.9237466581311	0.28438446014127133	208.3158012704513	127	120.62739277521125
128	0.92375	383.4698049960526	0.2834460983310777	201.86983756824628	128	109.62239280277407
129	0.91175	361.9384099321904	0.2803400054839592	211.0626476751069	129	106.34138425703776
130	0.95775	436.34748339924204	0.28231967284433984	209.33876167534186	130	122.19747215356628
131	0.9385	402.15109054289263	0.28165068371514784	207.70061231405006	131	110.86784384850603
132	0.992	497.84826167152505	0.29584173387096757	185.10925012605264	132	119.30336215111521
133	0.999	492.26372326798355	0.2845136803470134	208.9828959093008	133	120.17268362112112
134	0.9845	454.40384016251477	0.2835830370746571	211.7074993380177	134	118.18782426437915
135	0.942	406.0694887490729	0.28299716914366574	206.0789363115275	135	112.97388130722535
136	0.9985	495.7980063805208	0.29295192789183755	194.89429221548008	136	119.86705331434648
137	0.9835	459.0324613194458	0.29126419250974406	194.04573559690192	137	118.71422147067236
138	0.9975	491.2522623459112	0.2932289055973264	193.0652831787833	138	117.65315872689531
139	0.93025	380.79741291095354	0.2770760548239717	222.72562135219638	139	113.15927831480116
140	0.95125	435.54904362358025	0.2890363556723607	194.34600709890668	140	117.50168117608418
141	0.97	445.64917761650656	0.2932130584192438	189.85648565363465	141	117.36958168894976
142	0.99225	482.817346876738	0.2972411186696902	186.00651163531413	142	118.44419760959934
143	0.97875	473.35203366058636	0.29688803746274983	183.18999849137595	143	117.30713167504786
144	0.991	472.9012323586973	0.29362596703666316	190.4068495536494	144	118.03960778845546
145	0.9715	460.30110278000745	0.28731772173614667	200.98478476813972	145	117.18309285335175
146	0.99	472.3282442748092	0.28396043771043755	207.47537523732979	146	118.27820386482009
147	0.9925	480.48411497725294	0.28596977329974804	202.20284083290932	147	118.38849427345723
148	0.99225	487.0297199793627	0.29498614260519035	185.71205668541057	148	117.49149049666161
149	0.9925	479.74671307038165	0.28828715365239294	197.55599274291671	149	117.3391978412311
150	0.99075	470.6147798928257	0.2826478257212548	213.24548243242518	150	117.25863204366959
151	0.9765	467.0014347202556	0.27885731353473275	222.02003863777082	151	120.70960381464413
152	0.998	487.5427454811781	0.28724949899799596	202.78266742924478	152	118.48292639967435
153	0.98	472.31191864666323	0.28983418367346936	196.9957975381136	153	117.01055982940056
154	0.9755	476.51031299225633	0.2873739962412436	199.20753554387107	154	117.44980368641082
155	0.97475	471.3605261249965	0.29261776523895	188.76579598872422	155	118.92438110132409
156	0.96175	438.3146477076137	0.28451607313057775	207.11269495503186	156	118.85676247319338
157	0.994	492.6462388640277	0.29231639839034196	191.69217666323343	157	119.58144084231957
158	0.9855	474.4710045497512	0.2934170471841704	190.3053926452751	158	118.91788442177199
159	0.99	472.63265939417056	0.28494528619528603	204.71632424160927	159	116.92232362689393
160	0.99525	487.4256189239997	0.2826927907560912	214.1525914771091	160	119.2752127292138
161	0.97	463.43298735109835	0.2819458762886594	212.32147093546203	161	121.294258366221
162	0.98275	484.6086517006605	0.28474942762655797	207.1873166071895	162	119.33525232460467
163	0.99575	490.2334855441757	0.29704577788936304	186.75142954997474	163	120.33574767959139
164	0.94425	433.99326661226587	0.2857867796311002	202.4892082432392	164	118.23043286255621
165	0.9975	501.4641748463148	0.2855096073517123	205.79786521910722	165	117.74444788729639
166	0.99875	492.05567188073826	0.28754276178556537	203.5881634631675	166	116.94339662859828
167	0.9925	470.2899924184921	0.28648194794290505	202.76739645491892	167	116.783853363114
168	0.9865	474.5069745069346	0.28570282142253733	205.78918096483332	168	116.93166680855614
169	0.99675	492.53841972619864	0.2902182091798343	196.41250223514766	169	117.47128249819728
170	0.99325	478.9516829009306	0.28455407332829924	208.43776481468265	170	117.82990475422646
171	0.99325	478.1159367967667	0.28409682020303695	206.9912058833868	171	115.88636522437913
172	0.99325	477.6101460599684	0.2861313868613138	204.25846597058478	172	116.6696509053297
173	0.961	430.15565726305823	0.29323621227887614	186.9050321218247	173	116.82881667249285
174	0.989	473.7213952986892	0.28428126053252417	207.05101971814622	174	116.62295489643894
175	0.9835	469.70330129543936	0.29067530926961516	196.44432379374487	175	116.88606405098182
176	0.973	465.01069333424	0.2876070572113738	200.92944639665276	176	117.98482534285075
177	0.98	465.0224800407721	0.28926870748299305	195.93629362519783	177	116.7537723214286
178	0.98525	465.1684332286671	0.28929205785333645	198.1461859900121	178	118.50599244124268
179	0.98625	471.4895244469751	0.28284326151246286	211.8265659924433	179	120.05554954847912
180	0.9885	477.6862299756553	0.29121143146181083	191.0729839724235	180	117.8857294926815
181	0.9545	438.52797941739783	0.2855159769512833	202.76176783807597	181	116.3399380299731
182	0.9895	470.8989673059952	0.2882305878389758	199.76567802111424	182	117.81118457672751
183	0.97725	469.1212826728962	0.2892555640828857	194.12297273869788	183	118.85670063275451
184	0.98075	461.50769375554245	0.2857337071968731	198.63995718202486	184	116.87780029234646
185	0.9815	464.29120495743933	0.28387671930718267	206.07360728859067	185	117.55968279379452
186	0.9925	481.9481875349073	0.2898992443324935	194.5721224387792	186	118.74347026527076
187	0.9925	472.28732200002906	0.2834130982367757	207.0745937776646	187	116.85125437854218
188	0.9795	468.8678003422933	0.2872171175769948	201.33350545883533	188	117.90883582184789
189	0.98675	478.15763331959823	0.2890803141626551	195.6657192130756	189	116.33338517584559
190	0.97825	466.76129924972213	0.28650651673907473	200.3608725940791	190	117.92443362868964
191	0.98325	466.50377188408953	0.28300279684719026	212.92838077670743	191	116.58701321682457
192	0.96725	456.6431007824985	0.2892521754113895	193.99196861299396	192	116.25631650081847
193	0.9905	477.2114087493011	0.29029951203096066	193.88979323647493	193	116.64467489982965
194	0.99575	487.31846377836985	0.28326638212402677	211.1497534971908	194	118.81669517323628
195	0.9895	477.96737069638357	0.28649570490146514	201.8734169750198	195	115.01138566274004
196	0.98725	463.2203727815601	0.28540136743479344	204.6941870078475	196	116.60656826688717
197	0.982	456.1183492417063	0.2866047182620502	201.5809057314476	197	114.83332101856864
198	0.98925	480.6792920396894	0.2811094263330805	215.57865037946854	198	118.25952110184481
199	0.99575	476.29297458892796	0.2848481044438863	205.74401500494338	199	116.96412894449857
200	0.9865	475.27853056299347	0.28278003041054234	211.6273355279418	200	118.27820696591488
201	0.988	481.071211199016	0.29182692307692293	191.39600149625224	201	119.38798511829448
202	0.976	482.51143245579425	0.28807206284153	198.46160177330233	202	118.7273794705751
203	0.98075	470.6432804664496	0.2904367405896846	193.2197707432418	203	119.01470872897015
204	0.98125	481.583274030081	0.28961358811040333	193.47348031791284	204	115.01078408638539
205	0.9895	479.36827061659625	0.28964123294593214	196.9177765283535	205	120.42081311781526
206	0.9825	473.88221675589244	0.2963994910941474	184.48629308558114	206	118.41176178832694
207	0.99175	475.4884334172451	0.28224518947987554	210.65528154779565	207	117.39621314319702
208	0.9855	469.1070068544952	0.28587434466429884	205.06865060742007	208	116.08925830796548
209	0.99275	481.10590145266565	0.285671115588013	202.92626504056557	209	117.57671507098338
210	0.99325	483.72761253091966	0.29106468663478474	192.05157255889688	210	119.1058377446199
211	0.991	478.3395679980542	0.28779011099899077	201.13245561490066	211	116.63129601964552
212	0.97325	463.16014895366754	0.2842195393441217	208.83142020234158	212	117.86615158618031
213	0.98125	467.4232770837475	0.2842038216560507	205.6570570645262	213	115.68020979299367
214	0.985	481.6861460217363	0.2916370558375637	193.90725272072032	214	118.40514286564088
215	0.9815	465.1658767772737	0.2852182034301238	204.7929125090752	215	117.51123590791624
216	0.983	470.27305019673923	0.290623940318752	193.8280957874263	216	117.67693385204723
217	0.99425	478.6894717203572	0.2894267035453859	198.42795742013834	217	118.24175473818202
218	0.996	487.42292258001163	0.2888930722891565	198.97920263481961	218	117.99096532614833
219	0.9895	472.80589633630564	0.28899275728482393	193.17960734719222	219	115.94739856382644
220	0.99325	483.50979676282935	0.28392902089101424	209.14570306609798	220	116.93007743676061
221	0.99725	489.56198377539505	0.2859196122670676	204.1361739729433	221	117.68972761030334
222	0.9735	454.7046871715864	0.2934043828111624	184.5170106484661	222	116.91531939161207
223	0.97675	458.10029664545254	0.2828342291613341	212.57052210624738	223	116.35132819498654
224	0.99525	502.9372749668298	0.28559407184124586	207.71149416405098	224	119.66401633344321
225	0.96725	451.09012475223216	0.2975144309468423	181.7855326054041	225	117.98663172008274
226	0.99525	490.8573049085561	0.28317005777442844	210.29070878145774	226	117.5747926675144
227	0.98725	472.27803291240366	0.2882670718325315	195.29778332787996	227	116.45338450992341
228	0.9805	473.80883347833753	0.28723440421553603	201.34992651891173	228	118.99725277680398
229	0.9865	469.6221362689594	0.28517063693191386	204.9321600524965	229	117.51343186731812
230	0.98275	462.4488259376096	0.2915034342406511	191.9188029783896	230	117.20184192953447
231	0.94825	433.81293318387316	0.2840495649881357	201.4542752330917	231	114.92591538895662
232	0.98675	479.1036985785909	0.2863229456971538	202.84628486650354	232	116.59906076476864
233	0.963	454.6903218952506	0.2914546555901694	190.79673831392586	233	118.30651183638375
234	0.9275	416.2225837213814	0.28414195867026026	200.64222183213445	234	117.09073429076824
235	0.96175	424.8012367491371	0.2829434191144613	205.60374285796274	235	116.11076929872304
236	0.995	498.05408516979634	0.2859045226130653	205.8065513007105	236	118.75409238575692
237	0.96575	457.55504755589817	0.2873069289843814	199.6090665314831	237	118.65065904696806
238	0.9915	481.34572905797376	0.2859934442763489	202.64083851042398	238	116.11797195103696
239	0.99025	466.4115395937432	0.2866574097450138	201.8385471741492	239	115.6236176746718
240	0.96975	461.08859224744117	0.28777605912176674	198.01355585414134	240	116.02108795960622
241	0.996	485.95440518155925	0.28795180722891534	197.45989451079691	241	116.66057864269582
242	0.9835	464.9513656616509	0.28824351804778836	201.51395561520425	242	118.09950923638472
243	0.973	463.7142414602838	0.28842069201781406	195.020403480256	243	117.3179126955132
244	0.987	473.79600849664837	0.28644039175954056	199.11083929209866	244	117.33175149007405
245	0.981	469.6645082526245	0.2845480801902818	206.4328343991257	245	119.25139809704704
246	0.97475	453.1507868250475	0.2840685645892107	204.7957145728588	246	116.9863657949153
247	0.9795	463.02752402000493	0.2897992172877315	192.5814700780122	247	116.66732807714396
248	0.976	454.6301471958319	0.28628329918032763	201.0968901671227	248	117.01634351386403
249	0.9685	443.38132625266275	0.28634916537601063	202.18459072705505	249	117.06535910476892
250	0.98975	473.80262811458715	0.2898964384945692	195.23249839831627	250	117.79842357142475
251	0.99025	463.20984189354107	0.2900025246149959	195.08310197676482	251	118.37722575383424
252	0.99125	484.99156004598683	0.2903656998738965	191.61691325892133	252	117.70054559426228
253	0.986	475.5187422384533	0.28575895875591595	203.05470049089206	253	119.3522604549633
254	0.99475	480.0801138968681	0.28737119879366657	202.3125492947008	254	117.83045009738626
255	0.9715	461.88772538717564	0.2851475381712126	203.99199609821517	255	118.3652822230442
order_index						