index	success_ratio (division)	success_rate (division)	mean_second_ratio (division)	second_ratio_SNR (division)	probe_index (division)	mean_time (division)	order_index (division)	success_ratio (sequential)	success_rate (sequential)	mean_second_ratio (sequential)	second_ratio_SNR (sequential)	probe_index (sequential)	mean_time (sequential)	order_index (sequential)
0	1	5.081352452758056	0.0771413022720557	57.36037262407627	0	130.93432709680556	0	1	5.20443001081023	0.0762200490965028	58.85615680266737	0	131.02546099296555	
1	1	5.452443785308616	0.08302170586203413	48.10542966717588	1	127.0716850911695	128	1	5.132943229658431	0.08035421261340234	69.52649167807603	1	132.72729921368244	
2	1	5.473873203215464	0.08996962234480378	51.42564140106487	2	131.60478474645478	129	1	5.111429155588497	0.07716447506070315	65.4802032651719	2	131.6258680004742	
3	1	5.605192650472684	0.08355441244417064	54.99333478803766	3	125.65485692954364	64	1	5.012581579779297	0.07719252260097341	67.78083998554033	3	133.2137846557562	
4	1	5.692037977280885	0.09012992803405664	59.23006346155359	4	127.64930264929882	130	1	4.732070186064499	0.07871698459146484	61.28901527173661	4	132.01219699855338	
5	1	5.580730852517144	0.08322592937826709	60.10964701210464	5	127.41488679783203	65	1	5.21300331548332	0.07783473118295965	77.32744476427757	5	133.80731041754473	
6	1	5.405580721545242	0.08410244209609406	58.76230223903529	6	129.18955964778308	131	1	5.011275369562848	0.07866315927361806	59.81213226156525	6	133.01515360638467	
7	1	5.361355350632105	0.08221920599280429	88.43373292949917	7	124.09429770162491	32	1	4.971463797776502	0.07651897936450677	62.77555493874382	7	130.25928004454659	
8	1	5.486245981332556	0.09030422027043519	74.63747277245142	8	130.87006494652857	132	1	5.371088504788806	0.0830360795468779	60.0964880013749	8	132.42517793042663	
9	1	5.492513703846528	0.0858805427787064	59.84687018008847	9	130.66340148508996	66	1	5.350970130858543	0.085908120833425	60.679219090462794	9	133.01744569013883	
10	1	5.5385092548631345	0.08572708737288108	61.03808391237316	10	129.29729026421893	133	1	5.235876223873556	0.07980693200736325	59.491172482127716	10	131.26044037552117	
11	1	5.615075354305617	0.09039369638488567	53.91797988720385	11	129.48046707754284	33	1	5.138165263929797	0.07916682761818214	65.75096596197476	11	130.07312528472775	
12	1	5.482756730100964	0.08566054166482409	87.15324047859946	12	130.35299984824923	134	1	5.003151985755126	0.08187440026262642	59.75631072641221	12	134.234607545455	
13	1	5.603559380915601	0.08131662840626204	56.609958850252475	13	125.76013139623377	67	1	4.964651680035282	0.07668033488790343	55.37747699176431	13	130.44458994496983	
14	1	5.458098180265517	0.08458234352840577	58.771383831382124	14	126.55720482017654	135	1	4.882812500004441	0.08089326967503466	61.383625033808485	14	132.29199900674422	
15	1	5.2006407189306785	0.07963198281281123	53.09075449536085	15	131.88891036554455	16	1	4.919855553043036	0.07749229908192053	71.1191449674363	15	129.2757567963581	
16	1	5.433010974659902	0.08883247125090937	58.28498848460448	16	132.8242646738966	136	1	4.992610935812766	0.08027939782180368	52.67887737510637	16	132.00673241346914	
17	1	5.737168821948086	0.08121684631467263	65.73975108267642	17	124.43672711607823	68	1	5.114461651754987	0.08149802271375847	66.3726334613917	17	132.96559962532277	
18	1	5.557408024913296	0.08187315602564196	60.285474873370454	18	126.23219020893012	137	1	4.998650364395701	0.08064807861481843	53.88099018859483	18	131.6047764122172	
19	1	5.549389567141878	0.09280027604529387	59.82508270881655	19	129.3277790234563	34	1	5.210015734245293	0.08574156784229173	52.44402797396619	19	134.38317022469946	
20	1	5.4634061059072225	0.08477827058768357	65.66936138041955	20	130.24944372761811	138	1	5.211427618483425	0.08139184980916961	62.231300294351016	20	130.72314226180538	
21	1	5.50351674718589	0.08035925093875232	60.78257938908153	21	125.23134534282792	69	1	4.937296336536561	0.0760761223071769	70.96066939440664	21	130.87432425305363	
22	1	5.375881644574479	0.08253536721148974	54.672453690501534	22	127.60347877770761	139	1	4.945647335760463	0.07836464729397409	63.35282201062413	22	130.1009701353797	
23	1	5.176519308425006	0.07625970825724404	69.4470524858474	23	128.8571505207875	17	1	4.842146039124104	0.07860666945355071	68.92308528916547	23	129.70681071287626	
24	1	5.359344016296686	0.08064409437269442	61.429685638272275	24	124.10688279342035	140	1	4.8864869091138905	0.08053639884769098	56.34437912805967	24	131.1584053781752	
25	1	5.448581734168124	0.07811349554044092	74.5798479621157	25	124.42350433747119	70	1	4.742708086325666	0.07709327254433798	65.22641627312775	25	130.418063677262	
26	1	5.528160449314878	0.0856527172155732	60.62514588300341	26	127.93157399620586	141	1	4.787437763300965	0.07582074321797101	68.13299496891537	26	130.48399829796097	
27	1	5.400559497971703	0.08169988889496416	60.7595942797003	27	128.12678944815008	35	1	4.790465058350044	0.07645806954328575	58.36871667061873	27	129.03376555499034	
28	1	5.461914073170968	0.07923953754861528	60.159921640815135	28	125.28157960108405	142	1	5.017913952815383	0.07612754248164688	71.9777133883564	28	129.1705722079135	
29	1	5.574695342907267	0.0860321085203062	51.54958782966609	29	128.58514677734902	71	1	4.917049377019437	0.08043636150286389	53.69080690165707	29	131.61180928276463	
30	1	5.421582234542964	0.08805148767544464	51.7555658678679	30	131.6421865232058	143	1	4.991813425970298	0.07799699603235719	54.54801078218956	30	129.93466392378605	
31	1	5.254418966322005	0.0835632947911191	52.95379530392833	31	129.4536953185819	8	1	4.884052591486125	0.08147292835507837	53.49586800597177	31	132.1377317416696	
32	1	5.466990312459319	0.08579031112677614	67.75544238264578	32	130.13776116899896	144	1	4.8335798459068675	0.07636593509871326	56.36439354807434	32	130.21362372292188	
33	1	5.641239718860885	0.08792303799696376	70.98028766602997	33	132.26983774851627	72	1	4.950838176902528	0.07861859764561135	63.965431239881596	33	130.74116786245176	
34	1	5.423640564471196	0.08469240313119002	56.862252506123376	34	128.57148324225543	145	1	5.065804804409229	0.07917299179699051	56.20593040629604	34	131.9888719091753	
35	1	5.5639014076676325	0.0897710002713545	61.59899023354425	35	130.28132771934332	36	1	4.744688321421817	0.07999379991639351	55.80482768851369	35	130.05331873714277	
36	1	5.437383096276867	0.08274706827132518	85.54498696566212	36	124.7669568465712	146	1	5.085280148078637	0.07733629434317002	56.63712650729528	36	129.89002195835548	
37	1	5.50636535836815	0.07973209096976228	62.46596247510439	37	125.34697911023002	73	1	5.033725963948847	0.08025633469428387	53.19872813393522	37	131.65296248092062	
38	1	5.485764441294791	0.08621078077256689	66.38654360425771	38	130.36961969484247	147	1	5.159213323146834	0.08123195058719532	50.3229556978598	38	132.41097138133807	
39	1	5.237521604778408	0.07800711682177879	70.44034700621485	39	130.028943628853	18	1	5.055202814740117	0.07971032052579312	47.98472545251036	39	130.60333413620253	
40	1	5.435609766701647	0.0859175672956616	55.974678267250766	40	127.23132993172588	148	1	5.071714036457274	0.07464233894480113	55.57963586323925	40	127.74641221710603	
41	1	5.848363627884384	0.09077370232897967	82.70172194615637	41	128.83008585959539	74	1	4.939052097130199	0.0774293546896658	68.85306755995765	41	132.15122131802815	
42	1	5.533850563906332	0.08123990637870415	75.2005778065408	42	123.37222806206748	149	1	5.090146494431601	0.0793359130091355	68.47099647601819	42	132.60376118307397	
43	1	5.435314324245749	0.088364463583275	67.2578246954346	43	133.4389139590731	37	1	4.995204603556348	0.08049601255564602	53.61737005928887	43	133.20373055942116	
44	1	5.496921723822833	0.08826692482013597	71.09564715471807	44	131.74728526840724	150	1	5.113206389452429	0.08295254928366262	65.4365611422637	44	133.57643497994175	
45	1	5.619177127706948	0.08312021222143776	53.18501991237998	45	129.61527433626927	75	1	4.946381227509506	0.07960356016137085	49.016612478614654	45	130.75910708237564	
46	1	5.631264782097223	0.09096180863691526	78.74873229748772	46	129.4835504450388	151	1	5.084814709325166	0.08300975887208312	57.468326817048876	46	132.84345125912526	
47	1	5.156446589513052	0.08215055701737477	60.28199969952078	47	129.6497192495219	9	1	5.017813236990381	0.07952969505288972	61.24485593238434	47	130.26039929553914	
48	1	5.440459610049687	0.08554166412702963	58.903828087298436	48	128.1920707231431	152	1	4.984448520631321	0.07595786344602203	77.53379574461316	48	131.2819439584607	
49	1	5.548342710048741	0.08284489193853492	72.75317792364075	49	124.94136580435145	76	1	5.054896172421243	0.07993785061785365	53.92846803281224	49	128.62592633928284	
50	1	5.519921396304787	0.08759757288939218	64.4964668590891	50	129.798454232477	153	1	5.077740202498166	0.07788723973803291	84.44640323916838	50	129.8509733488675	
51	1	5.642512949573861	0.09195889932748093	67.52897107554682	51	129.90404622646508	38	1	5.0982431453891905	0.07999632718018673	65.01256173424355	51	128.53111108494585	
52	1	5.438684273472512	0.09180304171184098	52.43677553054317	52	132.33686300634454	154	1	5.268204279902909	0.08156347715121781	59.19694649265593	52	128.8502892563901	
53	1	5.650994575046398	0.08518132532093281	64.22650004007512	53	125.416497615235	77	1	4.940418552248109	0.07834417839796644	62.82623817612779	53	129.22809557437256	
54	1	5.648504840763062	0.08691121280793236	68.43725507560684	54	127.49197750307334	155	1	4.955499613463116	0.08103521850281879	51.666144882446	54	132.1123269297635	
55	1	5.696382796907333	0.08137169506086162	44.25031820396733	55	124.85125892620465	19	1	4.910481914673864	0.07807021995108357	58.4213414963712	55	130.1987939526316	
56	1	5.430060816690483	0.08463852910031935	49.38894853020361	56	130.22774883793736	156	1	4.997501249372986	0.0808849221552062	61.22714966785237	56	132.1896668821614	
57	1	5.519433926889713	0.07886609902239042	68.69128348064172	57	125.42442060199448	78	1	5.164275607047235	0.07677417585238312	51.15873290966687	57	129.95383781268168	
58	1	5.563529948464647	0.08633036862023755	69.25243050164038	58	127.1675509183299	157	1	5.10016728549491	0.08125680549749548	61.315513570385775	58	131.40699823883136	
59	1	5.6310745216214375	0.08292067003694586	66.52322226857368	59	125.56531103830471	39	1	4.971908715752986	0.07834887827917245	63.05847497412288	59	129.84160663148913	
60	1	5.470758794250615	0.08471540816973024	52.0545938071772	60	125.48519293012669	158	1	5.061343483011125	0.08090064276234667	62.45695731267955	60	130.1008929135285	
61	1	5.619871866923199	0.08745110118589249	65.51717884521604	61	133.04359574734335	79	1	5.038189476225472	0.07983623422692976	52.658642505343174	61	131.06928560607824	
62	1	5.4280565386539745	0.08263700512930436	60.211634120466364	62	127.39831246858526	159	1	4.992710642464513	0.07760973355921763	65.32972917470342	62	129.03077530352056	
63	1	5.329070077267549	0.08831085529093712	56.06837404529106	63	132.76176797195015	4	1	4.798004030335821	0.07541469785667265	48.13799358426503	63	131.83754978720773	
64	1	5.457204601537275	0.08138836689095076	61.47028132284561	64	126.59658892363053	160	1	5.145938825092122	0.08074886731462085	57.54629010151268	64	130.96470367131812	
65	1	5.768276784986682	0.08980975341159118	67.33827265422508	65	127.67098450624331	80	1	5.142287083596752	0.08085638306454569	59.93425636517516	65	130.3657891027219	
66	1	5.462630147165702	0.08334744780455912	58.34007119993235	66	127.03597067077519	161	1	4.954468435081874	0.07754646982464633	55.328891023511574	66	130.73861114252847	
67	1	5.552285876083531	0.07946077167352388	71.0315493536879	67	124.0080738580422	40	1	4.995703694821941	0.0760766557254119	60.476087604660584	67	129.9463325425321	
68	1	5.4732140902602655	0.08538856118434003	61.81332275581319	68	130.3498685857305	162	1	4.99231183977934	0.07745805454145556	64.54009136636448	68	128.35325184318947	
69	1	5.441525368394798	0.07858326770214151	82.57308983124514	69	123.74959663117646	81	1	5.135104602071215	0.07843502792293706	56.55599041079734	69	130.37471853091486	
70	1	5.3700501562451475	0.08968435272076634	64.9915585363015	70	133.00444687017654	163	1	4.92746767580879	0.07786083884047908	57.561162847984605	70	130.4749467270088	
71	1	5.490764534065683	0.08928978460319906	69.44892553891373	71	129.14915915886755	20	1	4.9610064889925445	0.07578964231817344	58.94442933145491	71	129.1683073343381	
72	1	5.595407289707755	0.0939525978036188	80.15183011358486	72	135.08253924023708	164	1	4.9558434350026195	0.07540213390505845	69.23931520222412	72	128.8050486033419	
73	1	5.730461989851554	0.08723931034277439	60.316113316491375	73	127.80870572121442	82	1	4.978691201659078	0.07642164088798925	58.04710345790776	73	129.27791971281576	
74	1	5.506668575638103	0.0849229217436716	47.583652801504385	74	128.26544686144092	165	1	5.1393271592949965	0.08540637496457397	53.33611134594708	74	132.2904480574949	
75	1	5.557840445517181	0.07742693156732891	60.27822559476347	75	123.50307285421391	41	1	4.800768122909323	0.07853854950359569	69.08276381660033	75	131.03423805084057	
76	1	5.545573523205923	0.08375777076288518	55.57309195973165	76	126.34053043896529	166	1	5.084918132826249	0.07929462313638021	74.26281957318957	76	128.32427610263485	
77	1	5.686600095543857	0.08572322324705682	66.95344739952608	77	126.13261619202218	83	1	5.124788602460853	0.08095856571466042	59.90688417902731	77	129.36243786076372	
78	1	5.460542122629376	0.07865217486963981	65.4318517012964	78	124.15182104165063	167	1	5.20898445640236	0.08294423869623235	65.05083570681131	78	131.01537160960174	
79	1	5.029725678768124	0.07556404626227511	82.52096767905184	79	127.27500068067809	10	1	5.0135868202862905	0.07787518093870066	58.64699901594583	79	128.69813732226012	
80	1	5.562230231827014	0.08471043018583174	59.1056941524765	80	128.53900288357212	168	1	5.062265870214482	0.08604532899572769	58.85220141492686	80	132.67995731814855	
81	1	5.578987302219276	0.0925291785960625	73.2051074531583	81	135.52699556485192	84	1	5.170203085596719	0.08235777982497815	54.828969449744456	81	131.08802269888133	
82	1	5.442473059772423	0.07858857084185901	80.98310209936955	82	123.03442335650621	169	1	4.860645299243879	0.07786617185820506	63.609427456158144	82	130.40612826828962	
83	1	5.450244715956542	0.09052266308191183	66.41554571360564	83	133.1243530961156	42	1	5.035145314292495	0.08200749690109108	46.23118190225668	83	132.38265528360427	
84	1	5.298181664028218	0.07754061480251424	69.78320448821998	84	125.34493524520083	170	1	4.772085210334386	0.07640587436451521	58.96413485887646	84	131.0263552096946	
85	1	5.576684995365037	0.0898057626052588	53.45227215360744	85	131.97437034347777	85	1	4.972749333659742	0.08151393730295121	54.137743187003416	85	132.64462250284666	
86	1	5.436791857845868	0.08098090072411787	71.35378267263712	86	125.05498511905326	171	1	5.0370221125263654	0.08241053216509861	64.59340310889625	86	133.4452162717129	
87	1	5.539552404158027	0.08894350692687361	58.481153234137466	87	131.205254962934	21	1	5.093568859954373	0.08166783198324346	60.55427643114893	87	131.86298204381836	
88	1	5.616967736148137	0.08637312226789334	57.67966430188889	88	125.88927852136004	172	1	5.013838193429087	0.07976574736525818	66.11345732874034	88	130.86632202882163	
89	1	5.480893604891887	0.07918945677762866	59.38746495561371	89	124.10572949268168	86	1	4.9928103530987915	0.08160894042276551	60.89268868332603	89	131.95681101460278	
90	1	5.400617830690315	0.08450506738733544	63.18325166680712	90	128.10098534341077	173	1	5.167264346913786	0.08077787317179716	59.71035472529557	90	130.89666670856943	
91	1	5.419877944319804	0.09008632514920324	62.97388973947173	91	134.57188735818082	43	1	5.098555069485219	0.08092312269267897	57.68913976330365	91	130.1783046170377	
92	1	5.4798724285898315	0.08311474291430375	58.93050630458301	92	125.83515056894066	174	1	5.038392551245748	0.08239425239137439	65.5600149047755	92	132.77447464285027	
93	1	5.545020017523925	0.0807643697818991	66.74684041453094	93	124.32989003787742	87	1	4.970327146912242	0.08062242268230253	53.943112414593514	93	131.87947889193168	
94	1	5.609468783327614	0.09268104216683358	68.96231677058167	94	132.71139087974146	175	1	4.995454136723207	0.08109132325654732	61.707676044707874	94	131.64261241415892	
95	1	4.996053118052838	0.08049445043380049	52.62379647254198	95	131.48888822234386	5	1	5.008414135739553	0.07727409707462131	57.400446910551544	95	130.26751707532347	
96	1	5.4164139006962735	0.08247279828223084	67.57312087683636	96	128.555104063857	176	1	5.048618193188082	0.08026730978481669	59.047063873597125	96	131.91459768375466	
97	1	5.37495700031849	0.07911823979300087	64.4338235779671	97	126.62635013856114	88	1	5.124210871519622	0.0786835885859163	45.76341647339248	97	128.5007134989788	
98	1	5.466392618155969	0.08949186852152029	51.514113880143285	98	134.3910425236268	177	1	4.955646959709676	0.07528784339831972	71.711180004905	98	130.92662440072834	
99	1	5.548465849214775	0.08397530380703026	60.001539188142644	99	127.13381316469247	44	1	5.01660496242591	0.0746963252890693	55.61821375167597	99	130.0492331344814	
100	1	5.510006171181804	0.08555014498699076	57.758502090979654	100	129.00023015344144	178	1	4.884816037816549	0.0778903427206596	56.38910961261717	100	131.8609526834788	
101	1	5.599543077273622	0.07740214407086789	72.25194605436089	101	122.94896665803637	89	1	4.959923815572117	0.07890538513232102	65.56719289013907	101	131.4157423294719	
102	1	5.576249637552983	0.08388729547571375	61.93388752040377	102	125.11589882486732	179	1	5.060523865418434	0.08176477450360116	45.438797641176	102	129.7570084404164	
103	1	5.33259388031325	0.0812759759776114	47.9723035742887	103	129.05147232740111	22	1	5.253259647623988	0.08291950995279945	53.39514131777262	103	131.50367027264548	
104	1	5.13020459256224	0.077926231329562	74.86093466095538	104	126.30527882269008	180	1	5.119698552142561	0.0812139238477763	53.587468053339514	104	131.16996981056116	
105	1	5.499400565338716	0.08418901963826865	53.97522570997822	105	127.77400115094107	90	1	5.121901249750258	0.07874478592087229	66.5811579435312	105	131.07685834998688	
106	1	5.406691321172122	0.09009955483194355	71.33866041037426	106	132.00130611211108	181	1	5.019576347751087	0.08006022534840226	68.60163833880179	106	132.03759013110172	
107	1	5.64238560063254	0.0857071729343716	53.86030400992312	107	128.61426194072973	45	1	5.067755896336951	0.08063195235895067	60.8811218918899	107	131.76892310537724	
108	1	5.3882794146176485	0.09026098392110224	70.08619156821987	108	133.23826885134312	182	1	4.968252864193684	0.0783866478918689	62.33823880431766	108	129.85719819575613	
109	1	5.70932675618126	0.08318427715249578	57.88546336285987	109	126.26381863633159	91	1	5.053618896479219	0.07817974889434115	57.408685650617805	109	130.4375158419447	
110	1	5.448284879933789	0.09132854639889637	65.99799860359035	110	132.56656369083493	183	1	5.05898779772577	0.08021629882345882	57.640872977696496	110	131.02361483553324	
111	1	5.032358062325191	0.0774722829714051	53.474442759527896	111	130.30929834034868	11	1	5.284406772501286	0.07963937723846326	67.89846228572104	111	128.0871202829901	
112	1	5.469143094658703	0.08724812884843963	52.58388716015605	112	129.61785220463938	184	1	4.9870834538795785	0.07934318570181804	56.71555068346532	112	131.4162463465119	
113	1	5.591152560216299	0.08193911435322983	67.71063552495015	113	127.8671521734378	92	1	4.90340296163434	0.07539950805171049	60.545204145942094	113	128.29250562095797	
114	1	5.080371476765121	0.07728024143506955	65.45418589458434	114	129.40372590082268	185	1	5.177644999947274	0.08255397791390763	56.391954922168125	114	131.54320475457868	
115	1	5.5888402038713485	0.07845978797171262	69.0798393805815	115	124.22163717583503	46	1	5.188390457490008	0.08203434287808443	60.372449127031494	115	132.37224700062725	
116	1	5.210558676124817	0.08620694915853601	47.76303385786971	116	132.7563333793365	186	1	4.860834313612017	0.07679117517701035	56.65537968951551	116	130.0026149860208	
117	1	5.531034635354613	0.0819772514500008	61.60135592741629	117	126.90020341986798	93	1	5.038544868254583	0.07679987825717075	54.453627554569564	117	129.59744842402392	
118	1	5.077327700892777	0.08187835579845715	48.940002679123964	118	129.57193806739397	187	1	5.156446589513052	0.07837592278864419	60.47553909633164	118	130.68635252885662	
119	1	5.583535271185107	0.08704744994664038	69.59955390308393	119	128.84876445858623	23	1	5.0530570995654385	0.08079264702646807	57.36681990085343	119	130.16285764047404	
120	1	5.203076058549587	0.08625178201919553	62.370864880364635	120	133.01198485596015	188	1	5.042559199641167	0.07735255192677305	74.14486468321985	120	128.15139241235917	
121	1	5.574757498059544	0.09051236656004072	62.792201910350855	121	134.02596870645243	94	1	4.982412085344395	0.07651732016483423	58.5351488775775	121	128.86380118265512	
122	1	5.168439441393025	0.08425036008386214	60.45815621043397	122	129.40913577951403	189	1	5.198315745707958	0.08106771062765093	57.38651538994016	122	131.80276621440987	
123	1	5.466930537178702	0.07887988755349772	67.05246594391205	123	126.48661056882689	47	1	5.155489565292387	0.08271100306270704	66.46942725357651	123	131.47572794369484	
124	1	5.270147774952714	0.08251314309182783	53.907251083309696	124	130.67450826680104	190	1	5.035804570496747	0.07708465936514663	60.75034029435588	124	128.96298305383561	
125	1	5.5185201536609005	0.08298382278865599	57.052239144566755	125	128.5498987196659	95	1	5.247470719107796	0.07691595779050718	68.83954553344665	125	127.91998174338624	
126	1	4.981766733758342	0.07767737676806115	53.75325264139939	126	129.9636760823035	191	1	5.261939340369885	0.08302420739180695	56.81312621788558	126	131.8677419618338	
127	1	5.116502768021999	0.08179647532507538	65.62966981274971	127	132.09910782783243	2	1	5.215994324995184	0.08065241835529839	65.55341896390708	127	130.19299010769058	
128	1	5.284965330627014	0.08217872904581607	49.70159751803403	128	129.9554380330056	192	1	5.271925939980926	0.08417405117599173	57.85840105207594	128	133.04640761651285	
129	1	5.481855059761456	0.07945068717604195	63.89254715894421	129	124.6371064967371	96	1	5.108661224226305	0.07699358839494429	61.01965480846843	129	130.3210168112711	
130	1	5.311407841776358	0.08405305896104123	69.64151829127178	130	130.1266157987177	193	1	5.057299199948749	0.07240465640544386	61.371127680503605	130	127.98750105986504	
131	1	5.631835640526036	0.0889086251359185	46.93138299458174	131	133.4910889809222	48	1	5.179039391776461	0.08182760300451951	58.02655548093762	131	131.4819012696911	
132	1	5.406340556180688	0.08138012328658005	60.49425703569094	132	126.70769846844203	194	1	5.008815515317501	0.07616745506149478	60.50774373713867	132	129.3509687673607	
133	1	5.493056776250351	0.07867047002999566	69.54808029293054	133	124.23573581989396	97	1	5.248517293876541	0.0814354594325024	56.950288434881905	133	129.57286031935493	
134	1	5.416355226215857	0.0914338365917294	54.02296342653644	134	132.04906247251208	195	1	5.184301933716086	0.07547572509995716	57.164705939456944	134	129.00269867039674	
135	1	5.411899685029402	0.08398743667154551	57.736107840764504	135	123.67747390028552	24	1	4.909083768601971	0.07628468684187728	62.244263780179985	135	129.36414250540244	
136	1	5.310900091337185	0.08525500064516586	57.78829222199629	136	129.7322891823544	196	1	5.215939912366635	0.08182203800807353	61.202191006180406	136	132.8872022256061	
137	1	5.472734835046919	0.08346999846714115	61.980295897317845	137	127.55971421099049	98	1	5.073309319666584	0.07992051017370987	62.23867320148968	137	131.5555459839061	
138	1	5.419290506498488	0.08541883346901061	59.47697216525931	138	128.00536770883758	197	1	4.517323937302014	0.07041704933246068	65.61166362806433	138	132.7092849244585	
139	1	5.169828878665858	0.08046033714541748	43.093177935154706	139	132.2926571352622	49	1	4.734983001418458	0.07352195587459125	68.13563710484426	139	131.96967770579852	
140	1	5.395664044386576	0.0872162335196799	51.02771491241848	140	130.29291948073234	198	1	5.011225144331423	0.07414229829926734	69.98382807002456	140	132.39095407605856	
141	1	5.455894548464955	0.0772402836368605	73.50479542928348	141	124.48967788403661	99	1	4.820949919970543	0.0725913391439928	58.68502118152552	141	131.80187572433374	
142	1	5.227500836404053	0.08016980960818575	57.591166128817065	142	131.64288747601574	199	1	5.093153782692756	0.0797391361928309	51.9621312112916	142	133.21919905330736	
143	1	5.285915150502182	0.08389286299908949	59.935728460413976	143	130.83756653873144	12	1	5.033320582255091	0.07715338973469633	60.917763585805986	143	130.43456966872682	
144	1	5.119017148729412	0.08315359368987878	56.23117833227035	144	132.23946755601034	200	1	4.8578118472358405	0.07896603961775686	62.050939639703294	144	130.38771271792012	
145	1	5.51614575861892	0.08755969532488221	51.175910408138165	145	129.65111733606773	100	1	4.593139686544186	0.0797642439291783	77.31259929008397	145	131.17240828075717	
146	1	5.319941267839916	0.08165170368437252	51.86722801517387	146	131.40721651866045	201	1	4.746489970671266	0.08423866837190859	58.320102227769276	146	130.38218211900505	
147	1	5.565201905515383	0.08190862946191237	67.52191447256888	147	129.4890174592212	50	1	4.713868200262919	0.08405367169794359	78.45513214377412	147	132.7847441829139	
148	1	5.253866845975878	0.07708572269429097	51.4150650763723	148	127.2256390246758	202	1	4.607445632160521	0.08341334802728474	62.889856537377014	148	131.45171070634015	
149	1	5.5208356336749285	0.08307499905784732	65.30539695873978	149	127.20742936551959	101	1	4.630144090088556	0.08258908067172474	58.4467741445094	149	132.7348263791306	
150	1	5.276376606670315	0.08287583034512995	55.283578160238484	150	132.86786969994918	203	1	4.600874166094514	0.08117110805797967	66.54067754177228	150	132.4820505614697	
151	1	5.505577149664342	0.08846119997359794	53.2591570564711	151	128.28610623339557	25	1	4.734669141339028	0.08175949887787622	69.82384500110254	151	131.52643243374405	
152	1	5.077276142900717	0.07927329797346672	68.95596886143937	152	130.772975692292	204	1	4.556099250065368	0.08121369198018566	53.700495235408724	152	131.5329345117155	
153	1	5.4415845894043136	0.07831246837253307	63.20808920802455	153	126.1663931529628	102	1	4.5552690797285775	0.07663885912606133	72.18757797092016	153	129.37685258568646	
154	1	5.090923900861613	0.0798792105530713	55.68174822184155	154	131.65228461824924	205	1	4.644293556507763	0.07871164550834965	52.96313834594596	154	130.58083328835585	
155	1	5.371492415464318	0.08125949478976854	55.98637954562316	155	131.99945659626368	51	1	4.633791460851976	0.0788487275420024	51.85974392739688	155	130.94989997947178	
156	1	5.0556628479512815	0.07436130924878807	66.6295408285387	156	129.8791076980567	206	1	4.666573335199152	0.08421318049474528	58.98508389800531	156	132.69732630848327	
157	1	5.823569149059571	0.08722248769093416	83.41092438514664	157	128.3075150687305	103	1	4.77326968974808	0.07916405172276705	44.678552621201376	157	130.5265648382695	
158	1	4.970870697716658	0.07720034875987655	59.85017110015834	158	132.28111378998156	207	1	4.851872337531635	0.08038139128698191	63.47667140265223	158	130.37044361991485	
159	1	5.42387590174348	0.08054416808207412	58.721614069444186	159	133.20549528359084	6	1	4.590735894952578	0.07995720185514403	59.333634074122685	159	130.47053672632552	
160	1	5.075936002601087	0.08039085168643155	59.11625909535571	160	129.65664584403123	208	1	4.5034090806787175	0.07947092879845288	62.12959883468046	160	130.73598657726316	
161	1	5.563158538893367	0.0844468031542764	58.527041711749476	161	128.39462151383307	104	1	4.714668275944162	0.08026367590005354	66.22600709940005	161	130.9942768637516	
162	1	4.838678460137484	0.07098790818058388	74.51721488973703	162	129.3169199204569	209	1	4.6283868220528905	0.0770534267890717	58.721868465068496	162	129.93224244209287	
163	1	5.338287263917537	0.07474979469784779	65.47522772837466	163	129.9952390041363	52	1	4.637057508795154	0.08295337060845204	53.78642552359971	163	132.34768521856887	
164	1	4.902585623654023	0.07626599553313897	63.33742153853675	164	133.98808732969962	210	1	4.973887092767602	0.07957748708887741	51.104813966480606	164	129.42557437682748	
165	1	5.5888402038713485	0.08104272958373261	61.2596070537682	165	125.95936292515711	105	1	4.921502042419061	0.08138766910551697	66.83730047516597	165	129.57077982758938	
166	1	4.9109159840487155	0.07864519077928431	58.83350020573385	166	134.74054223646084	211	1	4.611440060512947	0.08235513263367875	51.305095485278855	166	131.73534759875332	
167	1	5.397003583618844	0.08444471805962582	56.93478002353201	167	127.35600334720108	26	1	4.83661900985703	0.08060251881164884	63.99043678852623	167	129.16750907862942	
168	1	4.6955852107844915	0.07143555150612785	67.02517304248663	168	134.97782418996889	212	1	4.77668975401429	0.08191516107761357	55.244344740944825	168	133.28771735586645	
169	1	5.488052509709863	0.0842297151257006	59.73867606888076	169	127.76215308090366	106	1	4.869734599456599	0.08046587900522907	52.190096479621104	169	131.37537027427206	
170	1	4.725897920623635	0.07300271437838593	75.70214230734634	170	132.07265308639384	213	1	4.916372503717444	0.08232759381898455	45.398387990817405	170	130.86965259548057	
171	1	5.480413003934661	0.08132333758822483	52.30239586729545	171	126.40324796037216	53	1	4.768262445149737	0.08155391000630058	54.47478913771654	171	132.58973961805424	
172	1	4.838865769870958	0.072487640241067	58.204470206338584	172	134.6260294284985	214	1	4.837648515813533	0.07997083857689415	65.75466694527542	172	129.7816151986844	
173	1	5.551114663828973	0.07776839788222953	75.61390138175217	173	124.58954650820206	107	1	4.537863936687377	0.08068574362133582	63.56596994409481	173	129.93857725898928	
174	1	4.99380767847525	0.07608186577594302	64.17459346918126	174	133.0642822627665	215	1	4.783224275798238	0.07987616519237015	64.71560162152207	174	130.47050311312486	
175	1	5.370800034351844	0.08264534954518535	56.59431938462121	175	134.75039834147054	13	1	4.658312759130369	0.08154032099532188	65.65356457083166	175	131.32565281590394	
176	1	4.763447211498458	0.0749088263444854	50.72170551504073	176	132.5749701089151	216	1	4.746625149503248	0.07985111840967819	66.86158585880113	176	131.29792312757752	
177	1	5.461377140872229	0.08036431573361524	72.37952816961158	177	124.60164838727535	108	1	4.848672918231216	0.08456756269167437	47.21247826435608	177	132.67148577343988	
178	1	4.486236227266891	0.07295830766037209	61.341523912957484	178	135.9880144791919	217	1	4.745498894308489	0.08275538269806827	60.02222919199472	178	132.14137449919886	
179	1	5.504122587831481	0.07932920434460554	62.837832868629725	179	124.37664109597421	54	1	4.76853529669598	0.08136026808512113	60.57947559396293	179	130.75759920174883	
180	1	4.818487573110083	0.07424523406159014	64.29592678457801	180	137.42624802672105	218	1	4.832038347066064	0.08366625452048419	61.40506922701641	180	132.78180771851797	
181	1	5.2233504659203716	0.07557800150112866	78.4559811241887	181	124.75611649470234	109	1	4.720454674188325	0.08220486349750462	59.228329645662825	181	132.62945122810083	
182	1	4.848531864553647	0.07842874593564302	62.17057725039601	182	139.1868163774843	219	1	4.615143207882474	0.07687274500744389	70.27650037502855	182	128.82314043901673	
183	1	5.377616210286143	0.08464047748355955	59.95786683130363	183	126.70491040346737	27	1	4.806767929243516	0.08231901461647341	61.818637514176544	183	130.98134444752316	
184	1	4.766580550455429	0.07335862793368832	74.51960666772304	184	141.17549778672003	220	1	4.731398506790563	0.07924428871392561	61.00137174372243	184	131.33291836374985	
185	1	4.9904682057390755	0.07400384620903439	65.08133429205463	185	128.83493704501137	110	1	4.860172827752266	0.08433155083126186	60.59995997385287	185	131.3590569563464	
186	1	4.699203954841781	0.07288266781493392	77.12628918588567	186	138.45232696217548	221	1	4.596686708221345	0.07970443850131861	63.45495316055084	186	131.0955954817258	
187	1	5.599543077273622	0.09224474331440095	70.50690976559888	187	136.5623538342248	55	1	4.632718108370221	0.08156303967287007	64.77136571656085	187	131.07893698784798	
188	1	4.737989197378149	0.07792670008808389	55.57905589549417	188	134.4692212616499	222	1	4.731353734921965	0.07817983578296667	60.79616218107691	188	131.6505081110157	
189	1	5.445792580651415	0.08449932735405924	55.803695447869735	189	130.45894556104327	111	1	4.783178517791283	0.08104015388711869	49.35376360308104	189	131.14083524430126	
190	1	4.711513997891632	0.07613283787038398	57.54029883058845	190	136.41275657095008	223	1	4.615271008708236	0.076806551820613	56.79623030133842	190	128.48141931905855	
191	1	4.833439669000787	0.07988439889214369	67.67482253977946	191	131.09534006144668	3	1	4.731622378659434	0.08095229367164565	53.07361521901498	191	131.38892024787995	
192	1	4.820299244171539	0.0782577526895283	76.2066640904083	192	133.55429048396488	224	1	4.682042494213758	0.07807490997631147	58.88638013007139	192	131.23168243083893	
193	1	5.457740713632648	0.08242616219460286	55.52562118881762	193	128.7593142427834	112	1	4.7792922824035875	0.08210717291526297	58.68368409519817	193	131.65551178566363	
194	1	4.715201810641016	0.07450071941146014	58.82375739736648	194	136.5041992362046	225	1	4.777374355047661	0.0828335928051765	60.8179214754664	194	131.17918174892418	
195	1	5.42764407684379	0.083382574640822	67.05716143280745	195	129.23032217817675	56	1	4.6280869339915105	0.08161371369145012	55.5824701469901	195	130.03158457879928	
196	1	5.123108292235118	0.07599091439495316	67.4787759984967	196	133.19001209214528	226	1	4.637272541774936	0.08018931009952109	58.22850214131256	196	130.4252298372283	
197	1	5.432184607368897	0.08353439634298077	67.21012752481303	197	130.67218324278366	113	1	4.700838629603537	0.07648007706845356	68.06508938959995	197	130.1522152746337	
198	1	4.656967755153607	0.074728498808578	62.741529925433134	198	134.77454280471883	227	1	4.841302116604275	0.07569009135344133	63.694381597311974	198	128.53258247893902	
199	1	5.362160307148773	0.08227218548129263	72.58093681904734	199	122.48620040371607	28	1	4.7142237559249605	0.08060163252733712	55.65757055279383	199	129.60674629425785	
200	1	4.839099927404778	0.0743137752954485	84.58068318340233	200	130.1685588988227	228	1	4.918839153941638	0.07830963864686397	53.19198532469682	200	127.53493765565489	
201	1	5.493720677277803	0.08606833689463424	54.43321008000217	201	132.09449592033477	114	1	4.761995466584624	0.08026485665881938	60.71082497344906	201	130.80493865818406	
202	1	4.804412372317539	0.07487055214457639	63.77381418318621	202	130.9488943454769	229	1	4.648352159151931	0.07976465570255073	47.49982225393449	202	131.27067613157362	
203	1	5.511281593421847	0.08924211673064956	65.37059067860179	203	131.4335089162777	57	1	4.710404341091365	0.08004622556552655	56.06286224472796	203	130.7748388437631	
204	1	4.8420053649621195	0.07665429203812346	57.46119720537752	204	132.25964623045286	230	1	4.769172071729619	0.08391809641152012	65.96963228540794	204	132.86476248545821	
205	1	5.545573523241725	0.08439721530886667	77.04194956843345	205	128.05352077600486	115	1	4.734713975949258	0.08066646131731608	50.04333574133298	205	131.39551260818655	
206	1	4.828352083431535	0.07375679540908316	66.19661969128816	206	130.724923269015	231	1	4.806121075797236	0.08364182526237046	55.6360439569375	206	132.3566331693403	
207	1	5.600672080655521	0.0820059472207531	66.70701226356044	207	129.71581045169486	14	1	4.752490304920703	0.07945401534587024	60.03678965927459	207	129.81252820163735	
208	1	4.87395940966555	0.07433490044419672	64.18491444652683	208	131.6604365615642	232	1	4.916082472191361	0.07978840949594067	66.89107488415202	208	131.2611613631644	
209	1	5.487510426302566	0.08320583553768018	63.31509321128959	209	127.64023575483847	116	1	4.779018198492621	0.08114497330131684	47.00676448685028	209	132.94014413798266	
210	1	4.7816689937566075	0.0739507542921681	63.891029586905	210	129.1651289289503	233	1	4.790878167963486	0.08450271672371618	63.71414567452872	210	132.663185961413	
211	1	5.439867702411194	0.07748281560681206	81.34986243901352	211	125.16873899755636	58	1	4.82639458670186	0.0826374535141134	60.30871434444241	211	131.49309770160787	
212	1	4.945794096687819	0.07760172493454491	53.567111022098416	212	131.87335333398195	234	1	4.937296336536108	0.08220815676956135	49.118859315003974	212	130.54861780234484	
213	1	5.583098843190281	0.08043399736101854	71.98624171710564	213	123.94837283482948	117	1	4.857056817846349	0.08256341994675584	47.36863414166517	213	131.36861194009072	
214	1	5.0487711291020005	0.07816692111447257	76.0752092635655	214	132.62454718860212	235	1	4.680859031240518	0.0811114398540248	48.85258523720024	214	131.29056770832028	
215	1	5.3815520396265635	0.08339308475571254	51.765472167546015	215	123.03771827213978	29	1	4.641491218316512	0.07728103489529273	59.00155837513875	215	130.25502573041248	
216	1	5.179629552894028	0.07576057064464231	58.35196309247838	216	130.7209798259801	236	1	4.686650544574229	0.08322375301363888	62.71728727602295	216	129.5087761183244	
217	1	5.520287054929694	0.0905237577217492	63.93231605005834	217	133.75094271766696	118	1	4.992660788640605	0.0860538114052104	57.87194264374252	217	130.7957685546626	
218	1	5.082953806090882	0.07830464858503189	68.5448292075249	218	131.85141519956562	237	1	4.880381841075423	0.08332009598733092	72.90765325527371	218	127.54644349306118	
219	1	5.4887152015304155	0.07974041055202308	61.20927950983713	219	126.54054453216102	59	1	5.065804804409468	0.0892300715244568	47.639803805832955	219	131.2857335487489	
220	1	4.8774301795852955	0.07790082946469823	61.13949323089601	220	132.18171468312028	238	1	4.995004995000348	0.08565284356206186	54.48385013205003	220	130.23725415457176	
221	1	5.584034129596795	0.08883852280723158	57.89355892380348	221	129.03819268023494	119	1	5.027096047696334	0.08687571589263833	50.7324365055871	221	129.4068742215214	
222	1	4.8482967933275685	0.07787741597904041	60.60418260833133	222	131.15458095085222	239	1	5.077740202498166	0.08453175446694745	59.15729195368757	222	128.1667969681204	
223	1	5.5097633005673075	0.08363979284648577	65.6407394129967	223	131.2756958889663	7	1	4.806583096198928	0.08105702590254492	61.03335481239562	223	129.38213407453588	
224	1	4.9007115833408665	0.07527546002787763	73.53135601182535	224	131.23033931334027	240	1	4.887203346747598	0.08219204008815698	54.61208613769576	224	127.86369506532445	
225	1	5.528343818753482	0.08120803062638884	65.0309285923909	225	125.05794689657874	120	1	4.964996772765414	0.0864248791484944	55.46094075799609	225	129.63824390740524	
226	1	4.419225398186141	0.07090867884694464	52.58905633906052	226	129.49917386901498	241	1	5.01680630111809	0.08459002996953237	58.793396135756076	226	127.16570874306193	
227	1	5.4711179682337	0.07830527461009945	80.37490997761913	227	126.2750716551203	60	1	5.143662493438775	0.08156240608153574	67.4243797484919	227	126.75797618282917	
228	1	4.649086919331137	0.07541792190087858	61.695009983473504	228	133.61174843644412	242	1	4.985392799101511	0.08655067030805962	49.15784316311744	228	130.23869631265003	
229	1	5.378483912961999	0.0875281801538276	64.98252328958044	229	131.52120627908306	121	1	5.093153782692756	0.08930889814025957	59.99459549545357	229	131.20492486087468	
230	1	5.002551301168301	0.07612380218990415	59.057211886171515	230	132.4443645663737	243	1	5.066780162528823	0.08956360240851259	54.778408421356424	230	131.44858093018817	
231	1	5.36020583188227	0.08507102594002333	54.01890154559573	231	124.4696583915577	30	1	5.0028516254457	0.08647679436883866	48.13476421355155	231	129.4813501966061	
232	1	4.501706146624136	0.07560657997990511	68.00969303943256	232	130.93029797714843	244	1	5.08274712316022	0.0871946875222604	51.48373447095856	232	130.97125364266137	
233	1	5.492453369057748	0.08712797149332763	53.4319953209564	233	130.6738009945309	122	1	4.947164285427124	0.08267734735982675	53.89632178597841	233	128.08623771120423	
234	1	4.95869407832831	0.07396459157081578	52.68921208275604	234	132.52600348175912	245	1	4.925137903860405	0.0856385987070688	63.75388795783795	234	130.5598962361224	
235	1	5.576125262081189	0.0784166878442261	55.74882034557697	235	124.29379949033714	61	1	5.039103442724742	0.09016045277934319	50.64948716537654	235	133.45882606139742	
236	1	5.072640207800841	0.07753681519567768	64.37465144798439	236	133.1202048113966	246	1	5.0155985113814205	0.08492222393346684	59.738172396943646	236	128.78118815025383	
237	1	5.315134313437733	0.08377816291655142	53.62272778862442	237	128.76556971120883	123	1	4.984746675175078	0.08414713832827479	65.67472435471603	237	129.22535328147487	
238	1	5.079029702164785	0.07821491534821563	72.70574846084666	238	133.87303212656903	247	1	4.946528031996415	0.08520494745256796	51.375443377903736	238	129.456048778836	
239	1	5.147740142052702	0.07756294030934412	51.04734140439672	239	130.2176756647956	15	1	5.0076115695685814	0.08073760208741827	65.15185294835364	239	126.42226203242167	
240	1	4.993109508870179	0.07488541831970809	78.5163988277199	240	132.80865851583297	248	1	5.060933641045446	0.08143033156586216	68.05736067218528	240	127.02751964082887	
241	1	5.556605136503761	0.08592286198323468	60.92893766366418	241	130.04746839487854	124	1	5.015397269619226	0.08483032646843486	57.39270308353505	241	129.46509011371717	
242	1	4.870446132864225	0.07398871774856941	73.98206434906037	242	131.60880259942118	249	1	4.941834606677928	0.08396079686294738	59.534175209727636	242	128.76126585897472	
243	1	5.570472041824867	0.08318724487176668	73.27465898186097	243	125.11784462938112	62	1	5.07743081998779	0.08711224385852975	56.70743884030892	243	130.7118558946374	
244	1	4.5489696583708366	0.07184528411067878	73.3023708522471	244	131.0973775707772	250	1	5.0900428581716755	0.08880057429233933	69.41528567999809	244	131.790586228692	
245	1	5.472315555614294	0.0837770452882393	60.99473867771063	245	129.04198943695926	125	1	4.964060204120136	0.08332565874263606	56.94978478102388	245	132.00780749086832	
246	1	4.762449041794703	0.07252026254627437	70.38468343421452	246	132.5741069159588	251	1	4.993957311656803	0.08053687560963091	65.48189085981174	246	126.76994712314354	
247	1	5.432007561353316	0.09043615969702405	60.50046246278439	247	132.02754594717243	31	1	4.9906674518574965	0.08266766228166032	69.87109597038568	247	128.48777490545538	
248	1	5.087349796000503	0.07857704779909222	59.77343659287471	248	131.9588114350271	252	1	5.123423266507535	0.08798552606105212	56.69531865100026	248	131.14399433423128	
249	1	5.383522115519593	0.08069147173992393	61.66788329312149	249	127.26512887419285	126	1	5.116659844455492	0.09004050501417661	61.446184838139516	249	129.49416930479913	
250	1	5.11943645244669	0.07568324001903727	86.55968523071589	250	131.76784099237503	253	1	5.048567216608825	0.08113672569745539	65.54276476130528	250	126.28339547370707	
251	1	5.656748500975654	0.08176526884608551	68.43392885085565	251	123.90650911401912	63	1	5.008564645542759	0.08341954339105115	55.549074564752054	251	129.37063010815476	
252	1	4.795795046890752	0.07807854170090085	56.50828706164997	252	132.13466861781737	254	1	5.1608108666115955	0.08978344361421248	66.97375394156607	252	131.77179715421747	
253	1	5.434546324089149	0.08490469296605134	55.811133526164554	253	128.4591478211082	127	1	5.175822696992342	0.0877429765039825	55.22751725120539	253	129.7576579993021	
254	1	4.835449648471391	0.07602138530501748	70.03584804655179	254	130.86305646868198	255	1	4.971117805537972	0.08459497553416424	48.280503081715736	254	130.1525266197308	
255	1	5.058475982336065	0.07834811667125216	49.29967845398347	255	131.08938957756652	1	1	5.1524613307606035	0.08561843409792566	59.15521569875143	255	130.5356232825455	