index	success_ratio (division)	success_rate (division)	mean_second_ratio (division)
0	0	0	
625	0	0	
937	0	0	
1093	0	0	
1171	0	0	
1180	0	0	
1185	0	0	
1187	0	0	
1188	0	0	
1189	0	0	
1190	0.281	352.0200438427813	0.37864768683274047
1191	0	0	
1192	0	0	
1195	0	0	
1200	0	0	
1205	0	0	
1207	0	0	
1208	0	0	
1209	0	0	
1210	0.1065	132.22422248435228	0.38169014084507047
1250	0.1425	177.6364996280237	0.4398245614035089
1562	0.134	140.16736401805068	0.3531716417910449
1563	0	0	
1564	0.001	1.164144353904301	0.575
1565	0	0	
1566	0.225	266.714082501208	0.4314444444444448
1567	0	0	
1568	0.0015	1.6626025271617195	0.5833333333333334
1571	0	0	
1581	0	0	
1601	0	0	
1640	0.0075	8.112932013705738	0.6033333333333333
1718	0.033	32.23285798021937	0.4174242424242424
1875	0	0	
2031	0.0115	12.47018000432549	0.34347826086956523
2035	0.039	38.33488966452665	0.3525641025641026
2037	0.0665	69.11604219668425	0.4182957393483708
2038	0.362	366.48949632995664	0.3854972375690608
2039	0.1125	112.10203776660197	0.3946666666666667
2040	0.172	166.28800696061631	0.4151162790697675
2045	0.137	282.9993802924567	0.41879562043795615
2050	0.1205	135.8205590626174	0.3921161825726142
2052	0.152	142.45548266033157	0.4633223684210526
2053	0.1825	197.02040375860557	0.39945205479452073
2054	0.34	346.72649397978495	0.40115196078431387
2055	0.2525	256.8536696988722	0.41128712871287165
2057	0.253	274.1655830081528	0.40820158102766824
2058	0.144	141.82301669354277	0.4013888888888891
2059	0.271	553.4000408515141	0.41349938499385025
2060	0.1925	196.22833843021985	0.45194805194805193
2061	0.107	96.31396552608508	0.40327102803738324
2062	0.294	314.00192246034374	0.4026360544217691
2063	0.28	288.4516328407013	0.4292857142857145
2064	0.0445	37.93529687574355	0.3949438202247191
2065	0.118	126.85443990703827	0.39576271186440704
2066	0.4105	400.93763735009634	0.41370280146163185
2067	0.2885	278.71703217250376	0.40320623916811144
2070	0.288	315.2191758324254	0.3894965277777781
2079	0.264	276.9908718920668	0.39782196969696976
2081	0.2245	239.6711860773396	0.37798812175204166
2082	0.127	138.1636205390117	0.3958661417322836
2084	0.1195	118.07717009972917	0.4596234309623431
2089	0.1585	162.83967740274915	0.41225026288117783
2091	0.1935	204.63197969405093	0.3932816537467702
2094	0.2395	252.23802001374818	0.3928322894919976
2095	0.344	365.06420460762814	0.4240552325581394
2096	0.3175	316.298067346829	0.44086614173228356
2097	0.1845	181.8450620943372	0.37669376693766954
2098	0.1015	93.89454209017144	0.37610837438423644
2099	0.077	73.97799875067494	0.4233766233766233
2100	0.241	241.74942320884603	0.44107883817427407
2101	0.2425	219.45701357546986	0.4010309278350519
2102	0.202	220.97030027970183	0.39777227722772307
2103	0.182	358.444116195876	0.48489010989011005
2104	0.149	154.84541439151303	0.44284116331096224
2106	0.18	190.2748414383814	0.39111111111111135
2107	0.241	245.1304480496306	0.4003112033195025
2108	0.211	220.4000626737058	0.4289099526066351
2109	0.453	458.1079031156975	0.40958425312729924
2110	0.1555	141.01110859145632	0.3983922829581995
2111	0.257	240.602911574642	0.3979571984435801
2113	0.235	231.72114578649524	0.39457446808510666
2115	0.2	421.31872762492327	0.44637500000000047
2116	0.2575	457.5337597728118	0.5070873786407768
2118	0.287	299.926847108994	0.3990418118466902
2128	0.248	242.34132994502752	0.4453293010752689
2148	0.285	295.59715811861423	0.41824561403508786
2167	0.329	323.75516630641647	0.4162613981762918
2168	0.0215	45.62818336163439	0.44418604651162796
2169	0.1635	318.000583494639	0.44418960244648353
2172	0.097	198.56704196245497	0.4886597938144328
2177	0.036	75.53503986428005	0.3743055555555555
2179	0.0805	172.93233083035454	0.41459627329192544
2182	0.1395	281.7043618795135	0.46308243727598575
2184	0.082	179.7260273961138	0.450609756097561
2185	0.543	904.2464612815636	0.3796500920810309
2186	0.222	426.1036468384405	0.4396396396396401
2187	0.3765	387.24607868680465	0.396082337317397
2188	0.1635	155.4404145094098	0.42420998980632024
2189	0.24	247.43543481653649	0.4167708333333336
2191	0.247	241.44672531744575	0.40161943319838106
2196	0.2715	274.7836647943112	0.4194290976058935
2197	0.2705	287.1397484172213	0.4177757239679609
2198	0.336	335.17881191083404	0.40498511904761925
2199	0.1845	177.86561264885214	0.39674796747967506
2201	0.1915	208.4240313453544	0.39895561357702375
2206	0.1555	150.13275404151284	0.39694533762057904
2226	0.1715	171.97292554518918	0.402915451895044
2245	0.204	216.4226607268339	0.3980392156862748
2255	0.2055	186.58918599947853	0.40170316301703174
2256	0.3055	291.6189385287216	0.4207037643207859
2257	0.382	408.2286935594861	0.4048429319371728
2258	0.184	172.63217150646412	0.40489130434782655
2259	0.3675	380.19863438867924	0.39673469387755134
2260	0.32	341.71605531755495	0.4219010416666668
2261	0.135	268.3363148470238	0.41703703703703743
2262	0.1535	301.09846998834064	0.4350705754614553
2263	0.104	201.98096718018436	0.43461538461538474
2264	0.3315	589.5429486139078	0.4762443438914029
2265	0.2705	286.7592494437476	0.3852125693160817
2304	0.2585	245.7925263867058	0.448452611218569
2323	0.2875	278.22131901155416	0.405130434782609
2324	0.298	284.39184998175654	0.4278243847874725
2325	0.1185	117.65289912713926	0.3871308016877638
2328	0.154	158.5667215815562	0.41217532467532497
2329	0.2465	217.91981611613545	0.4095334685598381
2330	0.5285	548.094373863118	0.41674550614947914
2331	0.265	274.6398590550976	0.40990566037735876
2333	0.2285	216.9269473580251	0.40251641137855604
2334	0.2625	265.16490731778435	0.40688888888888947
2335	0.325	324.5780485357548	0.4017692307692311
2336	0.2075	191.69476650161596	0.4177510040160646
2337	0.3785	375.47740687316735	0.39616908850726573
2338	0.1	92.61403102656912	0.39425
2339	0.308	271.04325251886917	0.40698051948051983
2340	0.3655	383.7068920259431	0.42234382124943026
2341	0.31	324.36957203943626	0.4235483870967746
2342	0.33	339.8558187418113	0.4060353535353538
2343	0.1615	161.7669154113364	0.41547987616099075
2500	0.207	201.3716620451671	0.40314009661835776
3125	0.212	328.58028518338705	0.38667452830188725
3750	0.2555	223.5150030616263	0.3283431180691456
4062	0.268	217.11832138393308	0.3008084577114429
4081	0.2825	210.84449751775972	0.4258407079646023
4091	0.3095	221.7922533955432	0.43968766828217587
4101	0.3425	259.02817167471665	0.44428223844282216
4120	0.306	207.78162558587908	0.4069172113289764
4121	0.4575	316.39004149459106	0.4389617486338789
4122	0.471	322.80172709042563	0.4263800424628446
4125	0.4855	306.33813925622053	0.42339512530037704
4126	0.321	188.18701451044	0.43341121495327123
4127	0.285	170.42906263982326	0.4240058479532167
4128	0.4635	313.67373870657707	0.4220963682128728
4130	0.4275	279.0469973878465	0.41539961013645227
4140	0.4255	261.7495078741132	0.4113004308656478
4179	0.411	231.56234153984903	0.3730129764801297
4188	0.444	245.75192339611112	0.37775900900900866
4190	0.4745	251.59733821201462	0.3789954337899541
4191	0.469	318.2897862216937	0.4021321961620464
4192	0.528	365.43585839364016	0.3937499999999993
4193	0.522	287.7856493108503	0.38670178799489063
4194	0.622	415.8587952130862	0.3963290460878874
4195	0.6675	457.7561377014386	0.40672908863920015
4196	0.3445	220.9891590218727	0.3619013062409293
4197	0.3565	233.3191531153627	0.36661991584852766
4198	0.5765	310.39681257684475	0.38109280138768364
4199	0.4415	285.0686037123501	0.37772744431861044
4200	0.3375	217.0767004347548	0.3614814814814819
4201	0.2855	181.89927049152328	0.3363105662580271
4202	0.612	405.86245772350037	0.40697167755991176
4203	0.4855	242.24733677698867	0.3804325437693097
4208	0.4585	219.30978403863767	0.36223191566703017
4209	0.5425	341.3774659409568	0.3771889400921652
4210	0.398	245.8307597295177	0.36982830820770524
4211	0.336	203.7474986362264	0.3400793650793655
4212	0.4585	277.3241395986826	0.36037804434750953
4213	0.56	280.89887640426804	0.36906249999999957
4214	0.346	203.81115070810569	0.3280105973025051
4215	0.435	265.114578253167	0.35030651340996155
4216	0.458	268.0400304320433	0.34743449781659397
4217	0.5865	361.11196625854416	0.3755328218243812
4218	0.6325	310.3761317062346	0.3633860342555989
4257	0.6515	289.8647446161675	0.3308390892811458
4259	0.684	348.926184769142	0.30126705653021435
4261	0.7065	313.89536820968726	0.3345364472753003
4266	0.7075	315.9187318603485	0.32812720848056487
4276	0.746	317.81872403793335	0.3202524575513848
4286	0.7655	309.76226605939456	0.3206618767689958
4288	0.7785	327.27272727224675	0.312952258616998
4289	0.7935	322.8759765632525	0.32427011132115047
4290	0.7995	325.77470814868786	0.3061184073379193
4291	0.8595	371.7640952437951	0.31789800271475616
4296	0.8395	352.9683821054064	0.3095493349215798
4300	0.876	369.75286495177926	0.31972031963470265
4305	0.898	374.93215314690303	0.3156180400890864
4315	0.941	405.85710896961166	0.3148157987956071
4335	0.9765	429.6557034422613	0.30750128008192484
4375	0.98	420.7001652768394	0.29141156462585005
5000	0.995	449.0376153634237	0.2942211055276379
10000	0.9825	411.6907605266243	0.2956318914334179