index	success_ratio (division)	success_rate (division)	mean_second_ratio (division)	second_ratio_SNR (division)	probe_index (division)	mean_time (division)	mean_total_iterations (division)	total_iterations_SNR (division)	mean_total_iterations_failing (division)	order_index (division)	success_ratio (sequential)	success_rate (sequential)	mean_second_ratio (sequential)	second_ratio_SNR (sequential)	probe_index (sequential)	mean_time (sequential)	mean_total_iterations (sequential)	total_iterations_SNR (sequential)	mean_total_iterations_failing (sequential)	order_index (sequential)
0	0	0			179				17	0	0	0			179				17.062	
2500	0	0			179				17	3	0	0			179				17.002	
3750	0	0			179				17	4	0	0			179				17.004	
3906	0.002	0.28476236580551234	0.26666666666666666		179	38.709099264705884	19		17.02004008016032	7	0	0			179				17.014	
3984	0	0			179				17.406	9	0.054	7.467227169645685	0.17728758169934639	22.559789730535147	179	12.36731515522876	20.74074074074074	53.60917765912871	17.441860465116278	
3993	0	0			179				17.236	28	0.01	1.3741548947375897	0.1786764705882353	8.53156921929403	179	16.18704044117647	20.4	13.753677194250173	17.498989898989898	
3998	0.024	3.096534461848357	0.18137254901960784	19.85956648450264	179	9.613204656862745	22.083333333333332	30.62488455625393	17.704918032786885	36	0.026	3.3614314526657303	0.1900452488687783	15.436610074158532	179	9.634597709276019	21.307692307692307	41.06521214302516	17.568788501026695	
3999	0.016	2.075442328650881	0.20726102941176472	10.203212762705652	179	9.751177619485295	20.875	23.43631481462118	17.752032520325205	223	0	0			179				17.4	
4000	0.26	35.47938102131354	0.1696660580561506	48.01564071055485	179	10.212652902021974	20.26153846153846	111.94919455744767	18.235135135135135	49	0.334	42.882087099372	0.16541311082684954	55.1724814700604	179	11.408415198434396	20.08383233532934	133.80415672197825	18.19219219219219	
4001	0.386	50.628262637450526	0.17775311424451584	67.03515306936235	179	10.107630057110445	19.39378238341969	188.0531161495536	18.074918566775246	256	0.472	63.45109426248527	0.17342854477503164	75.71299995254441	179	11.313170215573123	19.25423728813559	173.93276837498144	18.420454545454547	
4003	0.408	53.92117992214671	0.17313358306859014	65.52029964929382	179	10.852688928948128	20.014705882352942	175.9947125588488	18.26689189189189	16	0.328	43.17039142916246	0.17509564801530328	57.99134073266273	179	10.793127929843179	20.26219512195122	131.82238778125276	18.571428571428573	
4005	0.408	52.419251226870486	0.17458028963219252	65.99098214076484	179	10.08092721999951	19.24019607843137	165.75586964999698	18.18918918918919	144	0.35	47.01394299230891	0.17892623716153086	61.03074731212185	179	10.30056387138189	19.445714285714285	131.58169199107726	18.313846153846153	
4006	0.3	38.807823657247425	0.17867102396514123	58.20439267806695	179	10.774830048338778	19.92	157.07865198160303	18.17142857142857	209	0.44	60.41964187633233	0.17780005941770657	77.21973856069205	179	9.96292137830511	19.19090909090909	164.85004073764256	18.285714285714285	
4008	0.228	31.28602008887278	0.17847723884875552	48.500435335757246	179	9.553966359935789	19.57894736842105	150.60959980450485	17.699481865284973	48	0.302	40.27096223601835	0.1768466216508675	61.1385916092236	179	10.385121284302906	20.04635761589404	116.63312132572392	18.212034383954155	
4013	0.214	28.317366220255018	0.1797948233236561	51.453200003573826	179	10.847581546888513	20.401869158878505	106.06584573763273	18.27735368956743	26	0.524	77.3431734317981	0.17744349648256272	83.15492669180199	179	11.589425800934233	18.896946564885496	170.55815972847114	18.252100840336134	
4015	0.376	50.59203444563572	0.1786631132482852	64.13349971724548	179	10.924939629655169	19.46276595744681	165.6493785153091	18.34294871794872	39	0.422	56.68995163876906	0.18205279950177455	74.55351179930585	179	11.461560899485553	19.29383886255924	159.19283132995056	18.43598615916955	
4016	0.988	143.42120543459276	0.274267891686826	109.10838390388156	179	9.973415937065214	17.69838056680162	492.3512346655826	17.833333333333332	56	0.908	121.67015061356946	0.2603593180065126	85.19976011709251	179	10.15935225528934	18.433920704845814	296.81484843154396	18	
4018	0.932	129.68941333619432	0.2679418278047672	98.10546445907988	179	11.577714778799486	18.21459227467811	331.5649240640273	17.705882352941178	29	0.976	138.47114238693567	0.24436334427357373	90.17915338979958	179	16.484402409940166	17.971311475409838	309.5086457747404	17	
4023	0.958	134.84980715630002	0.27057286673230524	85.77531783448954	179	16.944428562512513	18.11899791231733	422.4985288903656	17.38095238095238	12	0.96	137.57917968427336	0.2573860150785456	94.37189119524128	179	12.897722856495143	17.91875	367.37874441578214	17.45	
4032	0.988	141.860264767404	0.27560808825270167	103.37280192869449	179	14.875947287053732	17.81578947368421	505.2173888052587	17.333333333333332	194	0.968	135.58182531243793	0.28397411958838886	79.66665948642871	179	11.251255779558162	18.016528925619834	398.91017034159387	18.375	
4042	0.99	142.67596702592596	0.3234673104013565	90.2340132231956	179	9.532339620008695	18.09292929292929	438.36172978911316	18.6	67	0.938	128.52484174197647	0.3120442040035799	75.61442366507877	179	9.76223492351851	18.810234541577824	255.17983488876283	17.35483870967742	
4062	0.996	142.8407526390579	0.2879437253658582	119.7881498680316	179	10.559226626092872	17.833333333333332	590.6590556611803	18	6	0.978	132.53469210709056	0.3434286255390251	82.17997293445578	179	9.57988936742115	18.494887525562373	318.2580758140364	17.454545454545453	
4081	0.99	139.79891549922382	0.3249076841440102	96.89120142067196	179	10.326127179886333	18.232323232323232	414.4459336380727	18	178	0.988	137.49338974074777	0.33190033356645826	71.6439484487689	179	11.412460013265424	18.370445344129553	353.81548967512305	17.166666666666668	
4091	0.994	139.38748036789318	0.30946309336682404	110.5633689328428	179	10.795340642743389	17.969818913480886	398.3848574979956	17	290	0.968	130.42306655903448	0.3689195879235283	71.87133093134054	179	9.691220238352177	18.75206611570248	341.29778170660654	17.5	
4101	0.972	136.06203981092148	0.34847784756816624	100.38883546418754	179	9.602149618643642	18.48971193415638	372.5327340563775	18.214285714285715	171	0.96	130.02492144308474	0.3423392869242329	71.2202930843902	179	11.781350964655285	18.3375	326.14394263613656	17.45	
4140	0.964	136.84628925134112	0.309404047707749	84.28067840697433	179	12.013216568908078	18.3402489626556	328.2629065938591	17.333333333333332	170	0.998	140.5515026898103	0.3691143405293075	76.43939336823507	179	9.72362965822747	18.422845691382765	400.11442442132955	17	
4149	0.98	133.95664178933202	0.3777624770573522	91.69605573234624	179	10.935877666825938	18.483673469387757	357.1756678757944	18.2	270	0.986	134.67001748260142	0.36913077410787837	78.79117778104558	179	9.930603810624815	18.553752535496958	320.38007799123875	17	
4159	0.992	138.53974638302057	0.3143679675656859	93.08509483141324	179	11.770188220583627	18.078629032258064	418.1860099760497	17.25	268	1	139.5829262164797	0.35921013317607814	83.52274257766297	179	10.082730977105761	18.346	430.0557673395451		
4164	0.97	137.56133533772885	0.25540000319172673	110.47132957559761	179	24.54129870957811	17.71958762886598	434.35262565450336	17.4	286	0.994	137.77999556447296	0.36760115911494834	74.28338682287038	179	10.02158330971682	18.386317907444667	401.5359388484333	17.666666666666668	
4169	0.954	132.308887162792	0.3066214216018521	78.32087475378393	179	15.827489349117842	18.40880503144654	263.8086818550771	17.608695652173914	269	0.964	128.8701138976461	0.3535476715916835	75.30211381821826	179	9.734216112100539	18.686721991701244	268.1352876887328	17.944444444444443	
4179	0.954	126.35426876112827	0.3191180865499849	70.30680781751097	179	19.1628480154707	18.70230607966457	286.4671464754975	17.043478260869566	172	0.984	132.79710653470116	0.36318776131450764	79.42929683307815	179	9.849664470876553	18.599593495934958	360.3934370800246	17.625	
4188	0.986	136.18408331261216	0.3546652632021168	109.06847500388844	179	10.176497656101617	18.28397565922921	444.1349311546211	17.428571428571427	179	0.99	138.63216266205032	0.31675393797426843	75.22311659525194	179	13.45842697163817	18.01818181818182	389.2736625010079	17.2	
4198	0.998	136.11565739234823	0.3427998836946767	105.84722576282877	179	10.285262224249681	18.200400801603205	395.2155005031525	17	174	0.992	140.55371362161745	0.34931003881462036	73.85615671361315	179	9.972624086892806	18.211693548387096	366.5722887109778	17.75	
4218	0.986	137.27619524962927	0.34349365239850715	65.8980235514727	179	13.950770773543544	18.36916835699797	334.3119900974001	18.714285714285715	166	0.988	146.79226220587424	0.27321637725336645	82.40524391574972	179	17.3923202007598	17.73076923076923	512.253043725766	17.166666666666668	
4237	0.97	132.51728189298498	0.3696432262119525	91.8569841970039	179	10.6577260889899	18.575257731958764	353.0402192483769	18.066666666666666	271	0.986	134.71417641276213	0.34784275547876214	76.56538532007283	179	10.0905330619028	18.34685598377282	365.5721172350784	18	
4247	0.984	138.6149771790997	0.29298752520548843	113.18105367935487	179	13.651163394148135	18.004065040650406	380.4157196870664	17.75	272	0.994	139.57537631967074	0.3438026193247928	78.57936709449949	179	9.62491141791293	18.19517102615694	396.5009778728614	18.333333333333332	
4257	0.996	139.12168957435907	0.35769698776431685	94.58051736186887	179	10.884081630653041	18.353413654618475	439.9876048939234	17	173	0.996	142.32637896498304	0.36983680696649474	74.23122510732898	179	9.871643841384689	18.437751004016064	382.28983900830326	17	
4266	0.984	137.81898652614694	0.3634587021365189	65.83249080295225	179	11.110783468272505	18.591463414634145	249.65954912380047	17.125	251	0.996	138.22582435908927	0.35105401479846676	76.1014928873919	179	9.659960270184149	18.383534136546185	373.7037241949008	18	
4276	0.972	134.35063858009107	0.31774916594318053	89.85821349077585	179	11.92644854686299	18.137860082304528	422.3780555424202	17.5	177	0.998	140.52379611408404	0.36267238638672894	75.48571980697206	179	9.491134056591804	18.46693386773547	387.8618040759894	17	
4296	0.968	136.66911390968042	0.26853554746532493	67.92416130115787	179	25.41995348805235	18.00413223140496	315.8545150984743	17.25	167	1	140.4376035722624	0.3548791994712046	92.66343553761914	179	9.706667357721713	18.298	437.98607913274054		
4305	0.978	135.73153468275316	0.3355816593927551	91.14304041277907	179	10.659378164428356	18.52351738241309	260.9494325336052	17.727272727272727	218	0.996	140.09621065038687	0.3579678351359503	75.27611353365428	179	9.671964570325509	18.303212851405622	385.3650941315874	17	
4315	0.994	140.85704568660577	0.32386836128076174	92.11414708852764	179	9.680754768279016	18.098591549295776	453.3042775595742	17.333333333333332	175	0.984	145.66987416718308	0.31096954186039005	83.55297276703651	179	12.184397536992607	17.977642276422763	364.4065487369765	17.875	
4325	0.992	136.92957513171936	0.34748252371123933	106.12873310806195	179	10.088393172488113	18.199596774193548	461.38957807654987	18	176	0.98	143.36288364198677	0.3066722074923668	73.14224073528537	179	13.56932031068509	18.16938775510204	312.7723194962	17.2	
4330	0.99	138.50803066770257	0.27259742245294216	113.6703748650189	179	20.754021320907096	17.905050505050504	476.5235075295186	17.2	199	0.98	151.01084812621974	0.23392215897523277	117.63004368080028	179	25.978013849217422	17.53265306122449	529.6932749592098	17.5	
4335	0.936	126.97379130695272	0.3584129273241768	103.3282381534923	179	10.298823447569179	18.97222222222222	252.35804298611444	17.25	168	0.99	140.70894567757145	0.2878975230728597	54.93852760334992	179	24.17460317827003	17.995959595959597	300.3667866061218	19.2	
4340	0.994	138.4478243912708	0.274456197106961	119.28107220388793	179	20.55849262875476	17.772635814889338	547.426337931839	17.333333333333332	216	0.94	127.48182705883116	0.32897485113017766	74.62184122110598	179	10.843203879023743	18.46808510638298	305.654774269609	17.566666666666666	
4345	0.988	141.37713925930353	0.34566396252888026	89.07796933593964	179	11.315224365912421	18.224696356275302	413.53208911490356	18.166666666666668	180	0.964	138.41029175307696	0.32382078477456405	64.71053547292308	179	12.94925821543424	18.410788381742737	292.17236576909164	17.666666666666668	
4355	0.976	133.02439689247132	0.3465698308371378	98.52127177983512	179	9.7788280622738	18.311475409836067	357.9537462674917	17.25	169	0.994	143.20290439691118	0.2908762799771397	63.053121674262925	179	20.990885843456336	17.93762575452716	374.2802353322043	18.333333333333332	
4365	0.988	136.12940560515187	0.3635140681743264	90.22232570040974	179	9.621454978349405	18.336032388663966	436.8370958074942	18.833333333333332	257	0.998	134.51947701856741	0.3494088099338317	78.8716270117889	179	10.424676188615965	18.27054108216433	402.7102483566553	18	
4375	0.998	140.73781588456987	0.32387934299435184	99.71457457075049	179	10.661661237531693	18.024048096192384	413.27913876247044	17	5	1	141.8721448234866	0.3349607244492699	86.33476264798212	179	9.558464304805861	18.158	453.8836998090954		
4531	1	138.83104262096404	0.35323240636661096	60.297129442196486	179	18.881496143824187	18.422	346.4686542711129		45	1	142.27989300590886	0.36078395712213235	82.33606732856055	179	10.189451958805355	18.306	432.45207044427707		
4570	0.992	136.97495236239294	0.3483331634603736	116.70427802566591	179	10.304382939393216	18.268145161290324	416.51824268002554	17.25	60	1	140.93638131765087	0.33831223066579197	73.15538512976914	179	10.908415584193957	18.196	410.6902845715275		
4589	1	143.7773176904295	0.33255998653049773	56.410721713385946	179	20.992546777191503	18.18	363.8053368412661		79	0.99	141.29131700628412	0.2953408526267139	62.244082375112455	179	22.3086418467077	17.941414141414143	410.88153298061883	17.6	
4599	0.998	134.42525794009433	0.3930263190796652	91.3709061911601	179	9.861325604935482	18.619238476953907	416.4869282975058	17	145	0.998	144.94016498243053	0.33886432123804794	76.82573676144378	179	11.0562983120791	18.196392785571142	416.7707831399919	18	
4604	0.98	141.96726061151995	0.28028355201729777	69.98059178466468	179	22.96337303918277	17.85918367346939	392.41306366301416	17.9	261	0.964	138.50176719057572	0.2608049439209591	67.66485015172188	179	25.00697142414098	17.935684647302903	316.4949682524184	17.444444444444443	
4609	0.956	130.3908999156969	0.319539357253582	98.43450034690365	179	11.969131426831751	18.16317991631799	444.8718154477054	17.863636363636363	59	0.994	155.01699884545008	0.2407039415716872	123.03910256642249	179	23.761882934117853	17.517102615694164	577.8155495455362	17	
4618	0.96	134.94138483631167	0.3261437038265588	97.2358472948997	179	10.364740391776467	18.447916666666668	312.28310747665256	17.55	274	0.996	144.81795975325332	0.25691386070642996	72.61573977771087	179	25.223558296366065	17.72289156626506	414.4169833108528	18	
4628	0.93	123.43385007425863	0.2771369441947676	110.65973504603332	179	21.070746769072883	18.53548387096774	272.0162004157476	17.6	273	0.988	140.0504635272773	0.28976283389270185	104.84688657088348	179	12.944901261814518	18.05668016194332	398.74032951499635	17.166666666666668	
4648	0.946	132.9548009894276	0.34216149127949824	88.87472388614601	179	10.555248814624745	18.471458773784356	377.335437123442	17.77777777777778	61	0.96	134.62725079908907	0.3263946077095978	93.35616474050533	179	10.189283836296218	18.216666666666665	368.9073575166958	17.45	
4652	0.962	130.3558362016086	0.30699179770387136	80.5856551733256	179	14.310839949698664	18.353430353430355	295.3138210693386	17.57894736842105	288	0.994	137.1147957072151	0.33303043435852664	97.2693070536086	179	9.889533804285767	18.130784708249497	477.62909472682804	21	
4657	0.988	138.75235232996238	0.3506555138052607	97.12715621064268	179	11.338439400624091	18.279352226720647	352.5345946973884	17.833333333333332	212	0.964	129.0253500016778	0.3152386168302264	57.01616256659878	179	20.221339758645463	18.37551867219917	337.2069196503071	17.5	
4667	0.974	131.8961081170649	0.38458950764085664	109.70526225484225	179	9.992323747607932	18.496919917864478	410.4216717672908	18.846153846153847	62	0.996	142.22476081684954	0.334765066457782	85.00178898208016	179	9.637932813035185	18.224899598393574	445.805860859151	17	
4687	0.99	143.17945157913144	0.33010375016566856	113.68124181231153	179	10.776403648148527	18.19191919191919	471.83611060525794	18.2	13	0.994	134.87475915193798	0.35397617819594895	83.08911575385078	179	10.165086088672808	18.319919517102615	394.650721844398	17	
4706	0.988	141.57161689724103	0.2961654602888101	101.90178606818017	179	14.347262560124289	17.86234817813765	412.0962362833061	17.333333333333332	275	0.948	131.820457199698	0.2998418727648258	84.31357512722956	179	12.123054460052407	18.542194092827003	271.7440720899814	17.307692307692307	
4726	1	144.6089773255519	0.3256023534772753	109.36470824402956	179	11.912210405295493	17.99	512.3867493815948		185	0.998	141.48803447857495	0.35388801942807835	79.21111037321162	179	9.522193666895847	18.248496993987978	406.74767820460056	17	
4765	0.998	141.2517338014972	0.3195104987113144	113.98851292940124	179	12.155926896858649	17.983967935871743	559.8912729000975	17	35	0.994	139.73234367949075	0.3679524288543735	76.2864576937322	179	10.019248815908158	18.396378269617706	383.90435447335636	17.666666666666668	
4804	1	141.38672095927828	0.38507989305978335	84.68792185455757	179	10.425489766876204	18.506	369.38507918344186		43	1	135.97672078538088	0.35045609285944523	77.81498438219465	179	9.673256069094913	18.264	363.923447783347		
4813	0.994	133.8792662231239	0.38576846273952353	79.63159456493268	179	10.057563394888785	18.567404426559357	372.2716963096347	17.333333333333332	252	0.982	137.88648937078554	0.32817556730316194	80.50830931299679	179	11.298115087845426	18.281059063136457	341.705115325555	17.22222222222222	
4823	0.976	138.2123031610238	0.34242134084004666	74.76184176851443	179	12.676441444981982	18.3422131147541	362.3116838486181	17.583333333333332	68	0.97	141.15661107728408	0.30680931567944314	106.26553567142764	179	11.8792347714414	18.117525773195876	357.30364461995794	17.2	
4843	0.962	136.55849870835047	0.31942214341595054	97.85076457217625	179	12.241792989668134	18.413721413721415	341.8039431020423	17.63157894736842	21	0.988	139.81659685250136	0.29818022670393446	115.54017389165138	179	10.865305190194492	17.959514170040485	479.3394532740164	18.333333333333332	
4852	0.942	136.21771697953355	0.29309931295496566	87.3274848149153	179	15.87522863694811	18.309978768577494	328.388958593565	17.379310344827587	161	0.988	143.4878587194702	0.29412192961565503	123.10405135708486	179	12.006129284302366	17.9331983805668	474.75321688154713	17.666666666666668	
4857	0.964	137.58063595416073	0.2878469356466732	94.24350871136315	179	13.083095360529963	18.070539419087137	385.7932958619962	17.77777777777778	208	0.982	139.98973598668164	0.33092303059073225	105.20807302746677	179	10.665764724798695	18.036659877800407	487.0010242590912	17.11111111111111	
4862	0.996	144.10973174730188	0.31381036994263817	96.64728575045682	179	12.848048896560845	17.981927710843372	470.4753718435687	20.5	109	0.972	140.98398700354718	0.2809143814915322	117.69715995191625	179	12.242400687826382	17.91358024691358	389.9610287641037	17.857142857142858	
4882	0.994	132.86638507226593	0.4065755778202761	82.97511167110683	179	9.848383567889742	18.80482897384306	369.247396967862	17	55	0.976	133.70229321389138	0.2769348284323783	103.76711460497404	179	20.480741243936198	17.98155737704918	411.5160163611456	17.666666666666668	
4921	0.986	140.10856282147523	0.34135386147173313	102.33308533840494	179	10.479217213026862	18.239350912778903	390.62285356416385	17.285714285714285	30	0.992	140.80508715167167	0.3699128286005965	83.34223790094353	179	10.411578100666329	18.274193548387096	406.69442235851983	17.75	
4940	0.996	146.53954802236194	0.24916532314327824	141.3743239785465	179	26.44866674663803	17.70883534136546	549.2433917411755	17	200	0.948	127.61832965368284	0.320287610936002	98.02874483385867	179	10.648424467430221	18.358649789029535	272.5602620696559	18.384615384615383	
4960	1	144.94434137322196	0.32414827755663544	108.15781891455454	179	12.434854443284976	18.022	500.5702363920098		33	0.988	140.48458650862636	0.3326480993704386	96.73048232627671	179	11.312904303297971	18.101214574898787	432.9036040918339	17.666666666666668	
4980	1	144.2169022213713	0.31397020983832064	111.33800442449595	179	11.5329760445269	17.98	546.222090887737		40	0.992	143.47285296926714	0.33251000881393855	78.81181303682725	179	15.457745491822148	18.177419354838708	395.95855855877556	17	
4990	0.994	137.53216924475365	0.3737108775266526	94.81284862556583	179	9.699034335961297	18.527162977867203	423.9314078658069	17	57	0.974	135.81727417255877	0.3458671238227622	83.65217486798521	179	11.963690316845616	18.390143737166323	320.45505802201825	17.76923076923077	
4995	0.998	134.86121996696087	0.37517182054889975	84.18083076723926	179	10.308966698137299	18.501002004008015	394.75366717305263	18	149	0.988	140.19354655653987	0.31441477294092496	101.83388673680653	179	10.57655276428272	17.87854251012146	486.1506688775485	18.166666666666668	
4997	0.99	138.34157793247266	0.33990290053804467	81.9300925332183	179	14.49939263821084	18.1030303030303	421.6914891988415	18.4	283	0.996	145.10912322576218	0.3104732310735885	102.93181152511646	179	13.902476437717276	17.859437751004016	462.59985406104545	22	
5000	0.92	123.51645991095526	0.3047364240058402	102.30851908237209	179	10.908255560852442	18.504347826086956	298.6170095988913	18.4	2	0.922	117.6921113096408	0.3443522853653939	90.76732430690028	179	11.13412094692688	18.468546637744033	270.99377837366717	17.923076923076923	
5004	0.998	137.7007561123222	0.3348951010281411	111.10947445007093	179	10.014955828932676	18.130260521042086	458.0568632848026	17	250	0.986	136.8798067579482	0.32667022239849125	88.37031386261415	179	12.54200288642765	18.127789046653145	387.0645693437695	18	
5009	0.972	136.23749053869236	0.29729068546052423	63.4116988293299	179	21.632513577639873	18.31687242798354	336.44482868749003	18.071428571428573	91	0.988	137.04330457472656	0.2878227660124345	97.47836345165254	179	14.880185133158369	17.963562753036438	362.95715068837256	17.666666666666668	
5019	0.992	136.82758620689657	0.37409264744957244	71.50926452513208	179	10.316059880267076	18.530241935483872	341.4712663757207	17	88	0.942	125.01658925010409	0.3329510915626356	78.47911926929038	179	14.43500007963657	18.861995753715497	222.60239855232916	17.96551724137931	
5039	0.992	137.705100085731	0.3582529021795481	72.03657867993437	179	10.512583602945938	18.399193548387096	347.4868417907464	18.75	86	0.998	137.63998455325532	0.26874622999007863	118.00266793853332	179	22.15454064182178	17.74749498997996	592.9385050305452	17	
5078	0.996	143.33410085168055	0.3386826827508661	66.79577271985755	179	15.29764419966072	18.22289156626506	371.52306640897984	17.5	84	1	143.06560988908	0.2920453388372882	122.67303124221641	179	10.88743999641797	17.808	564.7658635210889		
5156	1	140.22098827708407	0.3856034992542206	83.88494908195308	179	10.18844327199045	18.586	390.0732937180474		82	0.992	141.75478708158954	0.28143769250767625	115.23442500103879	179	13.68119271012989	17.81048387096774	454.5481565634493	17.25	
5175	0.994	136.37735641961683	0.30268237762117384	124.40566581180879	179	11.601477123388898	17.812877263581488	540.1005962204908	17.333333333333332	128	0.988	142.62616930349583	0.3041069222631863	101.86489598416553	179	11.62152213230485	17.95748987854251	494.8171789705654	18.333333333333332	
5185	0.974	137.63671819799836	0.3082607119723856	94.1006119402735	179	13.106872471046454	18.069815195071868	424.67606532247834	18.153846153846153	130	0.966	131.5431123700866	0.32784311792349696	103.74631361163216	179	11.019037958333437	18.308488612836438	288.5928406691088	17.235294117647058	
5190	0.982	137.31961069428476	0.3414905187754548	103.14397747830957	179	10.549308331651108	18.18737270875764	382.5264283214924	19	198	0.99	138.97857764584433	0.3676814215448229	90.194506342847	179	10.319124565443923	18.246464646464645	416.69148392822365	18.8	
5195	0.914	121.74654341046539	0.3356585687280657	98.07885609279333	179	10.780377184627852	18.584245076586434	256.79970342177694	17.53488372093023	127	0.958	133.989761951666	0.3152883334046357	102.68126640654593	179	11.370774671420529	17.97286012526096	417.8843456654182	18.095238095238095	
5199	0.992	140.8810747865175	0.30767948591434213	98.03291437576833	179	11.330776526508831	17.911290322580644	459.62550474909693	18.5	210	0.936	128.63150372405116	0.26236118828998	128.95884870165767	179	19.509990616192173	18.21794871794872	350.92388776708725	17.6875	
5204	0.974	137.53565477675284	0.3186074781071543	100.85054880533164	179	12.787006935583172	18.188911704312115	352.5728321750352	17.76923076923077	131	0.97	132.92405514326862	0.2868079943136589	85.7659287384269	179	20.046734826049143	18.364948453608246	261.15901860518125	17.533333333333335	
5214	0.988	139.46528895264362	0.2942498691358057	137.16111231734527	179	12.223260591676068	17.917004048582996	497.21676516798266	18.166666666666668	129	0.986	136.33095514613868	0.2984269975738763	105.27233918508355	179	16.282740417383856	18.11156186612576	350.90285948223334	17.142857142857142	
5234	0.986	141.10710401237418	0.2717053192580531	116.97840731708999	179	20.902857209257554	17.801217038539555	532.4951969436754	17.857142857142858	126	0.994	148.0444431208236	0.2982593828240452	105.01969463718002	179	11.756921372877978	17.91549295774648	497.9541225902804	17	
5273	0.984	142.9775362530933	0.29244316163726375	97.7252682637372	179	17.797123157773626	17.975609756097562	387.9028510851397	17.25	186	0.996	143.3258504575452	0.3077147130958345	106.63912295444239	179	12.019727501421434	17.94176706827309	520.6636351208895	17.5	
5292	0.996	139.0517674654124	0.32439348977358573	101.14565502168121	179	10.417097573674344	18.048192771084338	433.1524327004034	17.5	276	0.998	145.66791219108595	0.2948201897923311	119.76867718206009	179	11.923788311906428	17.851703406813627	542.0156622750997	17	
5312	0.994	141.36989418537678	0.3488429471121299	74.00404144323994	179	12.35730951846854	18.263581488933603	384.0134390369801	17.666666666666668	81	0.99	142.86951251204212	0.29537152447369064	110.7119641936246	179	11.920717060875173	17.88282828282828	489.874901186746	17.4	
5468	0.996	137.51587783716258	0.3187430191999556	66.34997396532341	179	20.818791367402305	18.08433734939759	389.50799745130496	19	83	0.988	136.72469624413077	0.2991643493109999	112.94661333339108	179	10.690273745549685	18.036437246963562	409.57045742836345	17.333333333333332	
5487	0.992	134.71305575940295	0.38412384052952175	82.44818597606992	179	10.133451678931044	18.570564516129032	367.54130182405686	17	148	0.96	125.59526924468092	0.29392167612658987	123.05719270919809	179	11.099835244130556	18.14375	389.02448774080483	18.1	
5507	0.976	123.76677065121467	0.3483932570204338	72.80302624448436	179	11.235286922624471	18.450819672131146	325.3371690780451	17.5	90	0.988	143.72163388803088	0.2940466889220341	122.65027843731895	179	10.616576339099808	17.87651821862348	505.9104870175382	17.833333333333332	
5546	0.978	131.04298424271354	0.3872692759239605	84.112005763919	179	10.128371339100722	18.90593047034765	332.98893419552263	17.545454545454547	85	0.992	134.96965903840447	0.2926226461156041	123.71087197096574	179	10.894617779783268	17.85282258064516	509.9953374544938	17.75	
5555	0.972	132.36015033511399	0.27232444562548064	102.92970224704774	179	23.838541279225765	17.958847736625515	402.11647875877543	17.357142857142858	203	0.998	137.70835633103584	0.3343936189249096	98.87488631347996	179	10.688688217223605	18.102204408817634	431.8405153241318	17	
5560	0.976	135.08276587470667	0.33306728245982403	83.6182251936317	179	13.362491981800334	18.225409836065573	378.7381517862306	18.166666666666668	204	0.956	130.20265853137116	0.31229963347273554	88.37352471179662	179	16.98527583055189	18.043933054393307	402.142663973393	18.136363636363637	
5565	0.908	123.95565991336476	0.2662452321526793	118.95721171109214	179	22.446493849397655	18.105726872246695	323.4699733334859	17.847826086956523	201	0.994	136.56847658807942	0.29326104546093135	108.49505787546313	179	10.94876413786728	17.835010060362173	561.1995759458929	17.333333333333332	
5567	0.998	134.78108202992667	0.3615820964183851	103.77216075630798	179	10.495760448830511	18.200400801603205	404.5533241619451	17	284	1	136.93752909931925	0.28003865546218326	115.31082597384896	179	19.026105669447062	17.788	599.0770823465458		
5570	0.986	138.7364570138568	0.3237266401027082	86.14703269308171	179	12.859491480553011	18.16024340770791	412.8628296729343	18.142857142857142	205	0.958	127.15013803348363	0.34496298207962117	76.52394438160081	179	13.397479412682367	18.461377870563673	286.7536013057826	17.666666666666668	
5575	0.966	126.6055045870787	0.28219787080199865	84.90512979244274	179	17.980737905152683	17.904761904761905	383.79903222394756	18.294117647058822	202	0.954	106.1061061060017	0.34044480420436884	100.94338764458374	179	10.210244706334596	18.427672955974842	302.1529597552108	18.08695652173913	
5585	0.992	116.54135338362441	0.3913518101522141	74.34935337985435	179	9.911809848081528	18.659274193548388	341.98881649051714	17.25	87	0.978	115.43091849047613	0.34423172627791837	96.5977931723511	179	10.238040158350778	18.1799591002045	350.6446653211168	17.181818181818183	
5605	0.984	133.24306025711024	0.4061791209792303	91.23719638803017	179	9.993830130968211	18.73780487804878	378.3916135556277	18.25	89	0.976	125.45954700877576	0.32683722324132275	104.27814285813656	179	10.603674484569442	18.03893442622951	416.7936701824568	17.666666666666668	
5615	0.972	134.69693190330557	0.3387490502662676	91.22557875398032	179	11.465819246316773	18.174897119341562	414.55316855808826	17.928571428571427	112	0.968	123.950010244141	0.32696256531267903	87.97447995373376	179	13.84417512908201	18.084710743801654	367.3094309791546	17.5625	
5620	0.99	141.6146935973078	0.30826791677152754	106.2974126951597	179	11.10689402951947	18.006060606060608	449.84963824950154	18.6	217	0.974	136.85926258957346	0.3304204286864915	89.50943063247156	179	11.767704198236398	18.18069815195072	376.0438734153015	17.846153846153847	
5625	0.922	113.79063510460004	0.2700435907513659	111.62194819069416	179	19.836334189232367	18.28633405639913	299.99697996215457	17.53846153846154	11	0.982	133.55456424775537	0.328232470677912	97.38835676726949	179	10.64903717614891	18.026476578411405	440.1897713098628	17.666666666666668	
5629	0.998	140.9604519776607	0.263140108907184	127.28598020516792	179	22.305718751610364	17.713426853707414	569.3878282912875	17	295	0.98	143.1492842537832	0.3236645033953421	104.87684787052856	179	11.753156292455108	18.09591836734694	348.56259253390203	17.6	
5634	0.962	132.8545780973153	0.27102620601072464	121.2974697053631	179	22.478705810897317	17.835758835758835	513.4414718431043	18.105263157894736	113	0.986	137.95612267728268	0.3103592463639302	113.29933235412396	179	11.181052736605544	17.920892494929006	482.51064415541026	18.428571428571427	
5644	0.986	131.83228152740818	0.32752946504390795	120.04397820148849	179	11.596637056466998	18.107505070993916	419.36287205227757	17.714285714285715	41	0.996	136.058138899576	0.3450884968938606	92.4294255428044	179	11.723256870935039	18.096385542168676	446.7047339394062	18.5	
5664	0.998	125.00626283871242	0.3380026306482927	121.38714705862218	179	10.571334342071243	18.13627254509018	510.72862150199524	19	34	0.99	139.45626144552097	0.3241829634403982	96.43006043216735	179	13.706341706124839	18.086868686868687	381.9369166667669	18.2	
5673	0.978	119.2304878942333	0.34706446833684884	109.70138023464668	179	10.47787797529533	18.257668711656443	393.9381139174157	18.727272727272727	207	0.978	115.14552133348788	0.3232825282113965	77.84176456762266	179	13.327807844936492	18.38445807770961	326.3545380571196	17.454545454545453	
5683	0.964	134.08629371012972	0.3304389021022969	107.40207163348308	179	11.513697303234153	18.404564315352697	329.891563275851	17.38888888888889	206	0.972	128.36427986591656	0.34011746565639406	89.98760753002136	179	11.168430305947101	18.220164609053498	347.29095351885684	18.214285714285715	
5693	0.978	129.60852394673168	0.24712088975797694	93.28407094347766	179	22.829410793625616	17.591002044989775	485.8404465196498	17.818181818181817	262	0.992	127.93396956384242	0.3254498219774601	109.35414341224993	179	10.373977256990273	18.02016129032258	411.5362653216358	17	
5703	0.984	124.98412295198276	0.3018840753745503	127.08509153111966	179	10.404620481141462	17.95731707317073	463.34714013442385	17.625	27	0.98	129.66736351881497	0.3123780580812856	110.193328802923	179	10.506625233912835	18.059183673469388	400.87514863312316	17.4	
5712	0.98	120.23359670211887	0.336666390411258	81.61675741939993	179	12.212635222188458	18.457142857142856	346.72617940676474	17.9	227	0.986	129.50849817424157	0.391510084757656	98.96873457106874	179	10.896696261226856	18.663286004056793	295.72697387321455	17.285714285714285	
5717	0.95	111.53638434287272	0.2923421763904074	109.10038483381126	179	12.015085593159244	18.025263157894738	332.65017247945553	18.32	292	0.982	119.15162104433486	0.2961101337665871	100.14841135573475	179	14.579615842475258	17.865580448065174	440.3967827762866	17.88888888888889	
5722	0.944	113.20845225833278	0.31267380502602404	98.47153426355904	179	12.22754846887809	18.25	418.18689534449766	18.107142857142858	225	0.908	101.9194073407261	0.273037224009319	73.99803708872975	179	23.254038782372195	18.726872246696036	253.47131437031038	17.456521739130434	
5742	0.936	112.83089830776643	0.33700234282019503	96.65789886838495	179	10.68322482670585	18.333333333333332	341.6476937925146	18.25	224	0.96	113.23158217529758	0.30211230691106844	58.55118198339843	179	21.755214203250652	18.66875	299.0209040796603	17.55	
5746	0.998	116.20325089645229	0.38811044123728405	84.41350666066974	179	10.367306060989101	18.603206412825653	401.1219675636036	18	229	0.974	118.65315271425733	0.27516757630679334	85.65987088593978	179	17.081440488795383	18.147843942505133	299.4765373069742	17.153846153846153	
5751	0.992	113.8006194791239	0.40246749616912253	87.04702880501301	179	9.367652325111878	18.625	393.02615689179754	17	228	0.984	120.84592145026717	0.2888759740096298	89.83394275671264	179	14.589500459053937	18.17479674796748	359.2691433132979	17.125	
5761	0.974	121.34652281147034	0.30848384600426837	91.34374704164503	179	13.149620785096369	18.094455852156056	364.62719134633164	17.692307692307693	226	0.95	120.34456549277223	0.31573607816332205	94.60629406261667	179	10.185737483178182	18.64	297.59653629285566	17	
5781	0.978	120.49083382630359	0.3056923806368232	113.49518559349407	179	11.051472661845176	18.116564417177916	400.06216143483897	18	22	0.974	122.19294944186902	0.34425276360769475	111.91791660639386	179	9.693270832260392	18.16016427104723	421.9523852088854	18.384615384615383	
5820	0.984	142.72867047703357	0.2918386656706667	103.80020496184719	179	14.393933250071225	17.878048780487806	484.1869023549945	18.125	187	0.982	113.91054194538552	0.34875974192936476	102.34602065790449	179	9.499777256847604	18.270875763747455	409.0719405230922	18.11111111111111	
5859	0.986	126.5660299856551	0.36436008088869604	116.47103210566593	179	10.663402389553568	18.332657200811358	425.4540097899082	17.428571428571427	63	0.97	115.23200836329022	0.3453886180987134	111.13060673342056	179	9.791087171416775	18.35463917525773	376.4114377749505	17.533333333333335	
5937	0.988	119.05622635171869	0.3267042984535236	129.54972658419007	179	10.084909263109497	18.10931174089069	404.9368681629729	17.833333333333332	14	0.982	111.53767520030496	0.3411648792084878	92.54199767588884	179	9.812260627453282	18.25865580448065	370.1710290910117	18	
5956	0.986	120.15305500696878	0.29907021560981895	104.36376379239744	179	14.4591474695506	17.98782961460446	409.1238764557837	17.714285714285715	134	0.99	115.07346103797512	0.33148040296459436	98.66255097374251	179	9.346362449007929	18.1030303030303	475.48059036789766	17	
5966	0.966	115.21396879906221	0.3076649322327447	112.94601974556485	179	10.269525516136246	18.3768115942029	275.8032413047215	18.529411764705884	222	0.984	117.95166858466688	0.3077920171063722	78.41637246318382	179	16.45579623337935	18.128048780487806	354.3569515574032	19.5	
5976	0.962	122.85765369982967	0.3323848991031657	70.56515003984416	179	16.385482577456013	18.19126819126819	312.96939650757906	17.894736842105264	132	0.994	121.17222547271514	0.26700431593442864	71.99227901742427	179	22.79704585519034	17.770623742454728	476.7227229965485	17.333333333333332	
5985	0.962	120.46985748984324	0.309622635938425	101.10843545361149	179	12.326155022580739	18.340956340956343	353.53974624598476	18.05263157894737	162	0.978	111.73567315580702	0.3567221098541734	84.349798602271	179	9.529911764329812	18.447852760736197	378.0982458307294	18.272727272727273	
5990	0.884	97.82007303296524	0.35091840766125926	82.00189219938883	179	11.96890638415992	18.875565610859727	192.89924182662327	18.29310344827586	299	0.992	112.95832384414298	0.34669189478281415	114.85302232865966	179	9.403277890899572	18.20766129032258	411.5426485660133	19	
5995	0.996	120.48775766970202	0.30622507228777385	134.6685668187889	179	10.481554541636823	17.913654618473895	647.1128453954193	18.5	133	1	115.95009507907297	0.3265356122034146	81.96964997451494	179	9.352521519230194	18.092	458.4596741076077		
6015	1	121.72261849717057	0.3606173566715374	74.26474194351974	179	11.476108843039803	18.372	390.6221469579865		54	0.982	114.0719745370032	0.36509405732038597	74.82621120528268	179	10.80517527875169	18.519348268839103	327.32648047318844	17.22222222222222	
6093	1	132.8903654480938	0.34213293974687253	69.65626621174479	179	13.330117260283544	18.242	363.3211714762651		50	0.976	112.80628756354483	0.33920129049868225	92.85533733042492	179	9.714135364294817	18.264344262295083	382.45004780631854	18.083333333333332	
6112	1	121.53917207482897	0.3013824119121323	116.2284808477154	179	10.360253856090123	17.864	567.4778504013511		123	0.996	110.96009447198844	0.3597432779918142	83.71275347749437	179	9.317250238061948	18.265060240963855	416.50976234578656	17	
6122	1	119.86670822040733	0.3518585243188192	87.50208476099402	179	13.23508142957767	18.286	451.6842003765303		147	0.984	110.80082875399431	0.34668325451044185	85.541508209793	179	9.64584533669604	18.40650406504065	353.2091148651568	17.375	
6127	0.988	112.45418743903272	0.36301514603222595	111.31520107610909	179	9.453667355284697	18.358299595141702	409.8793114807622	18.5	265	0.992	110.65253764644865	0.3266941652799415	76.82488165222911	179	11.694856076159342	18.153225806451612	359.61952897132755	17.75	
6132	0.96	116.33825347199536	0.3481082753149557	96.40894225642637	179	11.1991630308835	18.34375	346.7057260795367	18.2	120	0.94	105.72251214703894	0.25487335228977687	76.17296095001059	179	25.794111210404854	18.07872340425532	259.440182320701	17.866666666666667	
6151	0.966	120.44287068007569	0.2860701768630145	114.19501189880079	179	16.306580396408982	17.84679089026915	515.3091910808705	18.529411764705884	125	0.958	105.28860948688664	0.332361450445914	72.45833587886874	179	13.38567822263495	18.39248434237996	397.89057039445345	17.666666666666668	
6161	0.992	115.61771561749599	0.38499169243763876	134.11865304883455	179	9.525888452125507	18.433467741935484	404.12008659363045	17.25	155	0.998	114.53623155130076	0.3597333151904003	83.47202467438042	179	9.608913322580584	18.28056112224449	401.2663435403105	18	
6166	0.942	114.63200934574436	0.2774165806673545	111.677330322986	179	16.34020977373053	18.144373673036092	313.0289164831775	18.17241379310345	193	0.99	110.20817098955571	0.3618495218472792	83.79929995749666	179	9.905946745925892	18.34949494949495	412.65355042764156	17.4	
6171	0.93	109.63878147683637	0.3140953797100798	101.9480860798777	179	11.81802332897292	18.234408602150538	344.4206726534784	17.514285714285716	119	0.974	110.16105682248491	0.33362657358054737	98.18434152144971	179	9.417629676320585	18.16016427104723	439.37000468885475	18.384615384615383	
6175	0.986	121.19871180275044	0.3022636534062755	96.60927728245176	179	14.291736103214564	18.29817444219067	331.13202335300144	17.142857142857142	165	0.98	110.73946845071343	0.3309736377933539	71.57980545219846	179	13.806639846464142	18.430612244897958	310.5676836364943	19	
6180	1	120.20675561941013	0.3230329401936209	131.44353714480943	179	10.231670712262416	18.046	552.1893591427819		124	0.978	111.68718452375553	0.34457243594169285	99.59235517590835	179	9.476779254523265	18.494887525562373	369.0071677470662	17.90909090909091	
6190	0.996	118.57707509875374	0.3372056669846115	116.98809184117363	179	10.164902902030096	18.152610441767067	496.33442854028345	17	122	0.97	106.36198162223239	0.33911754089820595	77.69555592343175	179	10.17978032025945	18.470103092783503	312.40745558240224	17.6	
6210	0.99	121.29677277068743	0.32114990387436093	114.2023390263215	179	11.429031273923606	18.024242424242424	469.47045044723586	18.6	121	0.986	113.51338905394783	0.33594811612414194	85.17200478637062	179	9.694348522424619	18.2920892494929	359.71815499088785	17.857142857142858	
6250	0.994	116.94667984361833	0.3386190947839468	129.32386558468076	179	10.100336725567745	18.106639839034205	549.2638262006507	17.666666666666668	10	0.986	108.79159678695984	0.37424046601398936	83.40737013291893	179	9.622815442987093	18.586206896551722	398.8723118694264	19	
6875	0.994	117.1893421360377	0.3254882531218554	134.7903872795453	179	10.267254297745483	18.112676056338028	515.5240728631242	18.333333333333332	15	0.956	110.6046231806761	0.3116740133622262	101.39921525096139	179	11.452385013979422	18.426778242677823	239.49370819226095	17.5	
6894	0.984	116.34506242873633	0.32870080014666603	118.890102894054	179	11.352152074273821	18.148373983739837	443.2389057427279	17.75	184	0.98	109.66384673910594	0.3420629705516293	111.53447824185791	179	10.068657610698569	18.26734693877551	435.8843715425068	18	
6914	0.972	119.36632690638508	0.29174962238162155	100.92471299529728	179	14.547401035760867	17.92798353909465	431.27461902483515	17.428571428571427	183	0.972	107.76770073409139	0.3160155391302426	101.31220948401725	179	9.949824409638394	18.203703703703702	344.48784628304793	17.142857142857142	
6923	0.984	112.24932125685115	0.311419544996717	99.27674204920721	179	10.056141507589317	18.014227642276424	416.5401079450074	17.375	297	0.99	109.94869061110276	0.36773075985666354	97.56166273267273	179	10.372495301682614	18.42222222222222	315.36260644679857	17.2	
6933	0.99	130.93506149951938	0.3454627656485227	92.80726784283344	179	10.885609744313065	18.147474747474746	464.6596165626007	18.8	277	0.99	113.17389912658626	0.2777942727684732	62.88063135754973	179	22.6906016018543	18.004040404040403	379.24404797869727	17.2	
6953	0.982	116.43072253459802	0.31673039173149464	117.48157594512442	179	12.690197429755301	18.128309572301426	418.3168193821162	17.22222222222222	181	0.99	116.83621686666484	0.33252513700210545	84.95548402400073	179	12.431800912156438	18.14949494949495	452.3033706187069	17.6	
6992	0.982	116.10858872501242	0.3158021187016783	105.14499623402982	179	10.425206557118807	18.093686354378818	439.0943819163091	18	182	0.994	120.88927806967843	0.2675286261145066	106.2836085076532	179	16.164586249335986	17.676056338028168	532.7293027981793	18	
6996	0.992	112.60698799012053	0.2998922581199986	121.58117127861092	179	10.987807079540866	17.949596774193548	444.3970174819702	17.25	289	0.964	107.17541636085997	0.34622053647523854	71.90083436929231	179	11.37491376976301	18.483402489626556	341.8501079481922	17.38888888888889	
7001	0.94	112.04081146147693	0.31360164073094593	101.55978130252244	179	11.04678227272035	18.272340425531915	371.1472212757595	17.866666666666667	192	0.966	105.35040460680402	0.3651060135877595	76.73238568527383	179	9.133402339288079	18.867494824016564	305.95190854728173	17.11764705882353	
7011	0.924	108.67264130962656	0.3084484139216557	78.15768773456826	179	17.600926855745975	18.42207792207792	252.11576717248394	18.55263157894737	190	0.994	110.32676256449437	0.2985111289613224	83.80783616581198	179	14.854589561187826	17.9476861167002	363.23114093031256	17.666666666666668	
7021	0.954	111.50330769767726	0.2875370229742552	113.6747459380997	179	16.751965014416147	18.232704402515722	362.5069937129721	17.304347826086957	191	0.99	113.03434417218836	0.326350601200962	98.92493337928293	179	10.019961992306238	18.13131313131313	466.6145695295619	17.4	
7026	0.994	119.62355886107709	0.34455523552982276	67.64039818590177	179	14.028564581635791	18.20321931589537	374.7470082746002	17.333333333333332	259	0.986	111.178765532484	0.3363919632833023	114.36046666616825	179	10.555799001060272	18.150101419878297	421.47613289917473	18.857142857142858	
7031	0.998	123.9535981320535	0.28957885725106636	109.41407701831763	179	12.963555399846875	17.827655310621243	516.7509884742353	17	37	0.97	109.30316415757225	0.3178566281738856	69.32808609622738	179	15.91375018543925	18.237113402061855	370.45016212147476	17.8	
7109	1	118.65211200739051	0.3606176077448524	72.14904369915722	179	12.423163978324348	18.278	396.0451110239247		46	0.998	118.50198294885864	0.27974597285385966	125.46974137772443	179	14.209752754320782	17.7875751503006	558.5882601043409	18	
7118	0.992	118.37991360182502	0.34709263419315417	68.1435354276317	179	11.933207037393302	18.139112903225808	401.7875246363249	18.25	239	0.964	109.40124381513768	0.2868924507999308	106.277971778408	179	13.208829800161743	17.99585062240664	384.80947675306965	17.38888888888889	
7120	0.924	108.35150918160132	0.33491630473657696	91.44912869116386	179	11.34306299701499	18.74025974025974	265.7502762501099	17.842105263157894	296	0.992	116.76632609829107	0.2784560910462862	85.26164982921959	179	21.020767639766078	17.806451612903224	461.091174364787	17	
7123	0.922	107.4191443751375	0.31687942174970657	61.12075148254668	179	20.44239384623761	18.780911062906725	279.2849676039994	17.307692307692307	242	0.992	109.33780089945556	0.34179742831433096	94.4427161638555	179	12.985518885464156	18.141129032258064	332.3319538625021	18.5	
7128	0.94	105.84870391635376	0.3659012571060531	77.69125451368878	179	9.523178368319734	18.938297872340424	280.4256410737782	17.133333333333333	238	0.98	123.55017650023764	0.3018087485620819	81.31641274190841	179	18.775736222629725	17.881632653061224	418.2234591517359	17.9	
7133	0.972	118.05859204173333	0.2768259812769238	85.89732347606999	179	15.879989556547017	17.95267489711934	367.9689744786153	17.428571428571427	241	0.982	107.45158113584641	0.27479747249598296	108.65878667501741	179	20.175959964309826	17.767820773930755	481.06489105690395	18.88888888888889	
7138	0.994	115.18227537145216	0.3469715321373123	72.5850047876667	179	11.760810203491038	18.372233400402415	354.1357417428053	17	240	0.988	118.6872327132909	0.32262449452851977	74.48203883158078	179	16.81398454850374	18.13765182186235	344.26434093642	17.833333333333332	
7148	0.988	118.62738035192588	0.3386046832967152	106.99684184270737	179	9.561243465191618	18.196356275303643	459.0142170525669	18.5	70	0.984	112.25956602089947	0.2933477275714678	110.25065204344833	179	13.511847777161208	17.89430894308943	386.59795401393217	18.5	
7187	0.982	115.21494274416982	0.3186506310102549	96.42663090018307	179	14.036957886227482	18.077393075356415	447.9305709139023	18.333333333333332	23	0.986	107.68424271573619	0.34997886683748797	83.90341531416453	179	10.879832085460132	18.247464503042597	401.57387422989586	17.571428571428573	
7196	0.976	112.19422475626399	0.3065230125699972	106.23322873641938	179	10.336347225785328	18.30532786885246	376.88082495829957	17.833333333333332	245	0.942	104.96289528239238	0.3084361068624829	82.55094084691622	179	15.620713379856838	18.45647558386412	299.14749114454816	17.379310344827587	
7201	0.978	115.23234989155785	0.3042081526041337	90.65064371242447	179	13.628254563197185	18.30674846625767	308.243952809325	17.727272727272727	247	0.996	114.07627992212268	0.32116068040944024	74.80285302216713	179	16.80263740162646	17.97590361445783	445.7489636167616	19	
7206	0.924	106.6777500693676	0.33032362865401393	89.14449829575989	179	10.737294196320214	18.6017316017316	294.0094781881538	17.210526315789473	243	0.964	109.53300761269014	0.3337028372534121	89.45512680937043	179	10.441027971988323	18.190871369294605	377.7792234432045	18.555555555555557	
7211	0.98	113.99590545320052	0.3425544252788834	111.72133174599232	179	9.47109200149358	18.10816326530612	492.4955844661268	18.9	246	0.964	106.45816768262243	0.34132611041067645	101.76240775507749	179	10.463184500833743	18.456431535269708	299.33251162439313	17.5	
7216	0.98	116.4199672123963	0.3334462939880894	125.24217586738571	179	9.812091417769757	18.36122448979592	354.0655305929968	17	244	0.956	103.18402590410551	0.31171954970626986	86.8969691369284	179	13.889117221087652	18.242677824267783	311.2041798226371	18.272727272727273	
7226	0.994	114.28177240228946	0.3542264698857514	95.05559679315516	179	9.41093391127974	18.356136820925553	413.862933119717	18.666666666666668	71	0.994	108.46555073002344	0.3527939517788825	89.66615319326384	179	12.405710702322072	18.243460764587525	435.58984574860006	19.666666666666668	
7265	1	137.27589709827976	0.32934469864500715	123.27658203260091	179	10.570833820166577	17.994	531.8872094526345		42	0.974	113.21895196921459	0.31200358577616194	89.44712149872431	179	13.19944785039684	18.166324435318277	351.8810716866776	18.153846153846153	
7304	1	114.55803510056117	0.3835202507159169	78.83976936535507	179	11.853550508858346	18.528	387.0438397558347		44	0.96	103.39256865908614	0.28769664152210495	108.87771212670646	179	16.059672149938645	18.208333333333332	290.538138120137	17.65	
7323	0.994	114.17937879083938	0.40208639157392984	76.35391939583933	179	9.705741841468555	18.58350100603622	324.91469529523437	17.333333333333332	80	0.984	110.97827803205958	0.32861665275733815	100.71471951206449	179	10.644502856630139	18.119918699186993	408.67965738214656	17	
7333	0.97	113.23838431017384	0.3476119797628836	92.12039734258676	179	10.111915302037842	18.36082474226804	321.11757894952126	17.6	196	0.972	104.70076263490523	0.3328931088715894	92.69200603490081	179	10.422607723500874	18.203703703703702	370.8290989075404	18.071428571428573	
7343	0.964	112.84884809881926	0.3037282919282574	106.58174257333769	179	12.309021528633561	18.319502074688796	341.7545620176379	17.444444444444443	31	0.926	103.84658517453785	0.3414851287792585	98.62189979724018	179	10.230778012085928	18.47732181425486	299.66329990117663	17.864864864864863	
7500	0.962	107.38284999908079	0.3031810754720962	104.50798954963271	179	16.46678786452393	18.571725571725572	299.8627530597361	17.31578947368421	8	0.988	112.57463196752067	0.3298103947362546	77.67506171487531	179	15.936170478603113	18.119433198380566	394.7992274556689	17.666666666666668	
7509	0.984	112.93728766860804	0.3410644553720151	85.50273932985762	179	11.131338282202062	18.327235772357724	348.0870300128984	18.25	150	0.952	107.30629635446263	0.3130215173601103	91.32107962618592	179	12.32336270405166	18.233193277310924	322.96615001416967	17.708333333333332	
7519	1	112.54924029251005	0.37374689521602994	64.73352963839473	179	16.676084951634706	18.518	345.61358893068586		74	0.998	106.50331889072854	0.35808017824434496	100.66685404034767	179	10.466019551599976	18.226452905811623	427.2140404899649	17	
7529	0.968	113.97621570721847	0.35789012073649984	67.97017066548234	179	12.023042261661715	18.59090909090909	321.72071787581126	17.875	75	0.984	112.56778090467976	0.29676865450929935	129.44241577249898	179	10.716242821127683	18.002032520325205	424.7761312475938	17.375	
7534	0.94	118.96023690816124	0.29618425924104125	75.97006385469561	179	17.621210240940684	18.282978723404256	292.5036308341421	17.733333333333334	154	0.978	108.30564784054832	0.3220310482825987	115.20360434974765	179	10.848052227060412	18.116564417177916	338.9437341812165	18.09090909090909	
7539	0.896	108.62976164532434	0.3398973779104943	72.9402704701831	179	14.744071199365406	18.685267857142858	248.83850830997363	17.596153846153847	72	1	110.8352544775452	0.3340229531046856	108.03214943554912	179	10.157391034159884	18.098	479.8528485007977		
7548	0.93	110.85153046635806	0.32995042952098813	79.78392963361549	179	11.426978629790204	18.77204301075269	280.27070176478804	17.37142857142857	76	0.986	111.35958076391132	0.27677564395453846	94.90319197427486	179	22.6282942388046	17.876267748478703	344.58838279125877	19.428571428571427	
7553	0.984	116.8479551606238	0.3276897058923416	81.99006233116819	179	11.994608807554988	18.172764227642276	407.13589269069547	17.5	158	0.992	108.16468946253173	0.27325352042344836	113.06558100856276	179	21.613689454414544	17.723790322580644	530.8280056031591	17.75	
7558	1	117.00559286731865	0.37020037303597814	84.47769285248296	179	10.51642370920059	18.414	418.83199576827224		73	0.938	102.50693943574262	0.2997063606799089	94.36297720113149	179	11.392818163326794	18.405117270788914	312.6479778229802	17.129032258064516	
7568	0.976	109.2920651272957	0.33101545413312655	98.12449978434735	179	10.461706980266012	18.30532786885246	324.760404195439	18	263	0.984	117.82737810128238	0.3157467137475442	85.33861887039777	179	15.60193134378271	17.973577235772357	404.2157696858948	18.125	
7578	0.98	113.37343822304183	0.32554424275975963	113.91518014459821	179	13.0086546555104	18.116326530612245	427.02992760121947	17.4	38	0.938	107.65522782063618	0.2809420757043325	80.18341362703924	179	22.7859108870605	18.315565031982942	280.88090637049504	17.35483870967742	
7617	0.974	120.34199861629651	0.27510110188192355	93.93606639891749	179	15.748300748411907	17.930184804928132	373.7410592392203	18.384615384615383	230	0.94	103.32849668041678	0.31519966478565936	87.46745779322013	179	13.581043798780598	18.353191489361702	290.9300331524824	17.3	
7626	0.988	108.38086880199822	0.3918847143808359	78.018079062834	179	9.384080061967058	18.657894736842106	343.95418574938026	17	253	0.974	108.4487596311206	0.3150942183592952	97.39383911893523	179	10.406117926571346	18.24435318275154	261.47523030232196	17.153846153846153	
7631	0.948	104.26290088432012	0.27553366746061664	123.38000989030724	179	19.36681987406111	18.276371308016877	327.9613452450754	17.384615384615383	287	0.97	106.46938730726045	0.29396332958938604	99.83885184789267	179	15.551764267672956	18.070103092783505	357.7624071393311	17.333333333333332	
7636	0.95	106.56436487640147	0.32273030357110544	85.76034193719696	179	11.863733801233439	18.33684210526316	320.79213959808527	17.84	248	0.916	105.89840227538754	0.3106533203567184	87.98242495089785	179	12.717136290415727	18.310043668122272	309.70765791838875	17.428571428571427	
7646	0.974	111.76133103848426	0.3435175943643786	99.42782923825797	179	9.619288848584121	18.46611909650924	390.1267151792804	18.076923076923077	249	0.99	109.37776206485391	0.32144323925823054	102.31922284466107	179	10.601905619026375	18.076767676767677	430.09794116971443	17.4	
7656	0.986	114.32414256918258	0.3056170197697232	124.55131277267049	179	11.20985546405372	18.038539553752535	406.66883271873496	17.428571428571427	25	0.984	107.10786981597927	0.34373576825343727	86.69706758037933	179	10.234144960399254	18.26829268292683	394.64663452892637	17.75	
7695	0.982	122.71318604422387	0.24681757506661506	98.73696703749926	179	24.68328738272897	17.85336048879837	366.59903996261903	17.11111111111111	231	0.96	107.99136069120581	0.34106898257650364	84.73782141175522	179	12.03301625255551	18.3625	346.8863138824666	17.7	
7714	0.97	111.58403313011664	0.27925440565413745	83.10231648704588	179	21.680249350008715	18.072164948453608	318.8671123103265	17.266666666666666	278	0.966	107.24515398447502	0.32932184685352717	97.48948195990917	179	11.242813337071407	18.194616977225675	396.2983291876606	17.352941176470587	
7724	0.976	112.09629255313537	0.2884127910583267	108.7881956935678	179	19.13567053907537	17.922131147540984	499.7347107781377	17.666666666666668	279	0.912	103.32404323295384	0.32556035831047986	85.45233825978798	179	13.332718292265518	18.70175438596491	228.94330755582257	17.65909090909091	
7734	0.992	108.75285037731724	0.407888584341736	86.50331517161968	179	9.43237881655953	18.725806451612904	399.3634730575782	17.75	47	0.984	109.39410783738745	0.324099202242946	93.92723658235367	179	10.344745298916278	18.046747967479675	362.98168874326774	18.375	
7773	1	119.42580074983263	0.27041375988991984	122.75584098193997	179	21.098334308619265	17.724	542.3670767623182		188	0.986	111.14116957502604	0.32311127672565426	108.35401275750165	179	11.519024100389545	18.11764705882353	377.63350012062966	18.428571428571427	
7812	1	117.43153741390488	0.3057068799449595	107.89263847890462	179	13.569237661786223	17.918	514.8100915991802		20	0.99	109.17030567698595	0.37367738969671677	87.24631518595814	179	10.004979692641434	18.355555555555554	404.13670035507363	17.8	
8125	1	116.28988743143053	0.30542205022359686	113.93572561770928	179	12.885433152197292	17.986	528.0315354292027		18	0.998	107.83360345787806	0.3580880012877139	80.54008330329337	179	9.986267527032119	18.316633266533067	420.76443749173546	17	
8750	1	126.90033247911181	0.2934316821465415	111.62656334979067	179	19.354723848415468	17.858	574.1147961013048		17	1	106.69398032560247	0.3594606592238178	80.51795858084466	179	9.837851089390353	18.37	383.09192025423357		
8769	0.996	108.79063264582895	0.3931977002223941	88.22803383201754	179	9.500686917342518	18.576305220883533	394.5334661259538	17	233	0.994	101.09022862253298	0.354124901302705	86.1161622382591	179	9.728913471201851	18.364185110663986	401.3423071759611	17.666666666666668	
8774	0.964	102.20959328204079	0.3017807757090664	99.38828670969404	179	12.549469718820939	18.11410788381743	333.4566787357065	18.5	293	0.888	91.66356992439896	0.34992887071060397	97.7847551570973	179	9.557956325150474	18.84234234234234	279.64595832142976	17.75	
8779	0.96	104.14858531500633	0.3043280945419095	85.64220342750058	179	16.700594777064694	18.483333333333334	360.2842528122518	17.9	264	0.988	105.15112813955051	0.354255009379664	73.68505525567592	179	9.52460874415296	18.344129554655872	360.4515183441328	18.833333333333332	
8789	0.976	112.77761087115323	0.3055271576562756	77.33973737960041	179	14.905791738380499	18.33606557377049	304.3424148213531	17.5	232	0.978	108.29365518783204	0.31435507925279843	81.04749654386025	179	12.565545352629744	18.079754601226995	405.2973629779847	18.818181818181817	
8798	0.988	109.0748509606003	0.32986953394176827	82.59899466124935	179	14.382593762448678	18.068825910931174	410.16855885231587	17.166666666666668	285	0.936	101.29212388816539	0.3070674161102438	59.83377695129951	179	20.400311494796078	18.403846153846153	290.9374887651219	17.46875	
8808	0.956	106.69642857152562	0.3745427437656425	98.87604385877115	179	9.341566664836675	18.644351464435147	382.8722914453992	17.363636363636363	234	0.996	104.41783909588817	0.33068084955137844	76.26148698420963	179	11.63225105073561	18.248995983935743	392.8086516120232	17	
8818	0.942	107.63008157963519	0.33827581839157306	90.22071938808405	179	11.466123860812349	18.537154989384288	330.9352706151311	18.103448275862068	235	0.99	103.51966873690984	0.36432432654404756	86.22990256954627	179	9.497207275403175	18.406060606060606	397.4463206311709	17.2	
8823	0.984	104.54072201080412	0.3981680326341913	91.11110730624654	179	9.299705316656505	18.74390243902439	384.226293487231	18.25	236	0.998	106.53515233024041	0.33405741562333446	74.04896070474983	179	11.93693577933788	18.23246492985972	398.5444789581081	17	
8828	0.994	113.59740348817478	0.32360319961935763	104.90421561558838	179	10.068420093068893	18.026156941649898	457.0653655840356	19	104	0.958	101.49165183497436	0.34639982741391523	80.86903701228994	179	9.649405664187196	18.75991649269311	342.0243823064606	17.333333333333332	
8867	0.998	107.81729398056936	0.38669728764128164	91.19670531945437	179	9.289463892648444	18.52304609218437	397.516314461268	17	237	0.968	104.71883857291505	0.34370902340927667	98.36712741028396	179	9.569327583193859	18.363636363636363	370.8581270379628	17.6875	
8876	0.968	106.1194062576149	0.2990735565582669	109.90796192526925	179	10.191624232402988	18.072314049586776	439.495519055237	17.5625	281	0.99	105.54145967053506	0.30515095919636664	89.83872666771829	179	11.974676278962875	18.01818181818182	508.14130699771937	17.6	
8886	0.936	102.64508487962821	0.30512939168769826	99.8231280997968	179	14.365290934445262	18.256410256410255	341.51345904993883	17.625	280	0.988	102.98961764580048	0.35631054667636086	114.14032721841478	179	9.336245270862001	18.26923076923077	404.7438291244693	17.5	
8896	0.96	104.08083611608062	0.28833412166035866	110.18094981185334	179	17.98267394536625	18.077083333333334	397.6554602305002	17.55	282	0.946	101.47601476009285	0.30096613253068	65.04138155527275	179	19.80018540596398	18.30443974630021	273.4627716059094	18.037037037037038	
8906	0.988	111.52500282202998	0.32438180290551016	107.04427801253101	179	11.61437887635884	18.13765182186235	412.17695997519473	17.5	93	0.906	93.67439359777606	0.3007002999593673	56.12955760217148	179	21.683864765564586	18.750551876379692	263.21001268172313	17.595744680851062	
8925	0.984	127.05955270912075	0.31399827581867046	132.03399706651214	179	10.417618642288929	18.166666666666668	451.48041908351007	17.75	114	0.97	106.58637892001012	0.3018222269752696	110.13851583212974	179	11.445322210490579	18.204123711340205	391.3815695348279	17.2	
8935	0.992	120.97265920312218	0.2766217112198588	95.37375417187066	179	20.592170004433694	17.675403225806452	548.1835834495353	18.75	214	0.992	104.36173122651802	0.3221141583401892	100.2432985958903	179	9.63660786889045	18.080645161290324	469.89511414780577	17.25	
8945	0.958	112.52319763187906	0.30097980737179914	100.1398592501421	179	14.828279462686536	18.19206680584551	321.33391802204613	17.142857142857142	103	0.98	106.39452828128434	0.3304142896620941	88.0951050435673	179	9.849170353749344	18.177551020408163	337.03817790097867	17.3	
8984	0.962	111.45869540000356	0.2658155059083841	122.8369388281687	179	21.093824238101504	18.12889812889813	352.9050607136989	17	102	0.954	105.96938662155932	0.3084068018789679	65.1979318005592	179	14.805026270737464	18.570230607966458	280.5253354197581	17	
8993	0.988	109.51979780939261	0.38842325952070184	69.38554078665734	179	13.112934507838322	18.572874493927124	357.2598196927559	17	254	0.978	103.8481141690446	0.3466871671261376	95.61351624791895	179	9.9556119756952	18.380368098159508	382.72637100753076	17.636363636363637	
9003	0.986	111.46532817821777	0.3674039631154413	128.8284510111519	179	9.839615938790487	18.43204868154158	427.98474972621017	17.571428571428573	156	0.988	106.13612925405192	0.34992420584322276	93.27508287440283	179	9.54383604898598	18.344129554655872	357.0642608050792	17.5	
9013	0.978	110.92459849377815	0.35888727666159403	109.34750710427944	179	9.869371410032139	18.427402862985684	403.09925844149006	17.272727272727273	157	0.982	103.4926121874432	0.3328885189692413	103.73992577213824	179	9.530463188216087	18.276985743380855	426.78735704674284	17.88888888888889	
9023	0.944	107.20450622340483	0.3397857805031011	111.97334323263517	179	10.024366161998383	18.576271186440678	297.10245087301286	17.535714285714285	135	0.982	101.4588585362427	0.3299212094625518	66.20581244380988	179	17.89846943763103	18.321792260692465	369.8695500200149	17	
9042	0.944	110.00279668158075	0.3041576658912157	68.98585726199592	179	21.044076422448217	18.489406779661017	318.42595671982434	17.678571428571427	136	0.976	102.78661246514031	0.3644997810743515	82.74229315605538	179	9.524976349111018	18.452868852459016	371.5746794159661	18.333333333333332	
9047	0.962	102.74265208483706	0.3439390581805437	111.37646056848087	179	9.928007517986106	18.534303534303536	369.5063063609916	17.57894736842105	266	0.956	102.81117587615867	0.30245845316832537	68.19631806055415	179	19.370191111668664	18.324267782426777	319.4331087332669	17.272727272727273	
9052	0.984	115.61236958349743	0.2976493571326677	137.34688412402468	179	10.710522056362342	17.90447154471545	455.48485028197445	17.375	197	0.96	104.17344879239279	0.3405163452442381	103.95433722263019	179	10.249847369197692	18.39375	388.39963584988953	18.15	
9062	0.974	110.76741118118323	0.3198058181448299	112.10568870030755	179	10.502719219540896	18.26694045174538	364.4733132927643	17.76923076923077	92	0.984	107.58095904480774	0.31054984954050624	72.44452426822136	179	13.103781709421986	17.99390243902439	377.76389909315844	18.25	
9071	0.942	105.01906396996799	0.3269575676686546	99.82792764699869	179	10.2401130931198	18.28874734607219	374.5308896904168	18.310344827586206	219	0.98	104.65612985902419	0.34222207680064615	79.70098622547835	179	11.065644880798514	18.43877551020408	286.1804489815759	17.1	
9076	0.966	109.25624321372128	0.36288116060052217	99.82341368418777	179	10.03623750994764	18.393374741200827	386.0970996780464	17.941176470588236	220	0.962	106.01719197715353	0.31842244721501656	107.67650030055762	179	9.811835953954525	18.22037422037422	367.4047679600033	17.526315789473685	
9081	1	109.8804500704972	0.32350431917583505	107.48202667731462	179	10.278078357960746	18.014	513.1104324411784		110	0.966	103.51922499888084	0.35091203436971996	86.86890286709176	179	9.265375677214006	18.631469979296067	363.48484444872963	17.823529411764707	
9086	0.976	111.9394425964756	0.3231040923441832	62.86516978403945	179	18.130448772928666	18.21516393442623	364.4615066585768	17.25	146	0.99	103.79752144110654	0.3639274043514596	110.60625410833102	179	9.285695040609523	18.327272727272728	431.1361603917629	17.2	
9091	0.914	104.75164462379361	0.32709403522418734	82.1010123313768	179	12.525033158592267	18.689277899343544	277.68994987259293	17.906976744186046	116	0.986	105.64210255637448	0.3294184627793225	108.20516150225153	179	10.603030014983533	18.164300202839758	422.3711637214385	17.142857142857142	
9101	0.942	106.9870979467749	0.2735943038145701	115.08977172344296	179	19.254751327614365	18.144373673036092	323.20514090390606	17.862068965517242	99	0.976	105.9602649005444	0.3426055092730216	114.43454235176186	179	9.214860588063743	18.358606557377048	350.6150453602699	17.916666666666668	
9140	0.936	107.97093090328796	0.32630786363062964	77.73397431288903	179	14.126329710493177	18.502136752136753	313.6306444937506	18.03125	98	0.988	103.4684986593176	0.32008079956181595	98.48567220438552	179	9.496298512837841	18.040485829959515	473.2501655673952	17.333333333333332	
9144	0.99	106.24825602621686	0.3806965768378259	87.78998566155452	179	9.254190478285127	18.47878787878788	369.746317933772	17	255	0.958	99.25609730835264	0.3509697559704993	107.3716915803536	179	9.364645866712923	18.647181628392484	318.46125732982614	17.476190476190474	
9149	0.986	111.94877151550816	0.29130452508393717	133.60122056369963	179	10.354964017045868	17.906693711967545	517.6072263101936	19.857142857142858	195	0.99	105.60225284784255	0.34934343637411497	103.36367433689607	179	9.361293642738268	18.24848484848485	387.0609536226347	18	
9159	0.968	108.56642964518588	0.30870886108728507	88.88844815299029	179	15.23600662035606	18.039256198347108	428.0872889842548	17.9375	106	0.986	101.62643524148966	0.3034302296219914	65.05295637908024	179	19.81528392286718	18.133874239350913	302.97375332520477	17.857142857142858	
9179	0.984	111.12616885755651	0.3497083310314818	88.30876726805549	179	10.087219789780006	18.211382113821138	437.34867114289403	17.75	105	0.96	99.65328959669465	0.32858302265616535	83.42245882616618	179	12.78376349917143	18.475	352.65749136837655	17.4	
9198	0.974	120.49981442513928	0.31975988571941605	71.09576481496477	179	18.26078984829787	18.11088295687885	356.37447451627764	17.53846153846154	117	0.988	105.90177289014741	0.291457482915035	107.09933297322014	179	12.52987979089362	18.05668016194332	362.0911767977527	17.666666666666668	
9208	0.944	101.02523490515334	0.3493997738310846	100.3202410675273	179	9.869653710044576	18.71186440677966	279.98966326410687	17.214285714285715	291	0.992	106.77229086852721	0.2670566458048972	109.30786783727395	179	22.186355626411785	17.663306451612904	602.2413372232044	18.25	
9218	0.956	111.8599644295722	0.27617264919621215	110.82501713904509	179	17.1459151101658	18.043933054393307	395.29830972606635	17.363636363636363	94	0.974	104.8078164677954	0.2740613713693987	83.40614370241262	179	21.210807549555064	17.93839835728953	382.25644596986876	18.615384615384617	
9227	0.99	108.6527064400967	0.33186385949027736	100.45947251804475	179	10.419759477674091	18.23030303030303	367.7370214076316	19.4	213	0.984	107.42358078599344	0.32274569207099585	87.16491642406893	179	13.902360415454352	18.11178861788618	383.80947920904293	18.75	
9237	0.984	113.59963057016053	0.3040536052889267	118.0138536039966	179	10.789748818743158	17.945121951219512	386.5694097157725	17.125	108	0.972	105.1834217075014	0.3036585300498066	122.60914908915981	179	10.205301817948392	18.04732510288066	420.1980075711705	18.785714285714285	
9257	0.99	115.70016127926016	0.280826144386515	113.52958946691177	179	15.809887249495976	18.1010101010101	359.4199282904491	17.6	100	0.976	104.67610467617787	0.32777851152749604	100.37475441932439	179	12.209975281884317	18.18032786885246	412.75263639124654	17.583333333333332	
9266	0.984	114.28571428589972	0.33315733697879873	70.84755405596222	179	13.62712968021734	18.20731707317073	380.20896550118977	17.5	151	0.936	98.05975778409172	0.28013379665856375	105.80205926650822	179	16.298843032015014	17.965811965811966	404.8609728765271	17.6875	
9276	0.952	112.07647571301814	0.30884487813325906	79.13058331172758	179	17.546846844888343	18.313025210084035	328.2268097884874	18.041666666666668	101	0.99	109.06446921958089	0.291497553188143	100.7527490780784	179	14.112872616158269	17.874747474747476	450.47300839307	17.4	
9286	0.986	107.7854784756272	0.32453192301439315	74.61669425965728	179	17.407376919971703	18.25760649087221	397.6518249859792	17.857142857142858	163	0.984	105.73596097234818	0.31812685071954	103.46419709357626	179	11.364639630178432	18.052845528455286	389.22435602349617	17.75	
9291	0.984	109.12478374659278	0.36005216717267496	101.46748115449657	179	9.627416774795533	18.36178861788618	414.2761038634218	17.875	164	0.928	97.26647660585121	0.3535365103666722	83.3513891043744	179	12.353503644378721	18.842672413793103	273.76649707863726	17.77777777777778	
9296	0.92	110.43357180588083	0.312587841668808	72.29170209389827	179	15.819362732434572	18.515217391304347	259.94070199809875	17.55	95	0.964	102.35936205881846	0.3211303766809717	91.61714491792013	179	10.71625660580934	18.12240663900415	367.77193132427476	17.61111111111111	
9300	0.954	109.77125235867446	0.32798944065470415	108.5262566187592	179	10.340117819141964	18.238993710691823	364.6785796333678	18.08695652173913	211	0.95	102.53642741516761	0.32057697391052353	102.46367678721052	179	9.998860740865481	18.210526315789473	324.6439384633274	17.44	
9305	0.98	111.65546314228006	0.29579218062253254	112.26713587118833	179	10.66035851944018	18.020408163265305	394.9551825991258	17.4	107	0.944	101.80312311270059	0.3064794745784668	96.84598389630924	179	13.630268920602079	18.152542372881356	300.5934798906787	17.642857142857142	
9315	0.994	118.65256523507142	0.25998577834889736	108.43214954580047	179	23.045349875804025	17.696177062374247	502.4858612524309	17.666666666666668	97	0.992	111.08125055973011	0.2629656446619388	113.0840808501737	179	23.02692313780606	17.786290322580644	472.3989687944705	17.75	
9335	0.994	119.03051204695511	0.3290802557741646	89.72743224925085	179	13.867645025331612	18.03420523138833	463.51421166313514	18	96	0.986	106.73536989323449	0.3187710538146042	92.7064152829094	179	11.260537169799797	18.07707910750507	397.32302184316814	17.285714285714285	
9375	0.998	113.91653730229271	0.33098973009793053	127.63645029727539	179	11.190427004506692	18.092184368737474	475.02252142077543	17	19	0.964	100.00414954982602	0.31630297674868013	107.77558423428265	179	10.206569052505102	18.304979253112034	342.1607635898724	17.72222222222222	
9384	0.982	109.66185732783026	0.3304763737254451	75.63977442045191	179	17.64305461014877	18.16089613034623	433.04034925380955	17.666666666666668	159	0.992	110.85285177920791	0.29421555053826826	91.92294871482603	179	15.380555337507557	17.85282258064516	410.1411102547376	17.25	
9394	0.962	107.31576716286219	0.32660230494393955	60.5827551983191	179	19.539360248594047	18.5010395010395	302.077100646954	17.36842105263158	138	0.998	100.62715521591417	0.2550801982361691	134.24279634369225	179	24.731240001529752	17.663326653306612	575.7252140950684	17	
9414	0.954	105.25851225827255	0.30175157855999807	64.19573720162292	179	21.151824389346963	18.27672955974843	304.27696480654913	17.347826086956523	137	0.936	99.2156031374993	0.3469056523494078	81.6222205272789	179	12.811094247921835	18.568376068376068	311.5248132730715	17.9375	
9423	0.968	106.8291175562153	0.34753875959547287	97.01231016635165	179	10.371015149602663	18.49586776859504	409.90084722741176	17.1875	152	0.974	105.66971163240731	0.29760105057909764	114.95639639273669	179	10.846306762411565	17.97946611909651	411.09530195602736	17.923076923076923	
9433	0.992	109.2438825629876	0.3632109220540366	78.18418157530034	179	11.05915729523168	18.431451612903224	368.2964403065525	17	139	0.99	106.8629779149287	0.3522762888603964	80.77117368364746	179	13.44182604781178	18.234343434343433	372.48380594746766	17.4	
9453	0.986	109.11666408443273	0.4109491955295049	82.5915689160671	179	10.301973814324581	18.823529411764707	355.2421082480421	17.571428571428573	52	0.92	100.10663532911792	0.3096154009762838	79.52227935571106	179	14.883529147015452	18.58478260869565	263.5439498945098	17.65	
9472	0.978	106.89692862602222	0.32741821372469576	107.52713751503344	179	9.481272735730519	18.20449897750511	441.13985409241087	17.09090909090909	141	0.974	101.5916724031713	0.3221552492173777	91.03621196274624	179	10.874488469134228	18.151950718685832	352.37934610594164	17.76923076923077	
9482	0.95	107.84425019855784	0.31183684184661825	97.75171928190214	179	10.805497682362994	18.53684210526316	284.45655532346825	17.72	153	0.968	101.61236143766511	0.3142995686022693	107.09101737828614	179	10.429058461329811	18.212809917355372	373.37571702006204	17.375	
9492	0.942	105.70729627205093	0.32014965706176657	107.80453458227979	179	10.817076141165648	18.639065817409765	274.4804286914218	17.75862068965517	140	0.926	98.67019009462305	0.33007063314955715	70.88436441981047	179	16.256962045072907	18.6414686825054	273.9285652293123	18.16216216216216	
9501	0.938	108.93296790083998	0.3395594372863049	102.97129369325235	179	12.205792696677387	18.73773987206823	262.64907499317536	17.806451612903224	160	0.982	103.88016756241747	0.2652816048347366	125.31637819131727	179	21.28233999434458	17.985743380855396	391.43823075991367	17.444444444444443	
9506	0.984	99.97358421551401	0.3576462069118576	67.9630814267752	179	17.71439986201937	18.508130081300813	254.70377447844538	18.5	267	0.956	99.93727785917183	0.3446871290540729	86.5662698990615	179	10.540672836113313	18.418410041841003	299.18291728131646	17.727272727272727	
9511	0.978	111.26533026919273	0.334237933675348	66.15476027675707	179	11.653543335262	18.431492842535786	330.6569659217844	17.454545454545453	142	0.992	103.0221206772607	0.32430461431884505	103.89087738037027	179	10.44450461023391	18.034274193548388	415.132574090038	19.75	
9531	0.974	109.07543451026184	0.39287739665898697	74.27434508959192	179	11.812003666979352	18.854209445585216	317.9331822585442	17.384615384615383	51	0.984	103.26372127211876	0.33971260811478216	88.5622900152179	179	10.084341412894455	18.235772357723576	412.72087461882006	18.5	
9609	0.974	106.0378426635006	0.37922276929792936	86.53648541404829	179	9.408763138154567	18.864476386036962	297.91565311094763	17.46153846153846	53	0.986	102.18463706820809	0.3513105782248387	92.28176129427555	179	10.287838571649026	18.245436105476674	397.76957542247874	17.571428571428573	
9628	0.968	112.26312249202424	0.31965964579249	90.65559826751473	179	12.098566404513626	18.15082644628099	380.09480641587237	18.4375	111	0.932	97.61206535390562	0.3388962118863121	76.20822187913735	179	12.010647535854796	18.489270386266096	307.7522232536765	18.029411764705884	
9638	0.962	118.8828472564881	0.26370432113466163	111.09522975699426	179	20.039408085430477	17.86902286902287	398.7214132642747	17.789473684210527	215	0.98	102.50617129004	0.3482635150209539	87.057221947584	179	10.621752886865838	18.210204081632654	382.7233953296208	18.1	
9648	0.942	106.07869192118402	0.31925376698897223	69.11646979746597	179	18.217955200934902	18.577494692144374	290.5761867311908	17.275862068965516	77	0.98	103.31014126075469	0.31290448008777344	117.83678468923699	179	10.23281419458056	17.885714285714286	517.5306155397159	17.8	
9652	0.99	108.83187124872539	0.3183653876223541	89.94381654582637	179	12.47660263246936	18.147474747474746	359.96911852483817	17	260	0.934	99.06871168242401	0.30295866068306215	87.14568260266063	179	16.314291599839322	18.441113490364025	287.23003445823633	17.333333333333332	
9657	0.99	108.74102062782319	0.3336212585335376	114.06935548128465	179	10.605654669239113	18.141414141414142	463.3441095458604	17	118	0.926	96.91058271933622	0.3075048662183978	77.2085536203088	179	18.106731360692283	18.43844492440605	309.8179735236698	17.513513513513512	
9667	0.994	114.0850243319069	0.3701389084959863	73.1444404473194	179	12.236723838136488	18.378269617706238	365.2432932933068	19	78	0.966	104.6995577905354	0.2922508989264748	116.68938587011463	179	12.612729973477341	18.06832298136646	398.0270638086215	18.11764705882353	
9687	0.992	111.4481518932527	0.34630524329915036	102.33360322969884	179	10.70449482678375	18.149193548387096	460.28097660054215	17.75	24	0.94	97.88811596624488	0.3016589633240369	129.33109504867372	179	9.978994420451546	18.574468085106382	289.27510232191537	17.933333333333334	
9696	0.998	105.15668134797247	0.30722160236824114	90.78156770209088	179	14.607013438598628	18.014028056112224	386.4429235513162	19	298	0.996	108.2420448617566	0.3115632612517984	91.15639061931978	179	13.902714241114166	17.85542168674699	494.8516105908656	18.5	
9706	0.974	114.36220176575827	0.2880326848848972	101.80258784549599	179	18.182062266036436	17.973305954825463	406.1033348012835	18.23076923076923	115	0.952	99.29285133181608	0.33547004457097557	95.15514055786579	179	12.407682605360423	18.180672268907564	345.5814922725537	17.708333333333332	
9726	0.962	108.36017932350398	0.36030272779498845	92.86245319912696	179	10.07583774858832	18.492723492723492	368.50558122926833	17.63157894736842	65	0.906	90.76701130080532	0.3559640997485702	87.97541853451354	179	10.397345523329001	18.785871964679913	261.766785303882	17.914893617021278	
9765	0.96	107.57990048848146	0.2974226364522413	83.4656615118711	179	12.518356250246343	18.264583333333334	245.55364884472812	17.65	64	0.976	105.52035807727644	0.2814252815017291	81.8910874526054	179	18.111516503652034	17.87090163934426	369.4715941694334	17.75	
9784	0.974	109.88763030808431	0.36312873523693173	92.0989063690633	179	10.404101013026548	18.44147843942505	318.45413708031975	17.53846153846154	143	0.988	102.46199157911782	0.35208589739610624	109.77855007495926	179	9.62148185875305	18.19838056680162	415.3617627747701	17	
9804	0.984	109.81652604816801	0.3397056067665065	117.31308878190606	179	9.606195456496256	18.258130081300813	428.2456307095412	18	66	0.992	103.82650925234847	0.3231894965116773	96.5572275903858	179	9.911843572365575	18.032258064516128	378.72117355083446	17.25	
9843	0.982	113.29549125458891	0.3148918580545444	104.85401489943453	179	13.957342964665129	18.075356415478616	454.2240725302543	17.444444444444443	32	0.97	101.34146851074945	0.3427957147771392	95.6753661126692	179	9.49683946579514	18.362886597938143	378.23774954083	18	
9882	0.984	113.2023376742914	0.27965567413671993	125.12171628623665	179	16.31090390488005	17.934959349593495	370.1731091524266	17.75	189	0.978	103.61706185245879	0.32892383857715574	110.44615682237678	179	10.08896557863563	18.372188139059304	357.69296057528294	17.727272727272727	
9921	0.99	110.22044088154068	0.3662462106940961	95.07772024610067	179	9.485333571803945	18.44040404040404	442.40353818895045	17.4	58	0.97	101.74754022713654	0.3273300881685411	86.32253072993024	179	9.258441672981942	18.257731958762886	410.77428936886156	17.933333333333334	
9960	0.984	108.52063436045725	0.3318915214067364	121.67161687884168	179	10.706652151621823	18.18089430894309	472.52328328072184	17.625	69	0.99	102.31077673518489	0.33116129102713227	94.40801694826138	179	10.204328974836555	18.048484848484847	496.2225254670313	17.8	
9970	0.998	104.12536777745512	0.3795545535034751	85.8881226891458	179	9.54364130240381	18.370741482965933	366.1171904507765	17	258	0.976	100.45286125993175	0.34227127002656166	96.95691746508713	179	9.757212420942507	18.295081967213115	307.87100381434715	18	
9975	0.962	102.40361073843216	0.3023912866018118	108.19975613424874	179	14.729592337519708	18.14137214137214	301.8205491356855	18.105263157894736	294	0.984	101.47677584352073	0.31938842503197157	116.16116981229364	179	9.513960901549124	18.140243902439025	451.40824609850785	17.125	
9980	0.962	109.64712318792138	0.28731176827151994	87.06114299600965	179	20.54965006467762	18.124740124740125	333.98972754737605	17.842105263157894	221	0.99	102.7674548966013	0.32457663767261263	98.0250286018409	179	9.558932634349262	18.11111111111111	407.14437363516737	17.2	
10000	0.972	109.0933578756712	0.28266053430120863	128.07859148592175	179	18.553563934022133	18.02880658436214	424.8468769679063	17.714285714285715	1	0.964	101.64916276511879	0.313123110825858	108.37775127671287	179	10.352545190639255	18.25103734439834	314.6071603667672	17.333333333333332	