index	success_ratio (division)	success_rate (division)	mean_second_ratio (division)	second_ratio_SNR (division)	probe_index (division)	mean_time (division)	mean_total_iterations (division)	total_iterations_SNR (division)	mean_total_iterations_failing (division)	order_index (division)	success_ratio (sequential)	success_rate (sequential)	mean_second_ratio (sequential)	second_ratio_SNR (sequential)	probe_index (sequential)	mean_time (sequential)	mean_total_iterations (sequential)	total_iterations_SNR (sequential)	mean_total_iterations_failing (sequential)	order_index (sequential)
0	0	0			195				10.998	0	0	0			195				11.006	
2500	0	0			195				11	3	0	0			195				11.026	
3750	0	0			195				11.002	4	0	0			195				11.014	
3828	0	0			195				11	9	0	0			195				11.032	
3837	0	0			195				11.004	37	0	0			195				11.002	
3839	0	0			195				11	92	0	0			195				11.018	
3840	0	0			195				11	144	0	0			195				11.002	
3841	0.43	115.26914003859025	0.6276353450511056	67.12142137996854	195	11.69452076062408	15.12093023255814	105.94611151064598	11.480701754385965	206	0.292	74.1832223967541	0.575896985105126	49.09102571896646	195	10.471641907202375	15.068493150684931	66.0792584136898	11.480225988700566	
3842	0.408	102.7345520468925	0.5847111894678364	67.30737472289019	195	11.249933558553048	14.720588235294118	79.83452371772628	11.827702702702704	52	0.428	107.54849733664601	0.5778850134165734	71.05414573471944	195	11.104124796103164	14.467289719626168	86.56294611726044	11.534965034965035	
3847	0.436	114.23780328067565	0.6008570307236051	85.58249527735566	195	12.866105904124405	14.660550458715596	121.9198691978588	12.539007092198581	19	0.398	100.34288019350512	0.5717557314205414	52.45110717165043	195	11.68457394453657	14.517587939698492	79.36779406809427	11.548172757475083	
3852	0.346	82.38879893337607	0.5218495942844532	67.80368934302044	195	11.140671203212678	14.277456647398845	89.98991574671709	11.593272171253822	64	0.392	100.03572704525804	0.5546370424144559	53.62009101831925	195	11.621346383962525	14.51530612244898	82.43513728977763	11.55921052631579	
3853	0.27	73.27796775753953	0.5810299504417149	54.7623378517534	195	9.81109229175616	14.451851851851853	78.96474092698129	11.438356164383562	205	0.338	87.41530026360606	0.5373687241998377	62.20502104395953	195	10.969069025717154	14	92.11142891858378	11.510574018126889	
3854	0.77	216.03725941345002	0.4818692327534951	105.74386459157382	195	11.563340098296116	13.262337662337663	180.90501330064652	11.808695652173913	98	0.358	85.75671920666214	0.5421715179150278	56.160675127361515	195	11.838424438920274	14.312849162011172	77.15021760537465	11.722741433021806	
3857	0.722	202.8773743959275	0.5083832257308718	120.65470685500779	195	10.998933478530596	13.204986149584487	179.57000351596383	11.37410071942446	39	0.284	70.89012031345308	0.5283709356797264	47.13367554844796	195	12.808511648027055	14.295774647887324	64.53509092338463	11.502793296089385	
3858	0.266	70.5607724546013	0.5539298168304894	71.44217985111891	195	8.9494185094978	14.150375939849624	94.22145112113343	11.302452316076295	211	0.312	75.7208038051922	0.5393538606007349	50.30889753770696	195	12.390911455976893	14.423076923076923	66.85806082807017	11.450581395348838	
3859	0.284	73.96603812940504	0.5332826263076886	55.32201899808651	195	12.874992489455877	14.556338028169014	77.29679792457684	11.307262569832401	210	0.362	92.4932290865998	0.5780574738236458	67.50312909393637	195	10.428109853562777	14.58011049723757	75.69463823485677	11.404388714733543	
3860	0.556	145.52688059553657	0.5218948667240036	89.15369918130394	195	10.258078881702634	13.888489208633093	113.76495345207586	11.477477477477477	258	0.364	93.73712402185951	0.5546479994326843	50.33963817490476	195	10.913392817004263	14.554945054945055	76.59595759130728	11.427672955974844	
3862	0.496	126.38230647714269	0.6205175555362493	96.86097375961216	195	10.269929752459309	14.870967741935484	109.27523775166507	11.36111111111111	207	0.364	95.2630201518856	0.5913118161489375	67.12426847764402	195	10.313043164929507	14.626373626373626	89.31435539004053	11.569182389937106	
3864	0.422	109.97602418487627	0.5313469125428977	63.555135457448166	195	11.001281474840226	14.369668246445498	98.89003033412162	11.508650519031141	208	0.256	66.04406377381972	0.563748851156637	40.90916956413594	195	9.752471432349894	14.8984375	65.7677971680311	11.416666666666666	
3865	0.392	106.84110111763343	0.4816630161055429	58.117941181813435	195	14.460703449257721	13.36734693877551	103.3962102907704	11.421052631578947	209	0.28	72.58775340888039	0.5880342572251572	47.51178669008053	195	9.529798408201199	15.057142857142857	68.49994786233681	11.619444444444444	
3866	0.404	101.7171055944575	0.5643545192431328	75.93169391454353	195	10.624470294502945	14.509900990099009	90.76525683240096	11.453020134228188	212	0.408	104.07101316262315	0.5862741002412736	69.84439607308049	195	8.99520315737831	14.397058823529411	103.2755263420823	11.493243243243244	
3867	0.802	219.14963383894965	0.5236864772474269	89.19261566151582	195	10.372826276036829	13.586034912718205	141.0094726970394	11.535353535353535	13	0.394	99.96447962699752	0.5637079295192086	61.42213224689601	195	10.532482864988792	14.690355329949238	74.29118079434193	11.653465346534654	
3868	0.742	195.78869597347207	0.48796449749359216	87.23852587488871	195	10.370919083634657	13.242587601078167	151.63154939638457	11.69767441860465	253	0.31	82.4906865353554	0.5975734108928458	47.30226695024813	195	9.908608788987356	14.664516129032258	68.32298559484978	11.342028985507246	
3869	0.482	116.95622634200869	0.6379013879686706	86.86939493958694	195	11.679209282176252	14.962655601659751	108.24119048128816	11.35135135135135	77	0.392	97.69713886933673	0.6317796955086074	70.69111608630266	195	10.253859405851076	14.948979591836734	102.71080636940981	11.375	
3870	0.598	152.41105107518652	0.5648129074894764	71.78328626378227	195	10.462142478452641	14.190635451505017	113.4200434338442	11.73134328358209	273	0.398	104.39618088356308	0.5645083029929086	65.34537247713935	195	10.892065241059873	14.236180904522612	98.32168911940921	11.43189368770764	
3871	0.172	44.58961995116938	0.529833102943568	40.13146168956536	195	11.945499624754484	14.13953488372093	58.76203638416449	11.38647342995169	75	0.418	109.22964356697652	0.6013334771926468	74.87111628440162	195	11.106995631575957	14.82775119617225	106.55373931267346	11.63573883161512	
3872	0.564	146.6534921208916	0.5721008036949842	63.80737712202642	195	10.05986721718459	14.326241134751774	95.20429516451172	11.559633027522937	270	0.502	134.59888459814178	0.5555787469533416	78.27867165740649	195	9.346925949345552	13.892430278884461	110.60091508343773	11.317269076305221	
3873	0.54	142.94033564577862	0.577514821890897	65.07980812477645	195	10.272321409201517	14.366666666666667	102.02996702432222	11.334782608695653	269	0.412	108.14215969375796	0.5594870118142531	60.177416430966446	195	10.522940027224669	14.233009708737864	90.0092959205305	11.295918367346939	
3874	0.598	153.3726596561298	0.6008973050361005	77.28857368011764	195	10.399351726155174	14.45819397993311	102.81108299037818	11.313432835820896	271	0.328	86.60752006778887	0.5536114276495983	52.42310296979496	195	11.863141108615578	14.176829268292684	80.31286693614607	11.273809523809524	
3875	0.596	156.0291114719075	0.5514693447974147	70.41653542040207	195	9.228330229912068	14.161073825503356	130.02625976539105	11.777227722772277	278	0.466	120.86316007944922	0.5689314728530964	64.58101280985862	195	10.913465386727593	14.283261802575108	102.1029678745679	11.325842696629213	
3876	0.296	70.27206685376058	0.5626760680166255	61.64321259116692	195	10.918667407414787	14.527027027027026	89.6899860676305	11.267045454545455	73	0.25	65.97350504022337	0.5553961594648903	45.44378252528526	195	9.83094554402198	14.248	70.09419660149865	11.296	
3878	0.554	140.2318635140111	0.5634825457917576	68.80194350042437	195	10.560692504190182	14.397111913357401	103.84050898785851	11.448430493273543	283	0.388	101.59727677432812	0.5791670684889458	57.42780590437732	195	10.541028592505603	14.396907216494846	80.19672279091024	11.31045751633987	
3881	0.598	153.92535392498493	0.5900325776792091	65.63013713745426	195	8.88029077720364	14.535117056856187	90.2313861943542	11.542288557213931	281	0.344	89.0223073337379	0.5739978699301274	57.1484686354356	195	10.802764686325236	14.709302325581396	75.24388262762135	11.533536585365853	
3883	0.658	169.79768786085543	0.5447639141744544	78.17077239890433	195	9.184026507662876	14.012158054711247	115.99406577038694	11.461988304093568	282	0.506	125.58324233039019	0.5972046827811703	70.76700528654132	195	9.843261482143536	14.577075098814229	92.59839719725359	11.518218623481781	
3884	0.318	81.54264321218423	0.5645485485246862	51.995943789513674	195	9.641408605254176	14.71069182389937	79.59652998780389	11.428152492668621	284	0.37	94.27231960845121	0.5543952841243861	58.172828206594296	195	9.780119366483284	14.275675675675675	96.49900089602633	11.40952380952381	
3886	0.236	59.394976594531336	0.4993894523555541	54.818579314612585	195	12.895112122532009	13.88135593220339	74.10437260503063	11.31413612565445	72	0.38	96.13925011410169	0.562992252596497	59.98777484087272	195	10.678237333318002	14.473684210526315	74.74650134516797	11.44516129032258	
3887	0.34	89.47839359947562	0.5446910709335587	69.75991451339888	195	10.155379317706641	14.4	78.51139599181019	11.357575757575757	146	0.386	96.76610679364873	0.6391217929456425	63.30225940692837	195	9.14039585916164	15.564766839378239	84.74837090719228	11.342019543973942	
3888	0.83	227.13589841888364	0.4967189470502724	100.82087275322127	195	11.154855807574348	13.195180722891566	193.72252908779416	11.51764705882353	105	0.462	114.77120286228146	0.5291662855607813	70.00499316847868	195	9.90476151063492	13.96103896103896	94.25297316712879	11.41635687732342	
3891	0.724	205.1921550838672	0.4938151377944498	94.25489545864495	195	10.740937511490166	13.162983425414364	146.2703457537831	11.173913043478262	104	0.678	175.99418544268553	0.5866188487921277	71.65469963663728	195	10.512372260554718	14.36283185840708	94.94522134461141	11.583850931677018	
3893	0.666	181.2836844674764	0.4983311963704116	102.46507631070808	195	10.950174665863912	13.342342342342342	142.89419188715652	11.37125748502994	109	0.698	185.2048397372416	0.557883333709333	78.25404014434301	195	9.900232102007957	13.89111747851003	122.79193635869083	11.582781456953642	
3894	0.454	121.64407052145533	0.5193477907166693	68.6510080228833	195	11.363608970370167	13.82819383259912	124.67819896069365	11.377289377289378	227	0.712	190.18109941787898	0.5349723854475436	79.79224162852513	195	9.956281807057701	13.514044943820224	147.84750788211812	11.465277777777779	
3896	0.412	100.16532140444203	0.5664542493961395	66.26259700675746	195	12.638622270662289	14.58252427184466	94.71870111698051	11.431972789115646	74	0.72	186.23900672626206	0.5404053356201188	85.16874981565485	195	10.25947612322568	13.783333333333333	130.34718264400902	11.614285714285714	
3897	0.676	183.70563617524914	0.48500806141178415	105.08966039947337	195	10.608724440520904	13.266272189349113	138.49610080884324	11.104938271604938	257	0.634	163.0910119871575	0.5925092897287841	67.74396890084185	195	10.222507410338848	14.473186119873818	89.64215809992274	11.398907103825136	
3898	0.746	197.61589403851627	0.5061543652642516	89.48868362930916	195	12.502050336622364	13.490616621983914	144.19949295564646	11.188976377952756	254	0.554	146.20500369474004	0.5670312950868938	61.82015249961469	195	9.909490948883526	14.425992779783394	84.62373457812346	11.376681614349776	
3899	0.816	216.95203658360154	0.5048914200947066	94.87729930198545	195	11.878762007336931	13.276960784313726	164.75811127852845	11.815217391304348	255	0.582	153.61064189269237	0.5667581898668312	59.794586107434135	195	9.877461827433123	14.185567010309278	89.55824857662459	11.224880382775119	
3900	0.756	200.91421281885783	0.5004421936261337	97.45650822122776	195	11.33572980234646	13.404761904761905	151.2028519081367	11.19672131147541	256	0.752	199.51183274913996	0.5163491348582913	88.54953047276187	195	9.957985714259463	13.680851063829786	133.18981723624665	11.274193548387096	
3901	0.284	66.11108524616823	0.514390892977428	49.38677330229379	195	12.844379043305207	14.232394366197184	85.77723920120086	11.628491620111731	76	0.59	150.12722646337116	0.5886778752723031	70.99897652857037	195	9.641554149068122	14.498305084745763	91.762257069594	11.546341463414635	
3903	0.516	136.18368962719234	0.5329834434418099	74.2742932555961	195	11.458776514326582	14.011627906976743	122.43974672460651	11.524793388429751	89	0.588	153.2207629769033	0.552772576846548	74.39043674237108	195	10.013150844072527	13.993197278911564	105.7916956008616	11.330097087378642	
3904	0.744	195.101484240577	0.5322181200976258	92.2331508058323	195	10.358909449829078	13.661290322580646	153.28211053434075	11.640625	250	0.588	155.45685279202553	0.5453736046007164	69.32695598031663	195	9.929781698955592	14.037414965986395	102.9983941770339	11.029126213592233	
3906	0.736	201.62174008255067	0.4851767656643392	94.63956667778126	195	12.965772570136085	13.271739130434783	172.54887374875028	11.446969696969697	8	0.668	179.0308747865436	0.5873784226146296	79.126554208599	195	9.478926106421872	14.25748502994012	113.82311565955064	11.331325301204819	
3908	0.842	234.5142602504425	0.5313108657910948	104.15170574356748	195	11.142174765206459	13.39667458432304	200.0899292366703	11.379746835443038	117	0.636	168.307399174339	0.5456387234645305	68.3785182074607	195	9.930099979142051	13.861635220125786	79.93423538762863	11.236263736263735	
3909	0.676	177.68899169276685	0.5187130092999389	88.36877614591761	195	10.152956185677354	13.659763313609467	134.47230264467902	11.796296296296296	194	0.472	123.8715095522609	0.6474818504741894	70.93119394262327	195	9.794494426862975	15.10593220338983	94.86299517238834	11.06439393939394	
3910	0.398	103.88932393615752	0.5471775044925227	79.51053538734635	195	11.18938577899323	13.793969849246231	122.32040167576841	11.08970099667774	62	0.622	155.57000650285565	0.6019992177416541	75.73174217624234	195	9.660104137210704	14.591639871382636	99.78040760999431	11.497354497354497	
3915	0.378	97.56853027670955	0.5505165380355804	52.25374572437766	195	13.309996613815974	14.333333333333334	82.14836317848189	11.209003215434084	61	0.81	217.63662743837443	0.5414941465271126	93.8366216172958	195	9.270072816486172	13.634567901234568	139.02231930132288	11.242105263157894	
3925	0.35	88.26793099956365	0.573172770077237	66.65612963483643	195	10.975407790145526	14.222857142857142	87.47971552053582	11.298461538461538	59	0.674	180.12721150162014	0.5628858020959375	73.89654149851252	195	10.101225069919709	14.041543026706231	106.6925914973677	11.116564417177914	
3926	0.488	128.4751474305081	0.5388406824760109	85.95951831953423	195	10.250719122074468	13.78688524590164	108.87200995806673	11.23828125	241	0.736	190.47619047612162	0.5336972039542235	80.58873809146142	195	10.114514079428584	13.736413043478262	94.4078029682312	12.121212121212121	
3927	0.702	192.95255895843266	0.5279855458945715	98.79869958001537	195	11.34289244921369	13.527065527065528	153.80967736820952	11.281879194630873	107	0.792	213.20124905689806	0.5413074161455805	74.52708762543728	195	10.102312934003177	13.669191919191919	131.9792879979138	11.057692307692308	
3930	0.802	217.3677363409648	0.530967674769258	91.16834919762938	195	9.00926317309498	13.59351620947631	163.14921198186988	11.606060606060606	106	0.696	182.48557944492177	0.5342406110895221	76.23892685604525	195	9.51230560403582	13.681034482758621	122.83779494466135	11.276315789473685	
3932	0.7	182.22523038452803	0.5841037600416187	76.31587175149969	195	10.478334035969729	14.105714285714285	139.62702122804058	10.96	116	0.598	159.0848629958618	0.5532005869924056	64.73094589717158	195	9.568445457112796	13.953177257525084	98.51796198961496	11.134328358208956	
3935	0.522	133.46970084402028	0.5881930542685497	66.48376181104891	195	12.358328360900973	14.528735632183908	105.70605307175329	11.246861924686192	60	0.676	176.0875227920628	0.5693981287854366	75.12298378872123	195	10.100070059430815	14.121301775147929	111.48778193955043	11.438271604938272	
3940	0.414	100.46105314281577	0.5572244807858618	73.69669822627844	195	11.940665574709312	14.02415458937198	96.89972226575267	11.286689419795222	63	0.732	194.25720503202658	0.551596065023905	81.43967469572787	195	9.51663831271708	13.762295081967213	129.7721467871656	11.253731343283581	
3941	0.532	138.31834017991952	0.5387151370178801	75.49296599828743	195	13.097512035511405	13.864661654135338	119.51154927048526	11.333333333333334	160	0.67	175.0901583651134	0.5536430022287878	74.24092992079028	195	10.092975130242362	13.976119402985075	105.07043048468863	11.406060606060606	
3942	0.938	261.2813370476079	0.4922756901529001	118.22292357465172	195	8.44097054495016	12.965884861407249	219.61223483361772	11.419354838709678	94	0.61	155.22418443751815	0.5878942371500604	74.29532515798947	195	9.853791582755855	14.37377049180328	98.9680252136151	11.251282051282052	
3945	0.81	226.5354066443394	0.46241432125103715	111.27853017436303	195	12.811629131453087	13.009876543209877	140.97863852201152	11.147368421052631	29	0.604	149.95034756736015	0.6658009765210465	89.1969960290989	195	9.344116836194456	15.427152317880795	103.83611016147661	11.666666666666666	
3949	0.778	217.12435811603456	0.49962578502197313	112.5569498988715	195	10.85704725689101	13.151670951156813	203.29404855551425	11.117117117117116	90	0.72	188.00919156060888	0.5356197633516386	89.59832729176485	195	10.021363604172773	13.827777777777778	130.39602858260028	11.214285714285714	
3951	0.942	262.45402875170305	0.4991505971929344	104.86957599379076	195	8.432806619397834	13.116772823779193	206.3487719388815	11.310344827586206	172	0.63	157.34265734319717	0.6159943743306557	72.63333640363388	195	10.26019228659435	14.742857142857142	98.91729936560532	11.454054054054055	
3952	0.854	232.30509765416048	0.5086103401520373	84.19722289778153	195	10.094908138912377	13.283372365339579	162.3608421793551	11.123287671232877	173	0.834	219.5083434232833	0.5235252017300371	95.84526912623934	195	10.041218486429859	13.594724220623501	135.32511165653366	11.710843373493976	
3953	0.432	110.99691675252492	0.5373259190499906	82.33281840839621	195	10.508556618317222	13.773148148148149	123.61168382567907	11.345070422535212	297	0.662	179.61797265045772	0.5605662672977914	73.29627929662225	195	10.233775140507921	13.900302114803626	106.94574210350491	11.065088757396449	
3954	0.578	133.00810014725832	0.5823355020199855	71.53780839988042	195	13.60030004915275	14.377162629757786	119.33625388367382	11.303317535545023	68	0.644	158.4801653708398	0.5733797086494995	71.75637493155813	195	10.10559927486635	14.608695652173912	56.59037532673036	11.735955056179776	
3956	0.832	211.58638929806273	0.5585997701129275	96.3511231719264	195	9.774139598376882	14.028846153846153	158.8277375276359	11.607142857142858	249	0.824	219.54598742368617	0.5468794739089515	79.54841402860652	195	9.363922856284315	13.776699029126213	134.91214729977676	11.238636363636363	
3959	0.71	189.89034501196437	0.5694524340153997	81.13811033356207	195	9.060859730921727	14.045070422535211	154.52491286672537	11.434482758620689	110	0.636	167.44773840283432	0.5411720563280963	71.12693904744704	195	9.874016966575395	13.78930817610063	108.57399535173231	11.263736263736265	
3961	0.798	210.79881656788658	0.5062420083216653	94.3177284129952	195	13.719949069073971	13.43358395989975	166.43215128269543	11.267326732673267	114	0.684	181.10569794571677	0.5345853834305023	80.81915540345133	195	9.462614840461951	13.68421052631579	126.72466112251932	11.632911392405063	
3962	0.43	111.93252811286959	0.5863297035082257	75.00494646771875	195	11.634427012833065	14.427906976744186	103.34292396358312	11.31578947368421	149	0.736	198.13708070820272	0.5400195153515166	75.1028679335134	195	10.003922527201311	13.535326086956522	125.1468623783812	11.196969696969697	
3964	0.428	104.77869173566617	0.5961508727272514	79.44405859530414	195	11.308201709887271	14.57943925233645	102.70978102386923	11.26923076923077	66	0.762	202.48724489867578	0.5401228254318745	76.6177562420594	195	10.20979778433557	13.611548556430446	124.40999922532207	11.243697478991596	
3969	0.47	120.54372916117225	0.5183793473249045	67.83523738617686	195	13.128610006942356	13.931914893617021	92.92090001387486	11.29811320754717	148	0.626	162.5551804728109	0.5692897787799809	70.75409397491978	195	9.987856902713675	14.20447284345048	97.5751394889567	11.229946524064172	
3974	0.542	127.97506611271537	0.5419921164007679	75.85849987505101	195	13.027841949007302	14.007380073800737	106.63085813354071	11.16593886462882	67	0.824	219.4992008515256	0.526340179953904	87.82381550126819	195	9.927872946032464	13.405339805825243	145.3264582537724	11.25	
3979	0.468	100.90556274242468	0.5858058731237856	83.8293635471906	195	12.75510688679047	14.397435897435898	105.44902431686988	11.597744360902256	69	0.696	178.31522853040678	0.5460906993121145	91.8555393502893	195	9.983847099944244	13.790229885057471	129.20326960428795	11.55921052631579	
3981	0.702	188.0625803687273	0.5303631032521502	78.72030660702204	195	9.817172432198063	13.68091168091168	130.21249011072302	11.10738255033557	91	0.67	174.39741787727777	0.5788353656248684	82.88216724452164	195	10.246183695014185	14.256716417910448	99.20465597972218	11.478787878787879	
3984	0.88	237.9149994584574	0.5140954562820766	112.04651799299842	195	12.147853278701065	13.338636363636363	173.08517120519156	11.25	14	0.608	158.9459374664435	0.5767768279435471	82.91000225067718	195	9.987082103704665	14.197368421052632	102.36128222536526	11.127551020408163	
3986	0.69	184.35395960207887	0.5433165279379434	78.5940876734568	195	10.469746645331432	13.678260869565218	123.34314174865631	11.083870967741936	198	0.724	188.443519000315	0.5371129239829652	74.11968932757482	195	9.675094756090646	13.767955801104973	90.46497734185002	12.130434782608695	
3988	0.664	173.1240548568915	0.5414793753671321	105.2447303424312	195	12.391206349411505	13.734939759036145	161.88469763669295	11.345238095238095	125	0.714	185.23322783209116	0.5820714653948253	75.94147217261171	195	9.49689028108696	14.22689075630252	110.03561404188056	11.384615384615385	
3993	0.706	188.52809228722012	0.5349069664031425	78.50109186415199	195	11.207596480851032	13.747875354107649	136.30014951738798	10.91156462585034	124	0.62	157.39236393202512	0.6054512634380055	73.46141468121961	195	9.640230068521673	14.606451612903227	107.82953990120217	11.18421052631579	
3994	0.63	159.87413084294894	0.5695121667173104	81.40046391449023	195	12.629765132192377	14.123809523809523	121.32503060610603	11.286486486486487	244	0.726	184.43247637543652	0.6201388638544809	89.65947226689964	195	10.855915993781625	14.669421487603305	109.44296137128379	11.386861313868613	
3995	0.362	92.60680480907772	0.5759433271468661	74.47995375439825	195	10.516106019729346	14.569060773480663	78.84071948228417	11.219435736677116	154	0.5	130.57557714479094	0.5752081191254564	63.27114582545647	195	10.203225990847614	14.152	92.78992160767585	11.32	
3998	0.33	83.6544311499215	0.5433799049583015	62.566944679725864	195	10.837315232791942	14.26060606060606	77.36734514751498	11.08955223880597	152	0.526	140.54400684024853	0.5810881019741627	85.2176589311181	195	9.476921388173036	14.144486692015208	128.28410208266817	11.240506329113924	
4000	0.464	119.3906957590311	0.5526098209347915	70.75543278257084	195	11.294169330016903	13.991379310344827	91.93191444032209	11.138059701492537	153	0.39	101.04674059498149	0.5750014266690854	60.8656422471586	195	9.931184059746576	14.353846153846154	83.03743931457828	11.288524590163934	
4001	0.57	147.68369779266524	0.5483171991135986	86.61342272894073	195	11.007065701653666	13.828070175438597	128.4614244185214	11.348837209302326	159	0.598	157.0790648804545	0.5877960596835167	96.86710143943735	195	9.85205818346655	14.060200668896321	149.3631582847149	11.328358208955224	
4003	0.814	227.1458868187671	0.47867543021286246	114.06739069666787	195	12.363160161652742	13.007371007371008	207.94244625588544	11.559139784946236	42	0.536	140.69718605706655	0.5585379046599938	79.94866978353802	195	9.628563419407918	14.055970149253731	103.84218630288527	11.168103448275861	
4004	0.384	99.78172747146715	0.5485547672473221	72.2259589123617	195	10.648409801153923	13.942708333333334	92.30438956218833	11.185064935064934	202	0.47	121.04043265511274	0.5562273619939168	69.50994863310773	195	11.79255211766665	13.982978723404255	86.8323978126726	11.218867924528302	
4005	0.306	81.81380674829816	0.501325292450163	64.48822684480508	195	13.029443541704191	13.647058823529411	76.83098654629616	11.198847262247838	201	0.45	117.0168504264444	0.5971169782898367	67.82879931527393	195	10.548309056262388	14.28	88.13004452329051	11.363636363636363	
4006	0.626	167.37967914480183	0.5155184017052088	80.76171835121423	195	12.896212587935995	13.437699680511182	138.59917259668893	11.37433155080214	203	0.606	158.530842881225	0.5608658930865426	80.12125905773713	195	11.516518359749089	13.881188118811881	122.46758322897816	11.192893401015228	
4008	0.624	159.45213880552384	0.566507561014065	76.93750784166228	195	12.312159219366476	14	126.11022397333227	11.138297872340425	199	0.36	94.90667510244973	0.5806554862979011	62.15265319322389	195	11.541284808831708	14.227777777777778	80.71129806248969	11.18125	
4010	0.684	180.96195565814674	0.5138116590991232	82.84130284692135	195	12.841022761551418	13.608187134502923	133.76180857010425	11.360759493670885	200	0.57	148.46069698401539	0.5641952588718105	86.7867739964699	195	9.815648287358066	13.740350877192983	133.6275916000803	11.367441860465116	
4011	0.738	192.25759391358037	0.5165944849648814	100.16389976808699	195	10.70922320215137	13.536585365853659	130.65052836912383	11.358778625954198	252	0.474	121.6445105987555	0.5675786107851004	64.63551059951476	195	9.970657832705626	14.20253164556962	96.58602778190473	11.418250950570343	
4013	0.9	245.9554000878139	0.48699591258414754	114.87525282419452	195	10.276557542125403	13.126666666666667	203.62720675143524	11.7	95	0.552	138.80506940239493	0.5913417659749602	77.0220430388691	195	10.777311892606614	14.253623188405797	103.35733981411884	11.294642857142858	
4018	0.868	240.52316559606209	0.5131497168007737	129.69361597602966	195	11.916687293482623	13.237327188940093	181.38532162176557	11.272727272727273	100	0.458	115.94936708912019	0.5962125299948248	68.32396917166307	195	10.644517610973478	14.615720524017467	90.55581282799422	11.346863468634686	
4019	0.456	118.58941017339421	0.5682058635899065	89.16078979837147	195	9.730425896564348	14.087719298245615	112.20775139422916	11.246323529411764	234	0.43	105.51629367829047	0.5947080585353319	62.6944049942525	195	10.403449502949998	14.679069767441861	73.13598137734793	11.326315789473684	
4020	0.412	107.20791048678089	0.5150164235472628	69.45063518836291	195	12.73468488078036	13.563106796116505	107.52365078089166	11.261904761904763	232	0.58	150.03362822703266	0.5730373594680465	86.16922653471032	195	10.436962029296433	14.051724137931034	105.62271169976603	11.042857142857143	
4021	0.272	71.67325428170808	0.5471189362184287	51.656041761966684	195	12.772120212501614	14.073529411764707	73.33138490261047	11.247252747252746	233	0.534	135.62249199996043	0.609222306040234	90.3133699523158	195	10.268309218547484	14.50187265917603	100.31329191036083	11.40343347639485	
4022	0.68	177.7313120752312	0.5192205343675932	104.52298920074712	195	11.377130571918379	13.426470588235293	140.3869650508124	11.41875	235	0.61	157.61459356085905	0.5580224771929079	84.07903750746556	195	10.630539717452603	13.97704918032787	124.07086603384914	11.189743589743589	
4023	0.718	197.89427264172843	0.4692382671491306	130.7060964582647	195	10.868554898877152	12.92200557103064	180.36849552846738	11.212765957446809	18	0.432	108.21101147215781	0.5697548077106044	60.40032759639003	195	10.41759965675618	14.574074074074074	84.63111015116397	11.267605633802816	
4032	0.764	206.49764852142215	0.5262840658725315	146.4889613023313	195	11.415260297192741	13.390052356020943	201.83517567292319	11.245762711864407	96	0.47	122.06523997520334	0.5461905293471063	74.46835722800398	195	10.821565776594642	13.72340425531915	108.3123604441473	11.358490566037736	
4042	0.818	217.55319149050678	0.5154623022917277	97.65854396007738	195	11.031130947482454	13.555012224938876	145.99308179090002	11.351648351648352	27	0.628	159.60150452421667	0.5720805426828284	88.59205727631867	195	10.309718412342304	14.219745222929935	116.32945852844308	11.365591397849462	
4044	0.626	162.38651102420198	0.5337114015158552	107.01169063711242	195	9.654026109616233	13.62300319488818	142.19249675690935	11.336898395721924	224	0.428	109.72108285471256	0.5890969241288244	66.35562280951883	195	10.310901325406537	14.462616822429906	88.8090865552847	11.332167832167832	
4045	0.718	181.75374645598438	0.5641279544434374	86.60429873942343	195	10.900100253434882	14.064066852367688	124.72779364196401	11.361702127659575	279	0.494	129.1976148131517	0.5718683584464591	72.87727246255366	195	11.11250064655743	14.076923076923077	105.59172183729086	11.209486166007904	
4046	0.486	123.02551640335433	0.5634917909203153	69.72972305746895	195	9.982674935645615	14.242798353909466	91.3814105373406	11.365758754863814	285	0.472	119.9613683735471	0.5697427443375447	77.27612979400477	195	10.71534870315461	14.190677966101696	100.80430907046238	11.359848484848484	
4047	0.426	116.08262030617914	0.5514284008844245	75.97626771912596	195	10.035300101856297	13.774647887323944	95.80004568945796	11.090592334494774	222	0.508	133.34033282526548	0.5762466177214108	77.15702038115286	195	10.578785180734638	14.047244094488189	101.85658301355903	11.369918699186991	
4049	0.598	149.66463109440073	0.5575143172696163	76.05437646773511	195	11.140390748726578	13.956521739130435	107.4421122350581	11.248756218905474	223	0.506	128.38077840326713	0.598755604917115	87.53089520540925	195	10.973237100494556	14.09486166007905	108.39647655661719	11.291497975708502	
4050	0.344	89.01770003125327	0.5469093264486649	66.44624461376003	195	9.60474943411133	14.05813953488372	92.63634356203107	11.195121951219512	225	0.412	107.19117494035896	0.560663466521022	64.70769605057332	195	10.573131699516738	13.898058252427184	89.34650580048614	11.231292517006803	
4051	0.668	165.0523818936188	0.5860385845633604	94.72755254054354	195	10.225695076260644	14.380239520958083	133.91351008779128	11.506024096385541	226	0.464	117.9701006813944	0.5527616002292723	76.00089895096991	195	10.943776241168912	13.810344827586206	107.07654718398898	11.212686567164178	
4052	0.896	238.60247124083048	0.5257143405876328	94.37252170286982	195	10.159509909200882	13.408482142857142	165.83429942660896	10.923076923076923	38	0.31	81.0118643181868	0.5720530336314815	50.811106489206786	195	11.218904915488315	14.419354838709678	64.32435487621086	11.12463768115942	
4053	0.872	225.84822584796706	0.5181359021600298	103.22062235918212	195	11.324869915998102	13.238532110091743	178.6409644323877	11.421875	197	0.596	151.8548715855052	0.5555798941294603	84.31237037933508	195	11.236362747552493	13.85234899328859	111.09165495421095	11.227722772277227	
4054	0.464	121.58691892547633	0.5682520345174144	62.17302329426018	195	12.03747595831086	14.012931034482758	102.9322192442432	11.055970149253731	88	0.502	128.889801786696	0.5773529986083794	86.3426507097838	195	11.138573714642611	14.01593625498008	98.87313931580138	11.200803212851406	
4057	0.424	104.14108169215511	0.5615129693310368	73.67010864968725	195	11.6570938168871	14.235849056603774	84.5474363587951	11.322916666666666	51	0.566	144.36565831822688	0.5695071261618316	93.49139010091127	195	10.119941206349472	13.96113074204947	133.4342275114025	11.331797235023041	
4062	0.412	110.65749892542838	0.5560613818669361	85.17542960143903	195	14.465325744384826	13.66504854368932	127.61209149060308	11.153061224489797	6	0.542	136.01686408332503	0.5665690798722045	83.53796391546133	195	11.041512448410769	14.014760147601477	111.48959127801186	11.179039301310043	
4063	0.62	160.82174725084764	0.5808942028099621	74.82533823511638	195	9.95786152733691	14.216129032258065	110.07722596576731	10.947368421052632	274	0.338	87.51488788765957	0.5856617511961273	59.63290444886951	195	11.597873171600297	14.597633136094675	68.36965082875248	11.102719033232628	
4064	0.722	183.60288882015652	0.5273245760087861	98.13465214517224	195	11.306347224866352	13.71191135734072	125.54236506456229	11.323741007194245	251	0.612	153.4603811429644	0.5383471269709352	84.56112241864875	195	11.605077510774532	13.836601307189543	116.87423221928745	11.31958762886598	
4066	0.574	147.22478711415786	0.5848043888986004	75.76035177676775	195	13.406334566013133	14.156794425087108	113.9753341177758	11.056338028169014	54	0.552	138.8819000648589	0.5962655989253612	86.18158776371399	195	10.396912016803142	14.329710144927537	106.6606805298958	11.28125	
4068	0.696	176.57803937527578	0.5408771207312628	93.60532368674586	195	10.478341677385977	13.764367816091953	119.30608227608296	11.282894736842104	118	0.448	111.87693537094478	0.5338233887861065	65.15022882115403	195	10.68092811755243	13.870535714285714	93.97982760472752	11.33695652173913	
4071	0.84	228.52168235503234	0.4833445796733604	102.37728931491117	195	10.602373460203658	13.161904761904761	169.6278782444334	11.2625	35	0.542	131.15230121435923	0.5997996812288279	76.52418566374774	195	10.2946680074779	14.612546125461254	102.96264602994006	11.22707423580786	
4073	0.576	153.62457993276442	0.5011978130008157	90.8552178015401	195	11.711712187739714	13.375	104.18513727585949	11.18867924528302	165	0.446	111.83550652003531	0.5683193974904603	66.96047861542662	195	10.321946754043639	14.219730941704036	92.91751264422506	11.263537906137184	
4076	0.436	111.21314151609519	0.5289646897445062	85.6294679871812	195	11.390792547753913	13.655963302752294	109.28992768944899	11.24468085106383	163	0.44	108.80854641635959	0.5725120310975573	69.66651726504617	195	10.549134083480617	14.213636363636363	86.43431140079431	11.225	
4078	0.408	110.66507540426892	0.4926779811403521	71.92806389060713	195	14.471147644513007	13.299019607843137	88.30100567248383	11.260135135135135	164	0.46	111.81875638118188	0.5852128414241414	75.55823328429956	195	10.932902281215362	14.234782608695653	97.08729036512166	11.396296296296295	
4079	0.488	129.7803308338215	0.5216900231184229	82.88086411855443	195	11.432552577660381	13.635245901639344	100.70427255279206	11.22265625	166	0.62	157.2087834076999	0.559042082871355	89.63392310134991	195	10.820035512288696	13.835483870967742	119.74688533837528	11.26842105263158	
4080	0.82	211.37289271508163	0.5443153095446756	95.02495735579045	195	11.251916175787603	13.44390243902439	168.15787236276176	11.21111111111111	192	0.688	171.0421638828078	0.5658120157241527	92.79017535654441	195	11.07855751325165	13.872093023255815	129.10014710790153	11.217948717948717	
4081	0.944	252.89327046734837	0.535544373165884	151.07018894505012	195	14.720816416694632	13.207627118644067	245.96518599329434	11.178571428571429	33	0.63	157.18562874245103	0.6076716855583141	94.46335501807859	195	10.629291485793617	14.504761904761905	125.32309652480569	11.54054054054054	
4082	0.388	93.98769439450405	0.5767586708292398	62.86382442634631	195	11.803070174369696	14.536082474226804	84.34873066960789	11.437908496732026	293	0.438	108.11077652178568	0.5860261474674723	66.8731707169124	195	10.346113538067808	14.525114155251142	86.93689160138298	11.398576512455517	
4083	0.5	122.90447863893573	0.5828757363723305	84.97587686153251	195	10.327322801920396	14.22	96.83881844061855	11.324	290	0.468	118.08639483164139	0.6023674692643496	71.40252223824308	195	10.637151393756081	14.61965811965812	87.51155158285813	11.266917293233083	
4086	0.4	98.86796183643645	0.583851673824971	62.686700600013154	195	10.230840579440189	14.38	93.67920866569654	11.346666666666666	288	0.558	136.72449279670596	0.5977293056723122	78.54219175624745	195	11.737760807900958	14.362007168458781	106.01196076427281	11.470588235294118	
4088	0.472	115.39778005948531	0.5452812220714105	66.24231269420909	195	10.05634686118339	13.995762711864407	84.78066024651221	11.56439393939394	295	0.48	120.20434739064946	0.5883769279933175	70.66547264119474	195	11.012099352798986	14.25	96.6000165835497	11.38076923076923	
4091	0.512	128.8439277263813	0.5870693650799284	70.99283226768465	195	10.911266931362137	14.1953125	100.77454219856511	11.180327868852459	287	0.514	131.64634771029444	0.5800092512416781	71.32345528989893	195	9.947557260761485	14.280155642023347	105.8926872287457	11.127572016460906	
4096	0.484	120.1708213336345	0.551910664957578	79.11745245465852	195	10.551137210536236	14.070247933884298	99.31290595448506	11.271317829457365	289	0.506	128.4198771641588	0.5503622472234421	81.25297639463545	195	10.233773992974381	13.790513833992096	115.5903185367515	11.279352226720647	
4098	0.42	107.91921475890034	0.5405305816351809	71.96400497396803	195	10.379218641188583	13.8	101.3654896895389	11.155172413793103	291	0.388	98.01940177913863	0.588646468734879	69.81766413390677	195	9.957501119358156	14.396907216494846	87.58565267620351	11.196078431372548	
4099	0.498	122.99333168686455	0.6000317209691856	81.94976934065409	195	11.377126387580946	14.261044176706827	109.77352445930133	11.282868525896415	292	0.564	142.70532867770856	0.5564952335164063	71.69335706586548	195	11.074807464100507	13.939716312056738	102.93894122288114	11.215596330275229	
4100	0.436	110.78361622124326	0.5622679013082553	70.29277524662933	195	10.189385108267592	13.963302752293577	100.7938894345898	11.464539007092199	294	0.574	148.3127486949723	0.516921043757054	74.07912168505045	195	10.976240906670228	13.456445993031359	113.03584241291054	11.2018779342723	
4101	0.916	246.24979837680857	0.5106956381736002	84.28938175405531	195	10.658892460415972	13.22707423580786	158.5040652344623	11.428571428571429	31	0.728	181.9818018202777	0.5991372709635584	96.50308769071285	195	10.919088912437699	14.258241758241759	126.28549494879415	11.220588235294118	
4120	0.93	243.14996862567435	0.5173634405605342	111.00450525346758	195	11.19417509540217	13.178494623655913	199.0009952104474	10.942857142857143	32	0.59	144.33897641651694	0.5370651629626016	81.97124473339805	195	12.243598452198833	13.549152542372882	114.65661589465455	11.253658536585366	
4130	0.93	242.6551166313703	0.5151152726674536	122.95803257366396	195	15.34480214971315	13.047311827956989	249.88206589767233	11.485714285714286	34	0.516	125.26704214451773	0.5605888383329164	72.53670136850195	195	13.04774944753472	13.883720930232558	107.95082479300291	11.148760330578513	
4131	0.61	144.98264961786558	0.5451426121291121	119.62512342244783	195	15.284127325975453	13.501639344262296	156.0015313263835	11.169230769230769	246	0.82	191.0175177042574	0.5635722231209502	90.35568029371318	195	12.152730976256143	13.902439024390244	126.51095520087554	11.344444444444445	
4132	0.592	141.4508267224949	0.5375919444901636	91.71551859591303	195	14.336134583948098	13.587837837837839	124.55236638254026	11.07843137254902	228	0.602	143.49733028166344	0.5219214739075007	78.9959499695021	195	12.897426789704072	13.318936877076412	122.53104879096401	11.35175879396985	
4133	0.632	147.34682458269836	0.5156129890214033	100.13933693417096	195	13.449582615185504	13.246835443037975	174.05415726153112	11.304347826086957	296	0.52	115.78712981495181	0.6724390607176683	83.32960939473524	195	11.81851662666071	15.696153846153846	82.11484850995018	11.154166666666667	
4135	0.778	191.26757793385966	0.5231166406975413	101.40790577183208	195	12.105660646153238	13.388174807197943	160.12739944162703	11.144144144144144	41	0.68	158.22784810053375	0.5427093508259282	79.04462961056007	195	12.252743859416157	13.773529411764706	91.93311451748059	11.23125	
4137	0.682	147.8110099696128	0.5721714882691973	106.93274561780282	195	13.594208984260643	13.973607038123166	150.33369678087482	11.352201257861635	78	0.906	213.34714830622107	0.5472575775297058	126.36737301470075	195	10.89221398824657	13.699779249448124	155.62817735615988	12.446808510638299	
4138	0.516	119.4721000234691	0.5018411387673937	94.30299499006094	195	13.0398373433363	13.507751937984496	107.62133949531824	11.301652892561984	145	0.774	180.14243820689185	0.5879205060687398	76.90578382424076	195	12.450962312521655	14.227390180878553	102.15612290586047	11.11504424778761	
4140	0.276	68.58506038442749	0.4568372750437967	78.52048791872294	195	11.669456093753388	12.804347826086957	160.32432047498938	11.11049723756906	10	0.678	148.39782875126593	0.5595154852859168	79.3486469072091	195	13.881857256795369	14.085545722713864	83.73746768122359	11.434782608695652	
4141	0.654	144.44738934530844	0.5459647747115434	91.51760774889803	195	17.836553805398815	13.584097859327217	146.68476201936923	11.346820809248555	243	0.862	194.161636184169	0.5481515880694652	93.98180920664971	195	13.51098720963749	13.496519721577727	159.03025220844972	11.246376811594203	
4142	0.622	137.42212010096026	0.6155049706359768	84.58522529200985	195	14.577412597186152	14.64951768488746	131.27278428197027	11.37037037037037	71	0.934	211.67618529593267	0.5755330968788344	119.972580961425	195	13.060257509401445	13.890792291220556	170.3785858147085	12.636363636363637	
4143	0.746	182.38716933130516	0.5011818918872222	128.48429558189878	195	15.39908659783679	13.246648793565683	156.03938963573586	11.26771653543307	248	0.828	192.10245464215637	0.5546147939317161	97.81755020364393	195	13.104298305066987	13.58695652173913	137.21642799321504	11.383720930232558	
4144	0.954	223.24144709102197	0.5573336716927166	128.74043935595827	195	14.537393155836305	13.417190775681341	213.3632527680666	11.347826086956522	43	0.802	176.80776014138388	0.5634323503591889	93.86762073682723	195	12.382698764243097	13.788029925187033	164.72623938396856	11.454545454545455	
4149	0.916	209.94728397973148	0.49063441638517324	117.4884951004793	195	17.548208307548904	12.910480349344978	166.65791201723135	11.19047619047619	28	0.77	163.72528173577604	0.6029503349950852	100.6885592092819	195	13.580283096668966	14.202597402597403	140.61983485045008	11.382608695652173	
4159	0.87	204.52301471597158	0.4979239438722188	116.25253862896952	195	13.82066228955274	13.029885057471265	195.0440256509364	11.153846153846153	21	0.86	188.20028011253962	0.5559510886393897	102.64017640769508	195	13.835223868426569	13.872093023255815	108.40022256221755	11.528571428571428	
4161	0.746	164.94207128411475	0.5172633548556949	97.97194843979608	195	13.93825032976173	13.35656836461126	164.9286986899816	11.543307086614174	121	0.84	188.69619911939407	0.563331139708572	85.65897596321366	195	13.133744960021708	13.792857142857143	125.60589721364106	11.2	
4164	0.618	120.66070522097328	0.5191508920408198	86.64301013292355	195	17.466988408884784	13.87378640776699	102.37925468880329	11.476439790575917	120	0.576	122.05975842309367	0.6057446018439951	85.31162170965145	195	13.754878502343141	14.409722222222221	114.18999765202393	11.466981132075471	
4166	0.698	150.09461551745878	0.5939405670019227	82.87833851854703	195	14.752787605795016	14.234957020057307	122.89786358162903	11.483443708609272	272	0.846	187.42522929741088	0.5729825625531327	99.69054118655417	195	13.230741270201117	13.739952718676124	145.9914718158991	11.545454545454545	
4169	0.742	164.4066294430093	0.5554316264275115	91.29824380493729	195	16.336649381690147	13.60377358490566	144.89440528177536	11.131782945736434	101	0.85	179.23414304926726	0.5981398812644485	124.54163097565458	195	12.987793825746468	13.92	164.62895332950475	11.546666666666667	
4170	0.742	154.90605428042713	0.5289611842681523	101.2544810083898	195	20.8995011748826	13.380053908355794	163.44712453232606	11.666666666666666	240	0.71	147.07710154505023	0.5642813290964422	84.29335112822874	195	15.814771857500729	14.005633802816902	113.03287310697792	11.482758620689655	
4171	0.388	84.20138888875275	0.5584027845512074	81.50563047725845	195	16.464747970809842	14.030927835051546	99.5594067529084	11.088235294117647	238	0.726	151.54045253439767	0.5876939264924449	89.36842527557975	195	15.32607860742617	14.162534435261708	118.89454070631048	11.306569343065693	
4172	0.582	120.45200546416682	0.5595243579524319	92.16032259992488	195	18.83931570343033	13.927835051546392	105.7985303291756	11.181818181818182	239	0.774	164.8913506608265	0.5491762036488675	96.13860874003514	195	14.91069844467221	13.52454780361757	144.6499846355116	11.68141592920354	
4173	0.746	153.94774856637335	0.5459308297698185	93.97946881148754	195	16.289856904812535	13.605898123324398	139.99780472316348	11.220472440944881	277	0.8	159.90405756556493	0.610213196357449	99.44065936193859	195	16.843440093818398	14.0575	127.09324377714084	11.41	
4174	0.886	202.30158005363538	0.508279309213779	108.28216971108932	195	16.14733918177034	13.09706546275395	193.30457269063155	11.140350877192983	102	0.848	177.6734830704984	0.5627517171397498	93.65177907448015	195	15.759081519738652	13.841981132075471	131.83773138682545	11.447368421052632	
4179	0.96	220.38567493114124	0.503410047876959	135.63017064829316	195	17.807792044214015	12.991666666666667	244.84730522175136	11.35	16	0.862	180.08607362140341	0.5772998344450001	104.35642406930437	195	15.114062479186607	13.988399071925754	144.82689556597018	11.144927536231885	
4181	0.878	200.41086509956932	0.4667411845825345	120.22475395968347	195	16.91075005313845	12.813211845102506	207.05323101110346	11.147540983606557	103	0.852	179.06683480448714	0.5460015373178166	92.57046155065214	195	15.158284607348245	13.502347417840376	159.86610448635048	11.324324324324325	
4182	0.676	144.35191116836327	0.5398816920495617	95.20760808160956	195	17.075592872298202	13.559171597633137	161.2202891562148	11.407407407407407	236	0.872	188.28813266524085	0.5532530888869824	95.46764057658561	195	17.201543999358712	13.463302752293577	152.62513824756303	11.125	
4183	0.514	108.22875431605591	0.5093141542214559	104.39412016056608	195	18.69237680935056	13.346303501945526	115.29472589149131	11.185185185185185	57	0.722	147.22074956103552	0.6062766487952795	94.04601494744381	195	15.246662222890205	14.401662049861496	121.97336424048642	11.23021582733813	
4188	0.406	83.79081190422858	0.5309749134763623	85.33600246200447	195	18.121734896588162	13.556650246305418	129.65473111272337	11.154882154882156	56	0.888	184.69986272272436	0.5648102186511623	91.94645099158683	195	15.495368526580812	13.646396396396396	150.96955033407383	11.107142857142858	
4190	0.348	69.54158506819687	0.5173641928839702	68.3859563188952	195	18.39725630655638	13.373563218390805	92.56591375085145	11.113496932515337	204	0.782	162.14647092994448	0.5329656523540964	104.15554466910541	195	16.812724444832607	13.470588235294118	140.53644723838343	11.1651376146789	
4191	0.492	97.55323789516716	0.474913754944243	89.97720968695769	195	23.115089641836942	12.869918699186991	121.64935203959915	11.188976377952756	245	0.736	143.2575521639777	0.5636975565984763	108.51091481342159	195	18.759256088476516	13.548913043478262	138.70711919836276	11.113636363636363	
4193	0.576	116.59919028334585	0.4871950124018145	94.69392824441093	195	19.873984420479566	13.04861111111111	145.84724931848655	11.297169811320755	58	0.832	167.7892953661915	0.5600631775576701	110.79527556623185	195	18.96038910253806	13.319711538461538	186.07622324428564	11.30952380952381	
4194	0.674	135.89257631324716	0.5864491225534068	94.65206788737174	195	15.974070990163378	14.249258160237389	110.62554396260316	11.226993865030675	275	0.646	123.76427312411015	0.6243623754656159	108.30993633358919	195	16.302930954031343	14.578947368421053	114.64353958772148	11.502824858757062	
4195	0.882	189.36791480566816	0.5324187663470747	121.23083098032065	195	17.77670765046962	13.312925170068027	206.73693314642642	11.220338983050848	174	0.724	146.32174615994072	0.5838061677260179	81.2447730216929	195	16.75951184422567	14.143646408839778	116.20645998844007	11.26086956521739	
4198	0.774	149.70986460311082	0.4891026443106021	103.41143823661102	195	19.317527526219976	13.328165374677003	137.04159606834838	11.36283185840708	45	0.848	169.99438697772817	0.5764540347192474	112.3109753044636	195	15.659981121807485	13.856132075471699	157.53577195241948	11.93421052631579	
4200	0.684	133.95480004675858	0.5313613034330265	90.26642885945898	195	17.683739395861515	13.444444444444445	141.4525221874461	11.30379746835443	298	0.78	153.99194503637574	0.5852980568094275	98.3982935296847	195	17.413690053776076	14.069230769230769	130.04529390448326	11.327272727272728	
4203	0.664	129.98199044717427	0.49129831012361114	105.28003359653863	195	18.917822715658538	13.346385542168674	140.88939654276817	11.345238095238095	157	0.73	147.84510693438693	0.48605095795063485	97.6370038795833	195	18.103037246648086	13.183561643835617	117.61588192216546	11.525925925925925	
4205	0.67	129.99611951857955	0.48273809621263475	100.9223398827165	195	19.436356529714068	13.256716417910448	144.42302453885827	11.466666666666667	158	0.828	162.54416961092107	0.5794999791413058	134.51472048836854	195	16.036765225471285	13.871980676328503	143.66818567095657	11.313953488372093	
4206	0.796	159.67903711084924	0.49205315901295804	111.46090061648924	195	25.290731940020695	12.92713567839196	193.02690019696084	11.107843137254902	230	0.78	154.87252799672044	0.5119545033173277	109.32561663084805	195	18.561757450057122	13.133333333333333	152.31246250033058	11.145454545454545	
4207	0.608	121.00947376813771	0.4966765005827503	106.14267895227752	195	21.693438304367138	13.078947368421053	150.4190189592609	11.275510204081632	231	0.82	167.18998491280271	0.5146620775207573	113.01051772356004	195	17.417666323459034	13.22439024390244	163.87550015964896	11.233333333333333	
4208	0.42	81.39219410125797	0.4926608906966051	79.457580935196	195	20.348089221871188	13.561904761904762	85.94356463877484	11.203448275862069	155	0.74	149.59165521215954	0.5085609942962875	101.22388944418664	195	17.276593542536705	13.232432432432432	143.48607119845067	11.438461538461539	
4209	0.936	203.55791396599656	0.48327542276448615	122.07231882185324	195	20.472463989588714	12.818376068376068	225.04410933282412	11.90625	169	0.774	153.05517105001556	0.5211632760595365	99.58574660055936	195	18.975256309915505	13.330749354005167	140.27282295764567	11.371681415929203	
4210	0.99	209.74576271181266	0.5394069164652704	137.39116867979445	195	18.26829322083704	13.216161616161616	225.5504958330758	11	168	0.726	147.38722644046433	0.49237840563800706	101.83797792092213	195	19.233738079203405	13.074380165289256	146.69186785201887	11.255474452554745	
4211	0.84	179.150315645659	0.46060229627981775	131.00865303778502	195	20.958742918286866	12.707142857142857	187.8927217565729	11.6125	170	0.562	104.07792881191257	0.5284220190411315	80.83005687415051	195	20.124976388896282	13.548042704626335	111.11163894654062	11.552511415525114	
4213	0.626	116.79976117565715	0.4612912117117158	103.12156986126229	195	23.54885251804333	12.884984025559106	129.62318131824958	11.304812834224599	156	0.692	125.81818181818183	0.5011773279518086	112.02274149168227	195	21.0002137724388	13.265895953757225	137.52335149106906	11.525974025974026	
4214	0.722	136.3756563785778	0.5412804224092311	99.08419355430712	195	19.560862049400555	13.504155124653739	136.61904920336866	11.417266187050359	280	0.706	139.76876781790392	0.49952741323554484	107.61291785592559	195	18.3669454729055	13.206798866855523	162.9497582516127	11.34013605442177	
4215	0.926	201.82206529801192	0.520979281697425	176.79260267815658	195	22.4122227586125	12.993520518358531	253.4515232550084	11.405405405405405	171	0.672	139.09587680036046	0.504904790684728	95.92686187749625	195	19.071941845722545	13.068452380952381	161.87653134312566	11.231707317073171	
4218	0.828	168.56677524491494	0.4700141947424552	138.183444943825	195	23.47790731997063	12.678743961352657	216.26007839226355	11.116279069767442	7	0.634	121.95591120678473	0.5359705239297925	92.86155946150711	195	21.579883432911146	13.280757097791797	133.24512176810467	11.098360655737705	
4237	0.826	151.98351365308707	0.5157421472796776	128.15980171841025	195	20.19269964490116	12.91041162227603	206.46965340635953	11.873563218390805	44	0.814	153.66608774444987	0.5110531607189366	126.96160562426796	195	20.637345815063735	12.995085995085995	199.70113701383514	11.548387096774194	
4239	0.608	120.56315685095825	0.5047371407617149	107.96755438153112	195	22.891549123706877	12.953947368421053	154.98705468330445	11.25	167	0.508	99.64692036096226	0.49985545950112864	99.97215705516204	195	19.069946556452688	13.114173228346457	124.37019572310821	11.166666666666666	
4242	0.618	115.90397599410984	0.47451777366825915	101.64409164909854	195	24.14859096673742	12.896440129449838	147.55217033803254	11.261780104712042	161	0.646	121.75355271584667	0.4905650130540863	101.12917234925307	195	20.26927389628122	13.034055727554179	134.71303545217407	11.412429378531073	
4244	0.794	133.490248823045	0.4445458089349779	121.68739429965659	195	26.947625477002788	12.705289672544081	180.5525988808835	11.78640776699029	162	0.568	99.09281228211923	0.46321609728299945	94.0385257540856	195	23.048826892882683	12.964788732394366	93.02426084713551	11.86111111111111	
4247	0.93	169.44211638633732	0.4752286602286596	141.12280425394385	195	23.273575971034095	12.505376344086022	228.2543090426788	11.857142857142858	70	0.7	123.4045553907953	0.47327660434803276	125.49236830936405	195	21.760004993286106	12.694285714285714	161.09791774420884	11.913333333333334	
4257	0.962	195.05271695049956	0.43797899951746133	124.63988655884533	195	23.70643672530691	12.359667359667359	291.29994367109174	12.31578947368421	26	0.6	111.35444118597455	0.4694410447939866	100.50862875481242	195	20.957688219465453	13.033333333333333	130.6510882379076	11.255	
4259	0.858	150.27322404366436	0.46498521227542183	128.08113544245933	195	22.470291990628727	12.713286713286713	181.00110901225068	12.394366197183098	229	0.818	142.94701523766594	0.4557260587822934	117.49415060743664	195	24.422122512918875	12.63080684596577	198.02324003532644	11.923076923076923	
4261	0.774	142.89406638859293	0.4381673021207906	119.60091071222143	195	32.108792048333726	12.591731266149871	176.36431215222007	11.858407079646017	147	0.714	130.40143185896167	0.48848905872509385	120.37548163385455	195	20.33918241623122	13.028011204481793	137.14130723213395	11.48951048951049	
4266	0.832	141.7183348094637	0.46490192499807975	125.09269019369538	195	22.96363533341429	12.694711538461538	149.95921969896918	12.261904761904763	113	0.84	155.15330624252638	0.49246320789388026	122.14389105906477	195	20.476524570269966	12.573809523809524	181.70099329510188	11.4875	
4276	0.886	162.16414085985622	0.48345894135961853	119.45006171183499	195	22.98274499595993	12.697516930022573	177.8801870672131	12.070175438596491	111	0.606	107.64530339660791	0.4885530860778386	112.33481409739147	195	21.616513264262167	12.772277227722773	122.01975052120079	11.588832487309645	
4286	0.912	153.3236945627142	0.4550079063236959	120.74698450585188	195	24.02161909917501	12.662280701754385	152.78294421166888	12.25	112	0.822	140.9030134733698	0.4465279955243464	111.40296015252237	195	22.90733920114338	12.523114355231144	159.94320575294066	12.247191011235955	
4291	0.866	155.30846484932846	0.3698734675639996	113.57614515919276	195	24.88643331159436	11.893764434180138	238.24498290923248	11.955223880597014	196	0.994	177.51901989570032	0.37996614384944416	119.4312068548996	195	25.866178015073118	11.796780684104627	337.5523369669036	11.666666666666666	
4293	0.982	176.98158093904345	0.42533685298900403	131.4500649303366	195	25.923249922602583	12.236252545824847	228.48761928436824	11.777777777777779	247	0.978	172.36517448011287	0.41646430710848	128.5079012692756	195	23.603337369177474	12.167689161554192	239.19364812078516	12	
4296	1	196.14765995924262	0.4174154845154852	132.41037144709915	195	26.00622583146019	11.642	320.3201949740526		20	0.982	180.3224503281756	0.40422796540413797	133.1201509025449	195	24.661543360501465	11.773930753564155	284.2616894668035	11.222222222222221	
4375	1	181.8578598966647	0.4491565434565429	113.22215449305321	195	37.97557847426012	12.248	432.9808991091044		5	1	159.7188947452721	0.42580388010682174	114.33251591894604	195	28.78786760278947	12.398	328.90804086032233		
4687	1	179.76558567581765	0.40967762237762206	147.31547196250182	195	35.04699458536253	12.18	395.8001309358715		22	0.958	146.04103783677235	0.4272599476367489	106.41430314059991	195	30.178495954002983	12.488517745302714	266.51547688402155	12.142857142857142	
4843	0.998	178.8594573280017	0.4421402828967953	131.6643586201322	195	29.785462440363922	12.404809619238478	348.49511098973375	11	30	0.978	153.6865924945421	0.45645769383589707	90.29240316833737	195	28.58356878429381	12.646216768916155	243.60270676490296	11.909090909090908	
4882	1	166.14607562994942	0.39028837828837804	150.4788084531651	195	35.650226025927225	12.174	402.43698860264436		115	0.998	153.69452058997453	0.4664689916355013	93.17663726434273	195	28.012395850088023	12.7875751503006	237.0852309612529	11	
4901	0.996	160.3761432433112	0.3969408770613596	145.90393873983174	195	27.924515467511288	12.15863453815261	424.68129680427074	13.5	221	0.99	159.3997552650031	0.4504452995760809	102.03314544087903	195	26.863711716709222	12.626262626262626	268.9476256142595	12.2	
4921	0.98	157.18226727386832	0.4109129306068081	130.69539082557822	195	29.49669241472812	12.23469387755102	362.7516264906198	11.7	46	0.994	158.40132585406906	0.4101905472126795	143.3033331835501	195	27.92041551163979	12.241448692152918	392.72792110519356	11	
4960	0.988	158.27245931008122	0.4181246722238618	130.31904284021428	195	28.15775743019238	12.425101214574898	328.96669424610394	11.666666666666666	150	0.998	161.28510940923	0.456744246787569	100.12613392982102	195	28.700510079526705	12.607214428857715	256.0979947219323	11	
4980	0.994	166.963415863246	0.40025665146389566	129.79664704820308	195	27.82253139283615	12.235412474849095	354.2649989027033	11.333333333333334	195	0.992	157.0166830228304	0.4575310792481589	109.56631862374994	195	26.342239547825905	12.63508064516129	265.97477139956374	11.5	
4990	0.992	151.70515369346293	0.4149811797745273	120.48820992444621	195	29.108583804094653	12.356854838709678	358.0496023147574	11	286	0.998	159.6851099230226	0.4130707635717653	132.3562135361435	195	27.35554800480393	12.30060120240481	373.5531048938885	11	
5000	0.966	153.36254524696764	0.41521060892178896	128.1041110316162	195	27.826859110200502	12.391304347826088	320.60634902485594	11.764705882352942	2	0.988	154.72797318885057	0.4305602460966838	99.6166956806318	195	29.824452021520337	12.425101214574898	306.76660612085414	11.5	
5009	0.994	165.43505758627956	0.42835663665643564	127.66735615576886	195	27.176985818383088	12.38430583501006	335.3080123440692	12	276	1	159.44894444854182	0.42733050838050834	112.95322080118575	195	28.71760692992989	12.366	304.7377158143504		
5019	0.998	164.71364911757934	0.3857378092849036	145.74788542485803	195	36.186308397941815	12.152304609218437	436.27207127992097	11	119	0.998	157.60715075319533	0.4406224815042447	108.62479920822224	195	28.489220102970275	12.490981963927856	305.45973768205164	13	
5039	1	166.20130301787995	0.3917912087912094	145.04012627495666	195	29.015075245067408	12.164	414.39134244817694		93	0.992	156.84786389671345	0.43081469546424483	116.10968325164906	195	28.567871897685542	12.401209677419354	323.91100743352973	11.75	
5078	0.992	160.06195946781804	0.40889483500370605	139.13437088418112	195	29.066479101821596	12.358870967741936	347.3908951210357	11.5	53	0.992	156.5162511836146	0.41279221450592457	133.7716809473811	195	28.942200051830426	12.264112903225806	365.150053999548	11.5	
5156	0.992	170.3940362085814	0.39421672867771146	129.92975445439802	195	27.094605771430462	12.147177419354838	368.49434936004343	11.5	36	0.994	155.74566763829577	0.4092324258571744	135.90613249032464	195	28.412570389969865	12.30784708249497	336.1034789484302	11.333333333333334	
5195	0.996	164.87336533693468	0.4009158762923831	133.62150211239083	195	28.56079513143943	12.228915662650602	375.55503821754843	11.5	263	0.992	158.67430180113328	0.43557305347509395	102.38184917034279	195	27.748038223807423	12.504032258064516	271.9529568870956	11	
5234	1	170.88759014308687	0.3984226440226446	138.77690651405186	195	27.1578780903992	12.186	426.0534367595633		176	0.998	157.3685704375354	0.42605807587830496	125.60512427136959	195	28.424266104654876	12.3687374749499	355.5362385246096	11	
5312	0.998	170.13877050019968	0.3913565726190979	151.1930644698788	195	31.933275619905487	12.138276553106213	441.5026533993707	11	23	0.992	157.40035542052024	0.45461664511563743	103.7443440734445	195	27.911679960749584	12.554435483870968	303.7658625603729	11.75	
5468	1	166.77785190169496	0.4050792540792546	133.7784828909794	195	29.00738088005744	12.246	411.29394332408964		259	1	160.9891171361982	0.4127311355311358	131.46418148042216	195	28.854517381023935	12.288	367.40690825744053		
5625	1	170.0795972510867	0.38761578421578474	148.41923130174754	195	28.865109929133382	12.134	421.839979096784		17	0.996	158.96322778385183	0.4157531558133971	138.29152453403483	195	29.044929050461313	12.313253012048193	400.8000376601193	11.5	
5703	1	164.15509373270157	0.3985761488511496	126.75679699202213	195	28.593324559229853	12.222	401.8289063607619		260	1	168.662506324738	0.4342234099234097	126.07043062877183	195	26.90557131156602	12.416	380.25320977585983		
5781	0.996	166.78947015903495	0.401460387002556	139.43586430923654	195	34.81161812310746	12.156626506024097	455.70192466380485	11.5	132	0.996	158.77570540446644	0.40986060557286674	136.47936893830067	195	27.547747016836762	12.325301204819278	360.1461768943252	11.5	
5937	0.994	158.89762772545498	0.4022604910180359	147.4446428740897	195	29.426438392454617	12.245472837022133	381.0620139269419	11.666666666666666	131	0.996	166.862120957959	0.4225034881978448	125.51944437053983	195	26.63143717570612	12.325301204819278	309.66943199978084	12	
5976	0.986	158.98610080919053	0.3994661187358955	140.78092996386164	195	35.371319383134406	12.188640973630832	376.67670741123806	11.571428571428571	178	1	164.12815126015798	0.4055486067853717	134.08324526865437	195	27.94728617649583	12.194	367.47454961537386		
5995	1	168.34450018484375	0.38424292374292457	143.14815125354878	195	44.41729925829376	12.116	467.4640156674642		181	0.994	162.25922298429862	0.4116591574086541	131.36918948262	195	28.281382805121943	12.285714285714286	378.3320952859767	11.333333333333334	
6005	0.994	159.82249091547692	0.39812246774017385	151.0746359174842	195	32.07698636692996	12.191146881287727	408.7538431924313	11	182	1	160.1999295118231	0.42238550616050663	118.93105442001112	195	25.82585517782998	12.368	363.4852059922752		
6010	0.998	165.85236148470844	0.40013236596402973	146.99752513307914	195	29.2751031266076	12.130260521042084	410.52287171877254	10	184	0.99	159.8320955759076	0.41724994158149203	131.2410772010509	195	27.11371175622784	12.298989898989898	350.92730707280384	11.2	
6015	0.898	142.13358657804673	0.3937343651152121	135.4618146456633	195	28.683713342216706	12.43207126948775	266.0701378843337	11.862745098039216	177	0.996	149.9458027222988	0.42784104282598256	123.56409474850656	195	27.115564871979615	12.409638554216867	347.8171193079866	11	
6019	1	166.27315353648964	0.404146153846154	152.16614452947272	195	27.36822338702962	12.272	415.6980813442554		193	0.992	144.974132639559	0.4191237344907887	126.73414736922658	195	28.16736708133713	12.362903225806452	324.03196968985475	11.25	
6024	0.998	172.52705459282475	0.4222563675469488	133.36565428629493	195	33.84199873755274	12.248496993987976	366.3753151631156	11	183	0.996	152.368131195653	0.42998074450944784	125.90301665508112	195	27.401455916810924	12.373493975903614	339.282253070697	11	
6034	0.998	158.63428280755647	0.4027189327039033	129.06772795900227	195	33.20544811744466	12.246492985971944	389.88868849857397	11	180	0.998	160.72406351679913	0.4562881757521037	127.72074108282419	195	28.024387010849956	12.545090180360722	310.9243083556964	11	
6054	1	163.97743670424867	0.42922587412587454	123.40783365398751	195	26.722617792233812	12.356	370.70396989120314		179	0.982	155.8136582892535	0.40955545642409086	135.63155092192085	195	27.919679726413523	12.386965376782078	343.36203045268434	11	
6093	0.988	157.02479338876097	0.4003904327790973	144.718350680676	195	33.1369559512529	12.259109311740891	354.3914556911666	11	133	0.97	154.11013313834914	0.4306340995773985	116.10118359455531	195	26.74037118527411	12.381443298969073	324.7886285488079	11.466666666666667	
6171	0.994	158.1241449523781	0.39113522292596786	155.76048542421947	195	29.51586984313265	12.146881287726359	397.02746803506847	12.666666666666666	134	0.998	151.35889347261636	0.4271509413543493	115.14056521321817	195	26.654008585004952	12.404809619238478	304.2639239286774	11	
6250	0.998	155.87417611592227	0.4130483411044536	149.62767184066632	195	25.98573542303973	12.342685370741483	371.0618567111408	11	12	0.994	144.76712009515364	0.43047692303225527	118.39871334282293	195	26.625453404879366	12.492957746478874	297.3646638560189	12.333333333333334	
6562	0.998	147.3628255858502	0.4144563852980691	143.2866958590733	195	27.865865922958637	12.302605210420841	330.66280519608017	13	80	0.99	145.7125195018442	0.4217832420105151	134.82137576470225	195	27.824702132095585	12.32929292929293	346.303939364261	11.2	
6601	0.99	142.7129883233726	0.4044522705128773	122.7997426277145	195	29.761206291264585	12.27878787878788	358.970406784024	11.2	138	0.97	153.64632832785261	0.40882711789928283	137.20913095823178	195	29.0044484081211	12.274226804123712	352.1900854394763	11.933333333333334	
6620	0.996	150.7628965853655	0.41044119771086474	128.96030832470404	195	28.239853939142577	12.269076305220883	347.4821831815707	11.5	267	0.988	152.89857315254406	0.4215957689805628	135.1880492382087	195	27.8770586300798	12.414979757085021	309.16416709393764	11.333333333333334	
6640	0.974	137.1367425095086	0.40843639591072867	137.30696536661483	195	29.725282696507588	12.375770020533881	338.2237960953065	12.384615384615385	137	0.998	146.73449583916428	0.4282418601085347	123.24673078991142	195	27.93872548719639	12.424849699398798	317.4443689181847	11	
6679	0.984	143.77556984194808	0.40676174813549243	137.1172123005349	195	31.007521004023875	12.288617886178862	396.9750917211006	11.75	142	0.998	147.11518617874086	0.4212034625361284	131.05949641891962	195	27.058214642790826	12.376753507014028	358.75645685419573	11	
6718	0.99	149.05149051507235	0.4059451323087692	139.9564897492132	195	29.828102169820937	12.27878787878788	377.98175002477615	11.6	82	0.986	143.77788795244754	0.43633530656857267	121.5090683381001	195	27.672318544389533	12.460446247464503	298.9693708065475	11.142857142857142	
6796	0.988	153.35899664721444	0.40681171898277213	133.22214841057718	195	32.37909211181448	12.271255060728745	371.17567162859916	11.5	97	0.996	148.60791978753866	0.4537515608653102	104.38796645880004	195	25.921632644668076	12.532128514056225	261.3439401679361	13.5	
6835	0.986	142.02581239917222	0.40992810997881957	135.81107969363393	195	30.279071632056365	12.320486815415821	337.09146191248385	11.285714285714286	213	0.998	147.8781412991674	0.4305450144377997	128.44265544320638	195	26.731908841474244	12.382765531062125	357.28742405603754	11	
6875	0.978	144.19674451529207	0.41050499432401316	128.1547304210328	195	28.088365960193922	12.392638036809815	315.84889530962084	11.545454545454545	79	1	145.9939266523118	0.43558561438561416	129.44867865629672	195	27.365965088297102	12.454	354.1399682150583		
6953	0.974	160.84816857648835	0.40267190031050526	134.26660556707745	195	27.413834361170565	12.277207392197125	347.0567867472767	11.615384615384615	185	0.976	140.0246764796619	0.42640662485617903	122.28996575456065	195	26.9253887812356	12.452868852459016	302.88076259880216	11.916666666666666	
6972	0.992	142.65581408690244	0.41051634560885075	138.67622629263212	195	28.051155936487618	12.318548387096774	344.29339196412695	11.25	216	0.996	142.15980131875253	0.4198222878192761	130.38572252501862	195	27.264034721925743	12.377510040160642	359.3643836045375	11.5	
6982	0.998	146.23996248728224	0.4106969895910005	125.95711240819992	195	29.34304322362485	12.286573146292586	355.6309555780991	11	217	0.984	135.68670711513914	0.42928543340128666	134.61102666439567	195	29.367382856553444	12.394308943089431	365.31637096194316	11.25	
6992	0.952	135.45431262626443	0.4129850366720114	137.93231901436073	195	29.861970405957685	12.329831932773109	287.4177095166539	11.708333333333334	214	0.992	140.2635597533171	0.42077381327559243	117.03446874899052	195	27.828642164276545	12.340725806451612	325.86244306320793	11.5	
7001	0.994	143.03393098659572	0.41495590800094306	116.29135145478432	195	27.55681707014293	12.32394366197183	345.59442083457816	11.333333333333334	218	0.994	140.07891770029659	0.43224922451645065	114.64925872018638	195	27.867692443976676	12.486921529175051	283.2358167932523	12.333333333333334	
7011	0.994	159.7762489551867	0.40199126828905496	143.06543516856075	195	28.764926938315707	12.225352112676056	367.15738121419594	11	215	0.994	140.16978311748883	0.4388118312428891	115.88624338350479	195	27.583155556237333	12.525150905432596	289.6784072825563	11	
7031	0.984	145.05999941000854	0.4100011692237308	140.36966352719483	195	28.77681343949416	12.335365853658537	352.2360782041176	11.5	83	0.996	141.30064691883354	0.43629517777285276	121.73906476475534	195	28.373502945708516	12.465863453815262	333.11264568284054	11.5	
7109	0.98	137.5863424493682	0.4069312320332732	143.8264817658818	195	28.34558706682481	12.406122448979591	330.870411434989	11.6	139	0.99	139.51521984235688	0.45018051813506343	108.22209314557811	195	27.124807070592787	12.531313131313132	297.4040680246235	11	
7128	0.99	139.41305694803094	0.41936922033014556	124.46864089258037	195	26.810287685940814	12.361616161616162	320.8378473670149	11.2	299	0.652	66.8882596741596	0.3967293953490277	117.96779842472422	195	37.813484705259135	13.150306748466258	141.86120169864773	11.988505747126437	
7148	0.994	147.9254717546637	0.4036607925943949	140.10323266901065	195	30.271568561803722	12.241448692152918	346.5188024720962	11.333333333333334	189	0.992	140.07738145640076	0.43808416605795664	115.96151542060285	195	28.22062858895784	12.40524193548387	316.0277997188631	11.25	
7187	0.992	141.64144154442207	0.4057572803540546	139.02079220667042	195	35.303986002820494	12.256048387096774	388.0005577729135	11.5	81	0.992	139.68683113675334	0.45045072995737123	107.38336565375661	195	27.551390157680242	12.633064516129032	263.9661370977913	11.75	
7226	0.996	139.5036136479217	0.4060615422061212	139.39856253569278	195	28.061044598416377	12.216867469879517	354.9728892411111	11	219	0.994	137.95975017316962	0.4556001040555428	114.44968571258244	195	29.658990121287232	12.599597585513079	277.45809082764	11	
7265	0.982	140.1575702212528	0.41105649821206364	129.16787874355663	195	29.966423687294363	12.356415478615071	336.0439406689395	11.88888888888889	129	0.994	142.53757026505463	0.4366340567547817	114.39153643016172	195	26.89417723682698	12.45271629778672	322.35217798996433	12.333333333333334	
7343	0.982	142.54194971829477	0.4060270347439396	133.3653172175634	195	28.35021090943914	12.262729124236252	359.66412185293115	11.222222222222221	126	1	141.4667270256395	0.4451811227987702	105.78842758465383	195	26.541631494054858	12.566	255.81422332980515		
7421	0.976	141.00785945443104	0.40600648213353163	125.913087783489	195	29.73670878755166	12.354508196721312	329.3789107890573	11.333333333333334	127	0.988	136.1406603098976	0.42656209690920394	118.86894252496629	195	28.32792853831601	12.441295546558704	313.0843904879611	11.166666666666666	
7460	0.978	137.92130870144675	0.4068400062986858	142.5996955436142	195	31.07355629397817	12.341513292433538	310.60841110423104	11.818181818181818	128	0.988	134.7885402458059	0.44413841893598943	108.94140665958324	195	29.01198429317181	12.483805668016194	328.33055760205275	13	
7480	0.982	139.05015434254688	0.4072741243820677	131.7666248488085	195	30.153967175237128	12.307535641547862	373.6040230526585	11.777777777777779	237	0.962	134.74144209769142	0.4429617618531645	102.69596683368094	195	28.61871352234955	12.559251559251559	265.2430729215803	12.157894736842104	
7500	0.996	150.84052703310292	0.4138295773837945	139.54498966292	195	27.482416197136402	12.345381526104418	347.0326396529786	11.5	11	0.972	129.53436925281056	0.419530049854124	124.00025485646096	195	28.242451873481247	12.423868312757202	311.29096061604497	11.5	
7578	0.994	155.6871221378799	0.43934850410172915	112.48926321364169	195	27.632985759055103	12.50503018108652	284.22001646721696	11.666666666666666	186	0.978	133.65768326700712	0.4313154391420362	117.68227233483158	195	28.1344068592813	12.476482617586912	284.5043721217601	11.818181818181818	
7656	0.99	138.22182508654248	0.41266174902538544	134.19317048504803	195	28.396355000481417	12.333333333333334	317.60220501126776	11.8	55	0.988	139.55196474464196	0.439146595319353	117.95734098553059	195	27.875608985500016	12.469635627530364	290.1055084582345	12	
7695	0.99	144.85119831503414	0.39991510173328443	132.28423832096712	195	29.55537560358935	12.264646464646464	338.5184049271698	12.4	188	0.998	141.66477401764402	0.4471653508580302	103.93867770678652	195	28.051431924643754	12.595190380761522	276.0661181576296	11	
7734	0.976	141.3837061072992	0.41691106878094547	133.7873797486009	195	26.292041218838975	12.254098360655737	360.20159621398415	12.583333333333334	187	0.99	140.25841550474706	0.45149381202411537	103.08748787947135	195	26.58936441813396	12.523232323232323	290.5112553626823	11	
7753	0.99	144.281217208734	0.41007468121104534	132.46197182905993	195	29.290920272711833	12.319191919191919	355.1853561468644	11.4	265	0.944	122.19432003527629	0.42118836319048186	126.55038335983909	195	29.40894586219085	12.442796610169491	283.79323921621324	11.857142857142858	
7773	0.998	145.7104479355907	0.407574990140121	131.72682245216848	195	28.243898698648817	12.302605210420841	294.3260973011997	11	264	0.958	123.60014450106723	0.4159916371033282	118.77864844048644	195	29.811038943692907	12.478079331941546	265.28124042994864	11.80952380952381	
7812	0.984	141.80717682636563	0.40313914922953675	138.52291671625892	195	28.102034727149324	12.367886178861788	342.4735217977473	11.75	48	0.992	136.17768992094943	0.4349844305383354	120.81091057812563	195	29.470011808205555	12.455645161290322	319.2294328565943	11.5	
7968	0.986	139.8779968790084	0.4099984954193884	132.88814862487695	195	30.141074848699457	12.344827586206897	323.09450517582735	11.428571428571429	130	0.97	129.97454106946972	0.4214597743069541	122.0946282883362	195	29.513405036516193	12.484536082474227	300.9490976806094	11.466666666666667	
8125	0.988	144.01072792497726	0.4040108942836413	134.29681821863616	195	27.23653042029503	12.299595141700404	339.1514225204772	11.333333333333334	47	0.968	133.43993824275543	0.42905571377253415	121.09896472441721	195	28.663413487565155	12.415289256198347	310.2723356063226	11.8125	
8203	0.99	138.5700688653166	0.41416674234856066	122.35582378310663	195	29.545325146716	12.305050505050506	349.2479949311405	13.2	140	0.978	131.71362387548916	0.43873008766097915	120.35579597028948	195	28.574253555255282	12.554192229038854	285.3946372130364	12.181818181818182	
8281	0.996	144.2098861954656	0.4143786434449086	137.9110669481299	195	29.567228938478568	12.275100401606426	339.2899820813344	13	135	0.972	132.46838203229566	0.4416049057252762	116.89910553320355	195	27.583647241704774	12.555555555555555	273.97705820935306	11.428571428571429	
8300	0.98	141.2592250927468	0.41544129340047736	122.00056673259164	195	28.734101671739165	12.381632653061224	321.9655026740705	11.8	191	0.992	136.4661861000803	0.44071759202214617	122.84287513197926	195	28.52373953753343	12.46975806451613	325.5260673779268	11.5	
8320	0.972	136.50918487697913	0.41431179568434484	135.25541988124965	195	27.07283465421612	12.325102880658436	351.8509594822823	11.285714285714286	143	0.988	137.5929588052675	0.4333709178017349	114.24589015717117	195	27.24910534106302	12.45748987854251	299.46016928744353	11.666666666666666	
8359	0.98	132.76254470587463	0.4130951361563606	131.15123811478455	195	28.40250146192028	12.32857142857143	352.7409143631832	11.7	136	0.972	131.09624514494743	0.43650990944019286	119.84725969246401	195	28.907285994108562	12.440329218106996	306.3985899577907	11.785714285714286	
8437	0.984	140.47911372555387	0.402550498282206	145.62348742329146	195	28.97075205845006	12.266260162601625	397.02381467900733	12.125	84	0.974	127.3036204420435	0.42420728655328227	126.64317475205247	195	28.388626946084226	12.453798767967145	303.1163005742575	11.923076923076923	
8476	0.994	141.46646931567386	0.41563224669361454	138.49727003747077	195	28.09654182175815	12.37625754527163	320.59089799884543	11	190	0.972	130.71192275580117	0.42192646174127596	130.28208321755602	195	28.760113706247243	12.376543209876543	335.5083158524574	12.357142857142858	
8515	0.996	143.96808418404856	0.41603272898453586	133.9894636524419	195	28.912951632093442	12.367469879518072	345.91030401320023	12	87	0.964	130.55254604566022	0.4259753645386421	124.14624953730683	195	28.1804014259683	12.41286307053942	289.6704630958336	11.666666666666666	
8593	1	140.3666376577368	0.4154419247419247	133.99237525715566	195	28.96315618561127	12.362	385.93354709459		85	0.992	132.9616126956762	0.4196059652712879	131.0158938752483	195	29.318678336584878	12.338709677419354	314.52019476227366	11.5	
8632	0.992	139.30236477009737	0.40067452708581797	140.23942483843138	195	27.093567225857072	12.324596774193548	360.2747610884765	11	220	0.994	136.25771076055153	0.4256276252252105	139.0914896106874	195	26.94895191029419	12.406438631790744	328.03451928600384	11	
8671	0.99	139.31888544892098	0.4095944459580831	134.1638815128414	195	28.64904285754839	12.262626262626263	334.5547192201174	11.2	122	0.996	141.4330748908604	0.42988681872895235	129.8417230058619	195	26.974689869954794	12.385542168674698	323.5426814811727	11.5	
8750	0.992	149.04741871510663	0.40553945382574397	142.6233964580826	195	29.515723544899554	12.189516129032258	395.98080400425465	12.5	15	0.986	136.38752870203453	0.4237256235988484	134.83930974378947	195	27.440890546281537	12.279918864097363	330.8998444903695	11.714285714285714	
8828	0.996	157.49027544979086	0.40468794926626345	144.49147295378506	195	29.75553943499396	12.238955823293173	390.55963208732067	12.5	261	0.992	138.71409793881273	0.4304161554369091	123.15776163304129	195	27.09927081431333	12.397177419354838	340.52530558758457	11.25	
8906	0.996	140.06074924036028	0.4110928562735796	129.04886490341116	195	33.28601312502914	12.226907630522089	391.14778683154105	11.5	86	0.984	135.43645222554093	0.4279312151263371	126.16219220986498	195	27.4168136048284	12.414634146341463	314.60079717097636	11.625	
8984	0.998	147.46298649484132	0.39994417739908816	149.44830948026845	195	29.31623236339582	12.216432865731463	368.46031296469255	11	99	0.99	138.40733698727826	0.42628858218430415	119.30512743232248	195	27.090153448701393	12.402020202020202	319.8066915479369	11	
9003	0.992	139.35715891198473	0.42623204199342735	114.17020355835942	195	27.665546110565792	12.389112903225806	319.72736004014143	11.25	268	0.964	130.32310396111453	0.4277039818045432	130.94188012328675	195	27.107427864338508	12.441908713692946	301.9296405631394	12.055555555555555	
9023	0.982	135.0347900221521	0.41074443490431256	127.22606410088446	195	28.863963484396916	12.319755600814664	320.48474647494066	11.555555555555555	151	0.986	134.08398607481203	0.4337312788631244	127.95904705102646	195	27.285775705836507	12.474645030425963	321.28222085215776	11.857142857142858	
9062	0.984	136.94435939567774	0.41190342616095843	140.24028876088713	195	28.315310376478717	12.361788617886178	329.36536230379426	12	49	0.976	135.35628103086913	0.443083264774441	129.6300366815697	195	26.42230977671881	12.66188524590164	294.2325378961699	11.583333333333334	
9101	0.992	142.92300599331432	0.4034724348232418	146.50762905256815	195	29.28443466605638	12.231854838709678	411.6540793866511	11.25	266	0.984	136.4619737060934	0.4402757686615192	117.04757798591163	195	26.4036222529691	12.520325203252032	304.79536982939413	11.375	
9140	0.992	136.46994084467855	0.4235461717020064	125.14557667113013	195	26.20839293802988	12.441532258064516	318.3219467197699	11.25	141	0.998	141.3797988381945	0.41877651602984667	123.87096682553329	195	26.60070436844569	12.298597194388778	327.14126022070434	11	
9218	0.992	133.90205712460374	0.40989994548462305	136.4899680735638	195	28.041957625760105	12.256048387096774	388.0005577729135	11.75	50	0.958	125.77130103718449	0.4277446978908355	130.44239473651342	195	28.60826066969197	12.519832985386222	301.66163505052543	12.047619047619047	
9296	0.988	136.97490641917798	0.4094945877334546	130.5546937188554	195	28.916475515354243	12.295546558704453	328.33182435114884	12.5	123	0.946	121.06165698309124	0.40982438984553116	133.91024596366785	195	28.053488068760444	12.420718816067653	274.156830726264	11.703703703703704	
9335	1	146.02377267002785	0.4078599650349656	125.75768762484017	195	28.36352260412116	12.258	379.5501240549127		175	0.976	126.96430429829694	0.40695765982651255	134.0781758778214	195	29.820875799352212	12.399590163934427	324.1317313719601	11.166666666666666	
9375	1	149.12463837283892	0.4062885780885788	145.92193292047392	195	30.17846897269399	12.204	411.33000886026844		24	0.982	130.6198457034504	0.4232790630957641	130.4090840800904	195	28.190951638651946	12.468431771894094	298.02213887748024	11.88888888888889	
9687	1	145.17580790365167	0.41910729270729313	122.862136335498	195	28.381425736633176	12.336	339.0883979800945		25	0.98	125.84754468885991	0.41540104453369786	135.04934775169102	195	30.851080999012662	12.418367346938776	319.5057177127119	11.4	
9765	0.994	141.17312881698078	0.41087098485607176	132.7167728202175	195	27.8605893855637	12.32394366197183	340.19999356062425	11	262	0.948	119.28729615470158	0.40465194966777296	141.0918664930042	195	29.262051656616283	12.375527426160337	318.79341002088296	11.807692307692308	
9843	0.996	146.1868138318843	0.39572762411617923	139.69617843754116	195	27.721908776693073	12.244979919678714	373.06273471715974	11	40	0.988	120.82670906205823	0.39899823523305306	144.61271254329952	195	31.02138041591216	12.261133603238866	352.94848461519587	11	
9882	0.994	140.72542968006562	0.4172240111189598	142.2686433927224	195	26.398323472505176	12.35010060362173	312.9723841300776	11	108	0.952	113.00776334833358	0.3943689363857434	145.3040946825956	195	32.20162370960731	12.352941176470589	307.2505004373084	11.791666666666666	
9901	0.98	133.63879343272328	0.40976346782469275	137.97322583277196	195	26.08864917435348	12.375510204081632	348.86424384734596	11.4	242	0.91	102.8155646948813	0.38900048669279463	144.96485465934026	195	32.41017111108329	12.45934065934066	269.3597502182498	11.688888888888888	
9921	0.976	128.17145558680613	0.4086421519054721	138.68548441776787	195	31.38053599086195	12.301229508196721	347.7800073164763	11.916666666666666	65	0.664	62.3017883614841	0.3871241208590607	122.41789300926325	195	35.989237281097125	12.855421686746988	159.12668130518037	11.886904761904763	
10000	0.978	134.7850055127916	0.41771411955461113	121.59546910503988	195	27.93560999460874	12.32719836400818	346.3648346416507	11.363636363636363	1	0.614	57.86120848880273	0.38537895329426297	124.09787217206315	195	39.06640459648082	13.257328990228013	141.4374323342981	12.005181347150259	