index	success_ratio (division)	success_rate (division)	mean_second_ratio (division)	second_ratio_SNR (division)	probe_index (division)	mean_time (division)	mean_total_iterations (division)	total_iterations_SNR (division)	mean_total_iterations_failing (division)	order_index (division)	success_ratio (sequential)	success_rate (sequential)	mean_second_ratio (sequential)	second_ratio_SNR (sequential)	probe_index (sequential)	mean_time (sequential)	mean_total_iterations (sequential)	total_iterations_SNR (sequential)	mean_total_iterations_failing (sequential)	order_index (sequential)
0	0	0			8				11.012	0	0	0			8				11.064	
2500	0	0			8				11	3	0	0			8				11	
3750	0	0			8				11	4	0	0			8				11.006	
3828	0	0			8				11	8	0	0			8				11	
3837	0	0			8				11	15	0	0			8				11.002	
3839	0	0			8				11	38	0	0			8				11	
3840	0	0			8				11	58	0	0			8				11	
3841	0.99	216.74402311891612	0.4221729112638213	134.588276349617	8	10.992516421394253	12.276767676767676	282.43694944693993	12.4	70	0.978	223.42029515249715	0.3939860071761926	124.60932154467267	8	11.55545840345854	12.116564417177914	308.0814464756836	12.090909090909092	
3842	0.982	214.2888316678801	0.43124780853905065	147.452858166175	8	8.688596063617952	12.384928716904277	318.849918188391	11.555555555555555	20	0.968	210.72796934898582	0.36135919865258775	121.62467788011939	8	24.71314793940775	12.101239669421487	276.7517983751292	11.25	
3847	0.986	226.7813606887568	0.39934278027584375	132.60849175089663	8	12.165976926191412	12.058823529411764	277.4420181903372	11.428571428571429	10	0.968	201.05512399853606	0.346156082209802	129.5345692159075	8	29.543332174938094	11.762396694214877	290.0419733210013	11.3125	
3867	0.984	220.0554611329801	0.4538295376710014	134.60919308235435	8	9.03398539817651	12.40650406504065	308.9755387499313	11.625	9	0.994	207.33386174944496	0.3904270528264502	107.81050403426993	8	21.427555993644045	12.108651911468813	305.6392503681213	11.666666666666666	
3886	0.998	222.52943275034477	0.4086821328304292	116.41441175071277	8	21.12546726145769	12.238476953907815	302.9928481002738	12	74	0.988	209.73973591513524	0.4189995901534358	157.67219429102053	8	11.393832546897046	12.356275303643725	361.92169866595384	11.333333333333334	
3896	0.986	202.15688686605355	0.43460388777325915	117.46086283986484	8	20.840609377449834	12.49290060851927	315.6311229597664	12.142857142857142	116	0.956	200.28492415883954	0.4737544041814287	158.01000694434654	8	10.336563788531887	12.968619246861925	257.1872552094031	11.181818181818182	
3901	0.98	201.07513644379262	0.4603055872698732	141.3586456801344	8	13.950614613616343	12.67142857142857	280.46588018320574	11	229	0.978	212.95126943461963	0.45175786361279024	138.0287434110089	8	11.203892445478425	12.658486707566462	288.6585239933481	11.545454545454545	
3906	0.936	185.1046157493178	0.5169883451557656	124.32942923943209	8	9.476454013429334	13.356837606837606	225.4623315855317	11.53125	7	0.942	204.21436004150786	0.4381001783071856	124.30633777954772	8	13.670682471762913	12.75583864118896	247.4667679382922	11.172413793103448	
3910	0.966	195.3567383919453	0.4836909381164042	123.44920308520472	8	10.095644217089472	12.89648033126294	240.36006265155072	12.235294117647058	259	0.972	203.8590604022167	0.46624178290844903	143.74446290871478	8	11.096553493291957	12.619341563786008	321.42347801243307	11.285714285714286	
3915	0.988	219.89761851687373	0.4039329091960682	131.05530739492227	8	25.292332292370226	12.261133603238866	362.9876342009517	11.833333333333334	121	0.992	208.49972676481585	0.42240475418398776	125.64516799148149	8	19.726026405976263	12.368951612903226	324.73520280733436	11.5	
3925	0.994	196.23326884382794	0.4393852709999595	105.30677894220476	8	22.545573046221442	12.480885311871228	301.32533255075083	11.333333333333334	75	0.99	199.64507542175227	0.449156533701988	112.28546413596223	8	15.718974565654252	12.539393939393939	268.3164494202238	11.2	
3945	0.982	199.48807540767874	0.494734865589663	135.2852651077922	8	9.901207849635934	12.983706720977597	270.32797520707436	12.444444444444445	54	0.976	200.85610800105917	0.4860829999918118	112.45418528952125	8	9.926511378701532	12.91188524590164	247.93729869191702	11.25	
3984	0.984	200.10574693920645	0.5295041815392195	139.67471283230964	8	11.002382701796524	13.095528455284553	251.3311529880971	12.125	28	0.95	197.4395211577633	0.45952553586764083	108.93855294507239	8	20.18706783300306	12.789473684210526	250.22542434371766	11.6	
4062	0.984	187.4857099302413	0.5494792803840503	104.03269056269662	8	11.085231701847915	13.50609756097561	215.72460070854058	12.125	6	0.972	196.69742593411914	0.46584689819983927	129.3293966061131	8	25.620128216652535	12.818930041152264	284.34765966189264	11.857142857142858	
4375	0.984	189.0126776793976	0.5507570024166054	94.74783680166925	8	10.421296752542645	13.560975609756097	191.32412828750387	12.25	5	0.998	195.44101519589776	0.5538775621146245	117.16049083311417	8	16.784038845724865	13.404809619238478	213.65559074609914	10	
4453	0.986	189.14978514395446	0.5717449569380473	102.13929480118688	8	10.97092167374743	13.778904665314402	190.91470068040755	11.428571428571429	108	1	188.45168098894814	0.610472680458518	139.81245239894787	8	10.141392642891121	13.946	203.14254445176024		
4492	0.982	181.42181495744143	0.6075112574268435	102.45325207187555	8	13.640041507491274	14.215885947046843	173.65061343705733	11.333333333333334	122	0.988	189.08367143891263	0.57947498044545	128.88396494261474	8	11.944974883221665	13.649797570850202	219.20579933406265	11.5	
4511	0.962	187.53167764842843	0.5568067619091671	90.07725046528958	8	8.889812848005638	13.48024948024948	176.23175826929517	10	150	0.948	183.92767063789725	0.583358896140082	142.0940755476056	8	9.768970774987903	13.848101265822784	209.3369959879543	11.307692307692308	
4521	0.99	200.3561887800081	0.5282381177612894	97.07359303066443	8	13.532482437291737	13.335353535353535	200.42551151196463	10	151	0.998	182.52981198320023	0.6165556718585379	131.1633575903088	8	10.633208570719809	14.086172344689379	201.3906066080907	10	
4531	1	200.16012810309763	0.47827464202464276	147.49082892728936	8	12.443251589946515	12.688	333.0756675696582		106	0.994	187.264506405779	0.6003502344656869	136.51469041208114	8	10.34869058686961	13.88128772635815	209.5078808650155	11.666666666666666	
4550	0.998	194.88381175610132	0.45431692555941	155.1474906662615	8	28.406478168207883	12.490981963927856	372.60622066443403	11	240	0.94	179.36877456813707	0.5827537928590235	132.83249079557476	8	12.213739902573087	13.942553191489361	203.60633504787384	12.266666666666667	
4560	0.98	179.08047657339105	0.614883731609264	111.1444880485476	8	16.168582327848046	14.224489795918368	180.24099232853447	11.8	242	0.986	193.74361392689642	0.4773319817437464	136.72146781307902	8	23.35902545862057	12.713995943204868	295.3126129915225	12	
4570	0.948	184.84576687608146	0.46048919434995406	138.757994551838	8	12.626849424707778	12.932489451476794	255.80329619431586	11.5	239	0.982	206.9285232638842	0.46879461339746514	135.07239904741692	8	14.669485250646538	12.753564154786151	286.0789875642172	11.444444444444445	
4579	0.986	200.58588981985653	0.4699345120535917	146.7425699148921	8	11.010239039866043	12.691683569979716	325.0058624309291	11.428571428571429	243	0.974	186.26888506434778	0.5881405179492923	128.80281979441287	8	10.573926019261318	13.646817248459959	196.32552222327067	12.307692307692308	
4589	0.984	184.87205501123148	0.4977079303209146	102.00596806523545	8	25.81556554939422	13.095528455284553	209.44090213262544	11.75	241	0.992	186.87363423975594	0.5944437432023096	108.54299053264916	8	13.548846921260736	13.959677419354838	182.5274385976365	12.5	
4609	0.994	201.79463234409727	0.47852026755743204	128.5899709389618	8	16.295239790941473	12.740442655935613	286.20107853279075	11	107	0.976	201.64456014189264	0.4699381977513008	140.39128879859985	8	13.121675245706264	12.813524590163935	294.8109856249962	11.5	
4648	0.99	202.36294509619097	0.45224786156604313	160.21511206093624	8	15.098987330568486	12.585858585858587	350.81255700689184	12.6	123	0.984	193.34302668301925	0.45245347470957265	142.90986786201577	8	19.29525808511969	12.607723577235772	307.49274816198675	11	
4667	0.988	192.24782067228833	0.5313263674287136	108.8220697902219	8	10.376430633600672	13.327935222672064	220.63718609056016	12.5	282	0.994	211.50736232773014	0.4583064236233253	143.67779276490305	8	13.629787222256486	12.557344064386317	322.66280048948926	12.333333333333334	
4687	0.98	187.2802323804433	0.5876047448265811	108.4080774411708	8	9.131741236841039	13.853061224489796	188.79670832912151	10.7	19	0.894	158.0510572093335	0.6656017108933356	153.29472870462195	8	11.500311245552828	15.089485458612975	182.59637989386016	12.622641509433961	
4706	0.978	192.7625354776399	0.47611952835247584	134.89858830391736	8	15.535429964578585	12.846625766871165	245.23763443172217	11.272727272727273	283	0.986	183.51014330840667	0.6354748013488974	145.4086261545876	8	10.479370082462603	14.338742393509127	207.272298461638	11.571428571428571	
4726	0.99	205.75276415387964	0.47508525144888825	162.2901445645781	8	20.483953022625784	12.727272727272727	330.36876294933603	11.8	124	0.992	193.22918695663378	0.5343550104550637	92.12200905816806	8	21.322158675337388	13.39516129032258	194.8031870235431	11.75	
4765	0.994	186.6176028840703	0.5383213506389878	94.0665140530817	8	10.560563884839926	13.35814889336016	193.35159766299077	11.666666666666666	44	0.95	186.10664890522	0.5112041393509532	101.94962703846356	8	11.937716314985478	13.498947368421053	207.73155483614406	11.36	
4784	0.988	201.11549892070883	0.4645348578546957	145.81455175321983	8	12.813122817120991	12.582995951417004	324.21476767576934	13.5	66	0.988	203.9552454472649	0.4751439939952089	142.39758420331526	8	24.954988260279496	12.676113360323887	318.8355288118531	11.666666666666666	
4794	0.988	192.54004754989037	0.4516290703686508	96.46835020568265	8	27.151118772070962	12.615384615384615	240.8294214924957	11	131	0.982	181.95967981067244	0.584160532731718	93.59708832923413	8	18.092232216531393	13.932790224032587	175.9938019560156	11.11111111111111	
4799	0.994	197.34752223627487	0.4562044511491194	152.21524069569315	8	23.316126342991236	12.625754527162979	309.1295004297964	11.333333333333334	228	0.978	172.05587417788445	0.6685018382477033	165.7157823372877	8	11.359645360298094	14.89161554192229	213.99264509039165	11.454545454545455	
4804	0.936	173.72582501216792	0.6084960792219962	98.13708700587786	8	9.5318670173396	14.014957264957266	171.70838326045194	10.25	55	0.984	179.89688836817868	0.622604387475452	123.85260204022121	8	12.639189663281751	14.282520325203253	194.07058087838612	11.75	
4813	0.978	189.28543779492165	0.4717576831524861	117.20856389023643	8	27.0712780610666	12.773006134969325	269.28371883690846	11.545454545454545	207	0.966	171.87388797906465	0.6712734022165691	159.6689478992565	8	11.465745572223863	14.96687370600414	211.49521269675932	12.294117647058824	
4823	0.996	192.82893208437406	0.5246140002607049	106.45653397974294	8	20.168477867478657	13.102409638554217	242.05002977784105	11.5	206	0.97	184.56503539067896	0.5773629583864648	91.16810420603645	8	11.055805585859325	13.915463917525773	158.503995130178	12.733333333333333	
4833	0.974	178.76151671978135	0.5890111684412104	112.38878358699696	8	11.022192433863985	14.04517453798768	198.45859239693186	11.923076923076923	208	0.996	211.2586433628734	0.4557777814554925	144.9211817824997	8	12.108760598054007	12.536144578313253	318.00939398953915	11	
4843	0.952	177.15583013878177	0.5604804636913185	106.30660822569489	8	13.964551495785392	13.663865546218487	194.26411496558492	12.583333333333334	43	0.992	191.60936413484862	0.46773717088440725	121.3540413674181	8	24.728697898125507	12.683467741935484	264.99883861031395	12	
4852	0.994	208.21114369607074	0.4342742302278927	141.51549500125526	8	27.910856884330517	12.448692152917506	334.39931145777933	11.666666666666666	143	0.93	176.0496725095519	0.5981922086960538	129.67348778783995	8	11.510567018679417	14.16989247311828	175.62074802205953	12.342857142857143	
4862	0.994	201.07618238503304	0.4673942841196364	154.78567907395248	8	11.887969267937846	12.66599597585513	346.5905860521637	12.666666666666666	117	0.982	197.36313208436584	0.4748180950274529	142.85811924007737	8	23.219959336879043	12.788187372708757	259.304019979954	11.444444444444445	
4882	0.982	194.28616650751525	0.531848791458531	121.69105637435824	8	13.227028374625789	13.217922606924644	244.85492666594251	11.11111111111111	62	0.99	201.10506215973507	0.4684189884189878	147.31737035322493	8	13.002625372280024	12.67070707070707	304.9432712140959	12	
4921	0.988	189.99269258797418	0.5281308030196394	98.51867486037253	8	10.235547686174927	13.342105263157896	192.03844351672407	11.166666666666666	61	0.972	199.1150442468721	0.4729787787658164	136.7358238137957	8	20.116108623692366	12.74074074074074	263.1657044840398	11.357142857142858	
4940	0.984	193.22153713217358	0.501631203229217	85.42569887473906	8	22.804149088895443	13.091463414634147	184.11470411773251	10.875	132	0.992	182.05843488431583	0.6578349826963351	147.92817103639265	8	10.29623320868125	14.63508064516129	198.72205243554407	10.75	
4950	0.99	186.7713089078315	0.5234984677631735	118.07141178421602	8	10.087049137430165	13.181818181818182	243.76075154824935	12.8	263	0.98	188.505039625118	0.5731413213321511	122.18870209585876	8	11.759351973302937	13.608163265306123	202.7904186140769	11.1	
4960	0.962	182.0866141730454	0.5292133259030136	91.8943955233626	8	16.979305869389425	13.544698544698544	192.11135705828895	12.105263157894736	77	0.982	188.96971096501915	0.561049191706204	103.16783135695937	8	15.853470007531316	13.525458248472505	199.4245506958749	11.88888888888889	
5000	0.968	189.37319039034293	0.5023944702151975	82.61361828634367	8	22.11676708632972	13.293388429752065	179.4404563246034	11.5	2	0.988	189.20678693173298	0.5683971643415305	108.37394249218562	8	15.158876707804229	13.773279352226721	187.8502326425806	11.333333333333334	
5019	0.988	182.32146152445446	0.5861337949092237	120.90809813302467	8	13.373597996698177	13.775303643724696	207.802389903275	11.166666666666666	245	0.968	176.86179931370984	0.6285240166588828	110.88761372259009	8	12.280050115106766	14.431818181818182	179.57570474069794	11.25	
5039	0.986	192.8719533663355	0.49412822281521235	111.17190105084336	8	12.496811261857017	13.058823529411764	233.47310770082845	11.571428571428571	244	0.974	192.58907739079498	0.45658864578269087	150.67052520659584	8	23.929549206014347	12.652977412731007	284.146469339098	11.76923076923077	
5058	0.988	177.65949795019577	0.61748085891914	128.45184874195238	8	12.384569578809705	14.12753036437247	208.7720235124074	12.833333333333334	252	0.978	201.32570299320938	0.47639829195224437	137.07665524380369	8	11.097837436794446	12.74437627811861	269.3739791423196	11.272727272727273	
5078	0.974	192.03470031490204	0.4589837352927701	147.3156367313936	8	17.64608200901294	12.605749486652977	314.98112610815264	11.384615384615385	69	0.94	182.29065663362869	0.4771995104394984	139.9391249245372	8	11.092982486432652	13.059574468085106	253.3798445128186	11.566666666666666	
5087	0.988	200.97640358025117	0.45681998401693524	147.17958586086465	8	16.748914939464434	12.62753036437247	306.90119633764493	11.833333333333334	222	0.982	200.39998367517552	0.4681403966027184	138.32484277185915	8	11.456286450622683	12.682281059063136	303.79387467048684	11.777777777777779	
5092	0.964	175.0499364441329	0.5567623949955209	95.04180062567922	8	10.97356535690202	13.651452282157676	176.15842167004783	11.055555555555555	271	0.988	203.66094986788033	0.4801326793988747	144.23972678611764	8	11.500311695794688	12.80161943319838	316.12997892068273	11.833333333333334	
5097	0.946	170.32155845985878	0.5738836471380693	97.76314390159871	8	9.677075450608267	13.80338266384778	179.9589539243935	10.88888888888889	152	0.996	203.53114271658816	0.4700220531102881	134.8575539469325	8	11.468611338297102	12.77710843373494	283.3512218810666	11.5	
5102	0.954	180.21081264828177	0.5219827005389348	105.03965310558463	8	9.817363931247874	13.419287211740041	229.87283711320012	11.608695652173912	260	0.984	200.31757664623626	0.4561151923956806	139.50297025976406	8	18.520943567549136	12.607723577235772	309.0214669784418	11	
5107	0.992	203.84678612531005	0.4727276126654584	130.7371537969976	8	13.714244714298136	12.76008064516129	263.5315726049893	10.75	153	0.998	209.461444821162	0.4619145050006772	143.7246084785954	8	11.183804590819797	12.474949899799599	370.98008328652503	11	
5117	0.992	192.5690103660218	0.4822508892317367	148.18830017395192	8	11.20957304591359	12.77016129032258	319.3524553346145	13.75	80	0.994	204.11515873278194	0.45572786634598644	149.83225478819404	8	11.992415224538291	12.517102615694165	357.1961753637328	12.666666666666666	
5136	0.99	197.84172661924813	0.46635626999263363	162.89007560470677	8	19.065423715331384	12.692929292929293	333.58112629831027	11	83	0.988	201.68204458254607	0.47251618152427927	134.48412070591402	8	10.711665090218263	12.661943319838057	331.5216437098965	12.833333333333334	
5146	0.97	187.43236976356496	0.575490736482566	88.29387004526518	8	10.082434459042961	13.649484536082474	160.11397120898636	10.466666666666667	148	0.966	204.54834201462467	0.47095060634976604	148.7086412115113	8	13.893490890512057	12.770186335403727	271.1027121316485	11.470588235294118	
5156	0.954	173.7704918035735	0.5211866127405883	99.47401600452707	8	10.414434792073214	13.542976939203355	197.9669016035285	11.26086956521739	36	0.98	191.19712814110957	0.44495283627936616	160.82713285871017	8	28.075255039877565	12.575510204081633	293.2602609597908	11.7	
5165	0.99	185.6157192135985	0.5236824982202132	116.64711006720347	8	10.989758626342482	13.27878787878788	223.7461399222853	11.4	146	0.984	204.75259061959648	0.4698726802250837	143.0797133268097	8	10.912919981326622	12.707317073170731	303.0591428833282	11.5	
5175	0.992	182.30602418459668	0.5223085720643588	100.48211766723956	8	20.896511661065254	13.27016129032258	213.14035585300874	11	127	0.98	199.70655363599747	0.4684861903644685	128.88118358959494	8	26.040737456666065	12.742857142857142	299.24784855126984	11.4	
5195	0.982	182.87459495647258	0.5482499438779027	102.68058312623492	8	11.111683677294472	13.382892057026476	191.38548321029916	10	56	0.996	195.54717870137034	0.4458962055347594	157.8484028614796	8	28.23058370029114	12.550200803212851	311.38827625089465	12.5	
5214	0.978	181.2655224818281	0.5692559924031564	108.00057232828959	8	16.003464533073355	13.775051124744376	198.2917851455667	11.272727272727273	219	0.998	207.0024060397421	0.45767796096394453	161.34838651869285	8	13.155137396631671	12.595190380761522	310.443407332469	11	
5234	0.996	181.69214491561647	0.5663479629356297	100.25187697180215	8	10.151548428570429	13.742971887550201	190.97861048641877	11.5	37	0.992	185.55235494370802	0.5848593381963286	99.73521087858778	8	16.695238617426384	13.923387096774194	184.52243815340643	11.75	
5312	0.998	193.7713575639652	0.5355444490346654	122.9825769276176	8	11.805433321804104	13.19438877755511	242.17937043338247	11	34	0.964	173.23174238090178	0.6163870653698738	129.72447251406786	8	11.76033434514345	14.230290456431534	189.29900415917032	12.166666666666666	
5321	0.956	175.53523557691352	0.5523253083576014	96.27330273135024	8	13.517652562725079	13.709205020920502	185.66000190074092	11.363636363636363	285	0.996	184.7181008894739	0.634447282396898	134.17069598990977	8	14.18316901303906	14.421686746987952	195.11682774259089	10	
5331	0.938	180.9553206269622	0.488212695605656	110.88778270166804	8	11.474254933105206	13.194029850746269	206.1313307985515	11.193548387096774	284	0.972	180.93819806394163	0.6087738340879701	106.88956850145935	8	11.792202769524184	14.335390946502057	178.3126543776961	12.357142857142858	
5336	0.97	185.77393036316772	0.5127318944872643	121.76562103867175	8	9.99189155996462	13.181443298969072	225.2745917515316	11.866666666666667	287	0.98	199.44643438620855	0.44862247446431097	153.94218757624586	8	23.4708070956865	12.504081632653062	345.8926400041238	11.4	
5341	0.998	205.05444832552584	0.4888641609897574	126.05420549002447	8	10.317310628985823	12.899799599198397	265.15325469880906	10	286	0.986	202.06574309309457	0.45137023220187494	140.905642935383	8	15.595018400057313	12.71602434077079	291.6235987508911	11.142857142857142	
5351	0.988	202.4507192334384	0.46032434165025277	144.98493181751553	8	11.063421959058473	12.649797570850202	324.9090848181856	11.166666666666666	125	0.986	202.50564797796568	0.4641360921026236	143.5376289456517	8	10.981439785427455	12.734279918864097	319.6436551865406	11.428571428571429	
5390	0.984	198.21924982926862	0.47641339013290285	148.72160546051703	8	15.212938334570982	12.711382113821138	327.5753600969553	11.125	71	0.986	197.17633883937233	0.4570122237465036	154.15959745148876	8	20.97585631211225	12.66734279918864	305.03621304045737	11.285714285714286	
5468	0.986	186.36827581068653	0.5402846051918363	101.0807069681512	8	10.678750729692421	13.505070993914808	200.22648041606524	10.571428571428571	35	0.988	189.54072823547693	0.4810384939344228	140.218021041843	8	11.06361619438179	12.767206477732794	307.0435108214185	11	
5546	0.99	182.07231397374937	0.5052667542729932	107.58556716291064	8	10.45746784083982	13.056565656565656	222.48908407335367	11.4	41	0.992	208.9652847988991	0.4578209257140704	149.72751874649614	8	12.237398009567448	12.5	356.0506151699698	11.5	
5585	0.988	183.27520961560614	0.5212489346599442	111.8356639069418	8	9.06751474315621	13.208502024291498	234.13347341700765	11.5	63	0.92	164.3091870267946	0.6730641962956209	156.78332955361014	8	10.214119721322277	14.902173913043478	194.1989176490755	12.175	
5605	0.986	186.9336063396654	0.466831241780532	140.5652741504013	8	26.792405199526176	12.718052738336715	308.3455130444376	12	120	0.976	183.10757570082976	0.4775635994249589	82.4007191887378	8	24.201686248254436	12.831967213114755	202.08914810676274	10.75	
5615	0.974	196.4026455875204	0.463902823733419	145.97470147109385	8	17.7485420750376	12.613963039014374	344.08617548877197	11.461538461538462	225	0.95	182.495773782551	0.5698476010528308	97.4701111048387	8	9.226569125038706	13.787368421052632	167.98288521942098	10.72	
5625	0.96	162.0034425732298	0.5546303159523939	85.8083894370075	8	10.4383863617762	13.641666666666667	170.7568086692471	10.45	16	0.98	152.30635335078608	0.5530078142952498	93.57758474762721	8	9.053538462919734	13.506122448979593	180.38860834566484	10.6	
5703	0.962	155.74911763738024	0.5611927239011067	126.26159022280972	8	9.258506665375863	13.748440748440748	222.13768227933122	11.421052631578947	168	0.914	153.08344220009957	0.4814689957392736	81.83132186547424	8	22.70285025365517	13.293216630196936	187.183443813053	11.162790697674419	
5742	0.968	166.73556566095934	0.538644518912474	96.67021270929362	8	11.856550769392536	13.326446280991735	187.82330982520503	10	171	0.984	180.82916789112804	0.5170660228766399	110.22490329354494	8	10.063478303490289	13.201219512195122	214.97832160461417	11.75	
5761	0.96	155.0888529893623	0.5679070144484712	103.79867631458892	8	10.267587943565145	13.8375	189.35095511049823	11.65	175	0.982	161.5131578942915	0.503724134851848	104.85232494700684	8	11.58278087261491	13.04887983706721	201.70826272279965	11.444444444444445	
5771	0.978	191.067870120133	0.5368630957336341	118.75526689378559	8	13.132192224975356	13.261758691206545	207.742004278948	11.272727272727273	226	0.994	168.32052020215707	0.5177487344785255	129.69951388647792	8	9.656150991278318	13.140845070422536	266.5036991466725	11.333333333333334	
5781	0.986	186.45990922842535	0.5283020907290082	114.34882489165072	8	10.187102332441793	13.371196754563895	224.9750178776048	11.571428571428571	166	0.984	201.84615384615384	0.5059086825951866	119.58393050750382	8	9.634356104555586	13.08130081300813	239.9104634814765	11.375	
5820	0.994	174.62492533671954	0.5171585294218146	146.2511093341865	8	11.836208368423282	13.064386317907445	301.49358496946365	11.333333333333334	169	0.96	194.74986813835295	0.4804307334822034	146.7496553501628	8	11.099666662366179	12.954166666666667	268.77247114029325	11.4	
5839	0.976	165.62022738893734	0.5526317467865862	103.69536197693884	8	10.483752124925763	13.336065573770492	218.08358031188806	10.666666666666666	170	0.976	162.20707994037036	0.5123847427656645	92.42750091859182	8	14.947119747557274	13.112704918032787	190.57670312535086	11.25	
5849	0.972	156.91592406098667	0.582272378087795	110.60865614509413	8	10.588349517423035	14.051440329218106	179.85752616224448	11.142857142857142	174	0.966	155.2056555273058	0.5679618896200145	107.54265626605977	8	10.210237593935956	13.881987577639752	194.2702563854276	11.411764705882353	
5859	0.938	162.45799993003234	0.5593332050069257	78.59620857028133	8	12.121166050050396	13.722814498933902	150.0480496728574	10.03225806451613	167	0.914	151.11434428940117	0.455085800521185	120.79251861230102	8	21.836701347027148	12.929978118161925	225.15250314563212	11.55813953488372	
5878	0.942	153.72564378764412	0.5961010293415977	87.8287548447713	8	10.285168351254717	13.976645435244162	157.4466645620148	10.310344827586206	173	0.994	166.63872590038721	0.5090402048267669	119.49476743045959	8	12.815094899045572	13.032193158953723	272.79106448378496	12.333333333333334	
5888	0.974	178.21202473693353	0.48786153955558587	138.75470665605397	8	12.143308783206184	12.963039014373717	274.8685505533084	11.615384615384615	227	0.99	198	0.5112702227513648	127.03336953679919	8	10.087712789420303	13.034343434343434	251.70341076152565	11.6	
5898	0.968	155.04372617539804	0.5837979832313202	100.30841145090967	8	8.95774595760831	13.795454545454545	167.80377453377662	10	172	0.984	154.90208425154424	0.5343099364211927	101.21301912052427	8	9.634141316677285	13.528455284552846	197.37453154353173	11.375	
5917	0.974	187.70476006890587	0.563222042716849	101.35308084741806	8	10.604242755410676	13.650924024640657	188.5049562784657	11	288	0.998	165.6376551814632	0.5078910926591585	123.26789091294482	8	9.704085398446312	12.997995991983968	269.00924846826916	11	
5937	0.958	152.9032464014842	0.6011911346296871	104.79009828722083	8	8.881404772121943	13.916492693110648	175.13612695551313	10.047619047619047	17	0.98	163.60601001694886	0.5000229742246565	125.42209804832105	8	11.647094380205727	13.104081632653061	271.8306606026798	11.3	
5956	0.972	161.64438235838628	0.5907515085356896	109.48838357360621	8	13.172090233690403	13.981481481481481	185.60146879267467	11.428571428571429	89	0.986	170.73001800791872	0.4378924574411386	130.14964724614043	8	22.84368880039075	12.50709939148073	369.57738535906117	11.142857142857142	
5966	0.996	163.27868852443436	0.5280520170552437	128.0355560357042	8	10.197708455108167	13.271084337349398	239.8203321399981	11	280	0.976	199.1430320349599	0.4152955992095329	171.64508569154822	8	28.742790760831546	12.438524590163935	360.62297116161784	11	
5976	0.992	185.55235494369995	0.4731777379206811	132.0089015476084	8	19.893306606861035	12.705645161290322	295.48893538417053	11	72	0.96	158.21220211559526	0.48081978820901017	69.96808221017002	8	24.92914328250661	13.066666666666666	151.62908782595179	10.65	
5985	0.968	154.27769985987578	0.547615227747813	92.54654710009095	8	10.138356739759505	13.632231404958677	171.4692368714556	10.5625	290	0.932	146.85028204100183	0.539298634831228	102.14830652457938	8	8.903981149572381	13.540772532188841	199.53846162334574	11.382352941176471	
5995	0.938	181.96632265008236	0.5480162889814372	88.01411799089831	8	10.50671817818185	13.520255863539445	161.92095571312726	10.225806451612904	289	0.954	150.92071125721833	0.5860548064325044	88.80540971214043	8	8.514859714601368	14.0041928721174	149.80743244591852	10.043478260869565	
6005	0.944	150.92891631723404	0.5771606096231731	90.38877904620345	8	8.541964727604629	13.794491525423728	159.89851452057513	10.75	291	0.928	147.8695943145966	0.5901431916188202	95.16776745775958	8	8.647994415232562	13.877155172413794	159.53511845930075	10.083333333333334	
6015	0.982	165.64893222240414	0.5425267590683147	103.96217984271155	8	11.075569278538259	13.556008146639511	194.59238517081533	11.333333333333334	48	0.962	155.91066740156438	0.5432201824259458	104.1553928431974	8	8.866349344301987	13.58004158004158	189.82544258061145	10.947368421052632	
6093	0.982	148.61674435459034	0.5982654637373819	107.38448624363656	8	8.895160266086519	14.012219959266803	168.6243800098934	10	21	0.944	154.4300484229154	0.5421241458125866	100.40014957748897	8	9.690438407890408	13.60593220338983	170.8629666831367	11.607142857142858	
6250	0.982	158.26967088940904	0.536317334824757	105.42642320423334	8	13.22158393731027	13.564154786150713	212.23366841035622	11.222222222222221	13	0.988	157.15967295537007	0.5628960236195981	109.78482535492294	8	8.693609847651137	13.589068825910932	217.86489415592692	11	
6289	0.99	160.41740934006623	0.5607028166487308	106.74550447664339	8	9.713016406436553	13.707070707070708	189.37251494581204	10.8	186	0.99	164.85163352917382	0.47876872085498556	99.67868304767855	8	19.569269487839808	12.751515151515152	234.6880235106403	11	
6308	0.978	162.79921430229984	0.5237246873766557	108.19236688136544	8	11.176222778899062	13.366053169734151	205.9061920379057	11.363636363636363	189	0.936	140.08201382879844	0.5621119032484327	93.78343350730714	8	11.672040884512	13.94017094017094	153.515034576562	11.15625	
6328	0.966	173.02525523870747	0.4925615112772575	120.36140378875973	8	13.714949087827629	13.105590062111801	248.22481694837742	11.235294117647058	177	0.972	158.49721162282557	0.53002982448454	105.26914368401341	8	12.682612523327455	13.364197530864198	211.5723534085171	11.428571428571429	
6337	0.992	169.43941516013263	0.4975687618832792	145.76057995534492	8	14.629786805208234	12.901209677419354	299.00426154947314	11.5	194	0.988	168.80809185366525	0.45634535753329625	143.95759960640942	8	18.72096285052371	12.635627530364372	315.26925772680903	11	
6342	0.946	164.73374429707243	0.6744143956120899	177.24796900750772	8	11.339695828234124	14.928118393234673	208.36191781303094	12.074074074074074	209	0.95	150.80801346185817	0.5664608113447939	89.20206311362354	8	9.963843783886016	13.669473684210526	165.15650210024933	10.56	
6347	0.93	152.57907861897442	0.5205697435251516	100.8823757879919	8	9.792942391057434	13.468817204301075	186.92431787686158	11.514285714285714	187	0.964	164.92164511022372	0.5222186798363357	112.87213877480605	8	11.783989282576014	13.190871369294605	210.2775635327092	11	
6352	0.982	169.86680505052297	0.45567722331978955	156.3763409899387	8	25.868747197787204	12.617107942973524	299.53170180053627	11.555555555555555	216	0.996	161.65157269497197	0.4455524144530169	101.43741648672226	8	25.27090877732819	12.620481927710843	271.1099372062756	11.5	
6357	0.986	163.09921593270246	0.5166471315543628	111.97621340150529	8	11.922736279291328	13.206896551724139	228.46484724913128	12.428571428571429	188	0.99	165.99597585493638	0.5089862008953848	110.54333685593511	8	11.375713823293731	13.143434343434343	222.0748853904037	12	
6367	0.992	163.2814300292572	0.5564396549186635	101.34311729896154	8	9.52254720627321	13.58266129032258	197.35437106498475	13.25	178	0.94	149.45306537802983	0.551873345769498	91.40373266120558	8	9.200124851532422	13.563829787234043	169.6784157156051	10.833333333333334	
6406	0.996	181.123840697956	0.48435399154747055	143.54981760453057	8	14.954082976989291	12.789156626506024	324.0008065779054	11	176	0.956	147.73148720485247	0.5720189738216667	88.84023460635615	8	8.878613179992387	13.803347280334728	155.55809368083197	10.272727272727273	
6425	0.99	175.93744446395027	0.4926753297207848	122.93690104396107	8	12.807949988839546	12.923232323232323	282.39204338747095	11.4	184	0.954	147.39964772436264	0.5691274895193049	97.87353425663402	8	10.919115155653571	13.723270440251572	170.63804111699736	11.08695652173913	
6435	0.994	172.34802510628873	0.5024818090669085	114.72095627797067	8	12.249439567227448	13.038229376257545	255.9745796783523	11.666666666666666	195	0.986	157.43254031599025	0.5000856936485141	154.35423620036937	8	9.942620567459915	12.914807302231237	316.7467927852334	12.142857142857142	
6445	0.956	171.22183615797562	0.49322310240966305	119.21015481634336	8	14.066319691039128	13.052301255230125	202.67035281343843	11.5	180	0.97	155.3789966039071	0.545422977683358	103.9213574192645	8	9.998070481721147	13.470103092783505	199.79236886696756	11.933333333333334	
6484	0.95	156.7139557907822	0.578311137064192	79.2216769471001	8	11.183874137449822	13.715789473684211	152.28239790961516	10.12	179	0.972	154.16825275948779	0.5448012376976944	122.61144806485656	8	8.623070920852815	13.47119341563786	207.53425650745095	12.142857142857142	
6493	0.986	166.5034280122625	0.5554684439961443	108.57100922906923	8	12.936703982908826	13.466531440162273	196.5161957981159	11.285714285714286	210	0.972	155.04370573574414	0.530419999238559	93.72057147347601	8	11.769121492519195	13.38477366255144	195.28205265897807	10.714285714285714	
6503	0.982	173.7253653185758	0.5138301921200589	104.72457890033861	8	12.077076999376466	13.085539714867616	224.13153432345413	10.444444444444445	183	0.954	148.63980555260937	0.5825359839678719	95.40302484037075	8	8.59156205193481	13.763102725366876	168.3554941522241	10.043478260869565	
6513	0.986	164.4978311643317	0.552336010463495	107.8269572067227	8	9.728500112310183	13.44421906693712	208.78305803038918	11	185	0.966	157.88957536538283	0.5480531851604187	102.56998059793577	8	11.605108205880319	13.459627329192546	190.48380392902857	10.294117647058824	
6518	0.992	173.48723329855386	0.47725371906319597	141.992459364651	8	11.41623205561294	12.84475806451613	285.7644412650542	11.5	190	0.964	159.07590759083243	0.43677914939516793	105.88426499582101	8	26.68608830071766	12.620331950207468	221.72977956624456	11.277777777777779	
6520	0.95	145.94279042593055	0.5603546835273242	102.11597201994543	8	8.748841480683875	13.732631578947368	179.22658696052727	11.08	272	0.952	153.9207760711862	0.5026001700556808	100.48514008382386	8	15.031511432369884	13.275210084033613	200.7187719781081	11.25	
6523	0.908	149.75590447278324	0.6055071246967152	78.2718482110367	8	8.899725024386195	14.081497797356828	139.0014913886541	10.26086956521739	181	0.982	160.75170246235777	0.5142774191983498	127.92525397622077	8	10.128030401368836	13.232179226069247	232.52435017172155	11	
6527	0.938	147.81430237298895	0.5944982617971887	116.90794855761531	8	10.6738313175542	13.965884861407249	166.69141096444352	11.806451612903226	193	0.994	162.0053458502228	0.5061458507176154	129.68835563638916	8	9.809175851329645	13.036217303822937	243.11775435150477	12	
6532	0.99	161.35867262120283	0.6170496731363143	127.22926754667236	8	15.651509471186975	14.163636363636364	202.679565703847	11.6	192	0.966	156.1590688655086	0.48010436886487273	98.21649227801005	8	20.75505666752766	12.935817805383023	207.4887545486363	11.117647058823529	
6537	0.978	154.43405760475895	0.5667692992343031	109.92155157659869	8	8.670619271581394	13.697341513292434	208.76150603473187	11.090909090909092	268	0.99	164.6816155433442	0.48361720325624	121.195859729413	8	11.07464078789964	12.83838383838384	294.72274280523806	11.4	
6542	0.946	151.46178231761476	0.5910948369392419	99.11112843260307	8	8.758923828025864	13.9830866807611	171.56711326025416	10.592592592592593	182	0.99	159.5590368437016	0.5304988643324783	107.08871077880559	8	10.134590221550882	13.385858585858585	195.05464066479348	11.8	
6552	0.97	166.9937678609153	0.4945781871251863	124.16491226066111	8	17.22306294271531	13.030927835051546	274.33636548452847	11.266666666666667	191	0.992	164.11342355177425	0.5201843127750382	131.94867601717368	8	10.510033989765068	13.149193548387096	270.9764730338106	12	
6562	0.984	151.33804983064243	0.5805928745809722	110.93517838489561	8	9.675620963974412	13.896341463414634	206.88296268075567	11	24	0.988	159.53495882450324	0.47771509024039344	153.32881695426215	8	9.893712518832919	12.763157894736842	311.0210431010933	11.5	
6566	0.988	160.76019395363576	0.5209666304495418	108.41364229840119	8	12.017787734031016	13.180161943319838	232.51539711813575	11.833333333333334	295	0.958	157.7110496506824	0.49502146968836097	121.42076971201544	8	9.622997871028549	12.943632567849686	259.72247190533176	11.238095238095237	
6568	0.998	164.05299667940304	0.4287822540342288	117.19330898906115	8	27.904647428675112	12.41683366733467	285.44048998462773	11	297	0.976	157.01920911212585	0.5149456708913065	105.77842566135826	8	10.694403339814482	13.133196721311476	236.34280018179808	11.25	
6571	0.872	134.73007632666625	0.6034751830521309	79.53579692021286	8	9.29077484451971	14.506880733944953	145.65773398565253	10.515625	294	0.984	154.3577837738386	0.49079923370822276	130.4395206111909	8	9.82142701533322	12.985772357723578	262.7413036533246	11.625	
6573	0.924	149.95131450800454	0.5187939745592224	92.87396868333322	8	9.685943327111247	13.329004329004329	175.7780207224323	10.631578947368421	299	0.968	143.23764427342408	0.615903871927511	125.6612613332115	8	12.92550038209796	14.202479338842975	201.74504909429513	11.75	
6576	0.958	156.83321328014148	0.4913899332245404	104.50919562664073	8	11.370057162803217	12.903966597077245	212.61935099218562	10.714285714285714	296	0.986	156.35902315226446	0.49610745840799403	89.51199685790255	8	18.88282303942618	13.178498985801218	191.67373357385998	11.571428571428571	
6581	0.938	145.39029078057422	0.6039999368329522	90.51619647045571	8	8.596190311636782	14.15138592750533	151.92850861167958	10.161290322580646	292	0.984	164.49348044163128	0.44370333821553337	125.09287331002415	8	21.87347180160723	12.544715447154472	266.04391161529503	11.5	
6591	0.944	147.41247384365425	0.5120915436308882	98.73368969860246	8	13.483269723096875	13.252118644067796	192.16771617500564	11.321428571428571	293	0.976	155.58247784234888	0.4826044110938062	105.11476830448647	8	17.703068665544254	13.05327868852459	216.69264860772134	11.083333333333334	
6596	0.966	152.21707478491177	0.5548240873945633	87.37745632042785	8	11.234909420098402	13.567287784679088	169.15426049088288	10.705882352941176	298	0.992	159.5932945074066	0.5666512246253114	122.8997083595952	8	12.385310406334792	13.48991935483871	203.00701135905172	11.5	
6601	0.994	164.09138932910471	0.506359938505755	101.54450934719644	8	23.30171687412383	13.219315895372233	199.78539636905083	11.333333333333334	197	0.98	145.92888200616443	0.6553954351865368	157.4258807960667	8	10.3217561040217	14.622448979591837	218.2720560890324	11.1	
6620	0.984	159.21814827992617	0.5768351458605264	114.33973836974324	8	11.383942617310197	13.717479674796747	198.11971075456609	11.75	198	0.976	152.7482158508777	0.5622212622878763	104.72545698804693	8	14.323054843283135	13.532786885245901	198.21734763679595	11.75	
6640	0.97	172.12620222169434	0.47892654848688865	130.35837331824794	8	24.587344470847704	12.82680412371134	277.2358166350707	11.066666666666666	196	0.99	149.9545592241707	0.5816901717133918	109.51301737005637	8	15.240541789379819	13.771717171717171	200.33736917174093	11.8	
6659	0.99	164.87908866816542	0.5445244444151464	111.72244816968036	8	11.415694264115329	13.424242424242424	198.25280197226664	11.2	200	0.986	152.98206417138442	0.6043222625669453	102.6420744703836	8	11.086660251279117	14.198782961460447	178.68198333843043	12.428571428571429	
6679	0.99	170.09724751678567	0.493754497301735	127.49270395864056	8	24.24965472607835	12.94141414141414	273.27226691676486	11.6	199	0.994	166.35426429279238	0.4533035710098088	140.99026909076431	8	13.081653242885189	12.603621730382294	341.5943841958582	11.333333333333334	
6718	0.98	161.40189070849883	0.5320003905044497	101.8981703306849	8	10.822918508977606	13.342857142857143	204.85806916354696	11.6	26	0.996	164.25343843784734	0.45878831775359	143.2774782869905	8	12.53507821888036	12.56425702811245	320.14591133621514	12.5	
6796	0.98	168.8898080172286	0.49877831982644966	94.8384063475654	8	11.672461201644094	13.151020408163266	202.46991597148156	12.3	39	0.986	162.89981496152527	0.5051050856758005	102.60443322502881	8	14.864089566455581	13.040567951318458	229.26006924239223	10.857142857142858	
6835	0.974	173.3589634057464	0.49678647488920513	123.11181429619032	8	18.30066118835125	12.969199178644764	237.12736253149401	12.461538461538462	68	0.986	142.00944809292304	0.6493391011608917	159.10852521386758	8	11.397057943596538	14.511156186612576	227.23071997847788	10.714285714285714	
6845	0.944	160.35876877060502	0.5486522801018452	93.36365617254442	8	10.988389038661735	13.536016949152541	173.81532638563326	10.428571428571429	138	0.996	158.4725536991901	0.5400926040580638	107.71406981011295	8	18.70024031320899	13.347389558232932	210.9483746739148	10.5	
6855	0.916	153.33110143989418	0.5605181628236668	78.73277037706818	8	12.631507953980357	13.910480349344978	151.4739667329569	10.595238095238095	137	0.956	139.41550487081736	0.6712799517994352	173.75893191202283	8	9.732524025939393	14.876569037656903	201.53931695489993	12.045454545454545	
6865	0.946	185.62122282360988	0.527429553908405	83.37450149448657	8	12.145290696080941	13.556025369978858	160.52567133172687	11.185185185185185	149	0.96	146.64996486485805	0.5745137932028413	110.35988400601798	8	14.26106064701314	13.84375	199.8205448110352	12.15	
6875	0.952	154.01041835179717	0.5541726850085333	107.91100950400761	8	8.74827851443064	13.466386554621849	213.16306039435105	11.166666666666666	22	0.99	146.97149643695303	0.6422835983549949	150.94388256856377	8	10.129882197343463	14.470707070707071	195.0410883493302	13	
6884	0.938	149.2252378373718	0.5751577421656372	65.83427967719197	8	19.94124321493143	14.091684434968018	134.58835210643198	10.129032258064516	161	0.98	164.9998316327369	0.5025379692336467	124.00541820166687	8	17.335287396290457	12.871428571428572	264.35186676362054	11.7	
6889	0.988	172.25147320354168	0.47816779205949267	136.5835844746835	8	12.220349990580651	12.84008097165992	280.7542012689382	11.333333333333334	233	0.978	147.88157377441834	0.5844897860873942	114.25441371727338	8	14.463437470427506	14.065439672801636	184.11129399302948	12.636363636363637	
6894	0.986	166.09952494871936	0.4644400318887254	141.57376490978436	8	24.57192602935337	12.63894523326572	299.27379329000524	11.142857142857142	87	0.976	159.35734578557825	0.4849993756243774	134.29031837757663	8	10.879111087466894	12.883196721311476	288.0757570083983	11.25	
6914	0.994	153.79854556664748	0.622592400627719	144.6208255947075	8	11.32946863888033	14.219315895372233	219.42713878740756	12	86	0.986	166.8641056020454	0.4790875057475108	129.32181217680906	8	12.036643366615603	12.782961460446247	280.2060240141698	11.142857142857142	
6933	0.992	174.91271996357176	0.45862178631336464	100.80548863021889	8	24.30216062090863	12.699596774193548	240.67255423846888	10.75	135	0.988	155.39966655137286	0.541092174891967	108.11661237610389	8	14.207393383608787	13.346153846153847	213.94474576390442	11.833333333333334	
6943	0.996	167.68805980247754	0.46479082395542276	141.18919064350908	8	14.059571668146345	12.640562248995984	315.43742940120904	12.5	264	0.968	157.32163172458831	0.4765191864627677	117.78819686466188	8	20.050777428026528	12.87190082644628	239.46454989442753	12.625	
6953	0.97	159.59722267928217	0.5525506132393868	89.31382760085098	8	11.68377683996468	13.672164948453608	172.65944700662442	10.733333333333333	49	0.964	155.926501034694	0.49194984394825814	109.19166591222097	8	10.513194208081636	13.174273858921161	227.27956546310992	11.555555555555555	
6972	0.968	159.10585141347676	0.5805744757538844	93.91134822464717	8	14.461260739519673	13.809917355371901	180.70408866554928	10.5625	253	0.98	148.08546646905683	0.6542031380703442	166.87023937023707	8	9.869366333128188	14.548979591836735	218.1767587819859	11.5	
6992	0.958	139.0057749793024	0.6790965125026673	183.8760498556404	8	11.053476161180773	14.903966597077245	219.27225445949793	11.619047619047619	246	0.984	152.27955058916248	0.5401355114411066	105.1523580674165	8	17.58183315290737	13.40650406504065	208.0871503785937	12.125	
7011	0.978	158.7456174527097	0.5017179923640642	120.77389192561296	8	15.355423662689251	13.044989775051125	246.8592490787309	12.090909090909092	247	0.986	155.24136410836127	0.5183777074486159	95.58219544592644	8	15.746192198996935	13.354969574036511	212.6344035662947	11.285714285714286	
7031	0.976	151.28030256059748	0.5765332133019632	104.14579685111168	8	10.22949429073036	13.788934426229508	203.6539852178042	11.25	25	1	165.59032952503665	0.5270053164156107	117.82375792684618	8	15.481471757543158	13.14	248.85914585089893		
7070	0.984	167.56351747176384	0.47484409639557584	88.29660288906919	8	24.070144688768174	12.91869918699187	196.05558331759858	12.125	59	0.996	161.0764304425583	0.5323539966087716	130.2728943058413	8	13.24326093927986	13.088353413654618	236.25150714906505	12	
7089	0.99	160.7142857141946	0.5484632851763914	114.76964126861705	8	14.154251936817097	13.418181818181818	217.30878499426888	11.2	76	0.994	148.4734420745016	0.613094865573359	116.75041712741677	8	13.898011833907587	14.046277665995976	207.62810855574432	12.333333333333334	
7099	0.994	170.71411397014523	0.48159256069215783	130.7547891073149	8	12.241873127488194	12.790744466800804	327.07436187094294	12.333333333333334	134	0.986	151.4127764130579	0.5988817356330186	119.72392489443003	8	13.144482802412075	13.959432048681542	183.74068396219462	12	
7104	0.996	156.86521561148413	0.6062903615367349	127.01468570984362	8	10.676110879160662	14.01004016064257	204.53303213213732	11.5	220	0.966	145.44250052670455	0.5976738401785997	116.19238376576325	8	13.497154138644794	14.008281573498964	185.704152333094	12.176470588235293	
7109	0.94	151.3248977754448	0.5706822976973994	85.20995185379209	8	8.5813432592039	13.88723404255319	159.80881146436633	11.233333333333333	50	0.996	159.16136661392508	0.5167093064956196	123.88687167385834	8	15.853782470640807	13.050200803212851	239.76937273050098	11	
7118	0.944	152.10105697355746	0.5232536538000072	95.09295023100492	8	11.214352165330869	13.478813559322035	182.52313212963156	11.214285714285714	136	0.98	151.67461152748473	0.5635953375864599	102.03138665627478	8	16.007101068762005	13.636734693877552	198.07942950427113	11.1	
7123	0.98	155.4321966687648	0.5152082912752168	106.93228216688772	8	12.205515312137983	13.024489795918367	242.86679047131932	10.8	269	0.984	151.04070731247697	0.5631028281598395	105.28934879931569	8	12.260158384071058	13.632113821138212	191.4413669173728	11.25	
7128	0.988	157.0797163662139	0.5881451830234286	108.26038903028238	8	15.946025133810137	13.902834008097166	205.4173509893771	12	73	0.984	167.1649904868653	0.46022461616973853	147.97265352821088	8	16.40266971123546	12.642276422764228	340.1403474734994	11	
7148	0.988	164.9580926297518	0.5398117932515994	126.82268967712106	8	10.984113631080252	13.242914979757085	228.43323999201695	11.666666666666666	51	0.994	169.3298354398794	0.46050023082216285	143.1306379191345	8	11.492473443837193	12.647887323943662	344.6167108502754	11	
7157	0.988	158.2217667030685	0.5303011556691938	109.73169774944543	8	10.74256333056066	13.29757085020243	220.83500805979708	12	256	0.996	162.33660397041606	0.46661643144633985	137.09344996168417	8	13.012424272170843	12.634538152610443	331.1881605494044	11	
7167	0.958	150.2697954571735	0.5527591662631763	104.27505205565005	8	10.16641085526637	13.701461377870563	186.87059763156947	11.476190476190476	254	0.994	170.97839548662085	0.46146254818286997	149.23871227159924	8	12.594755512828996	12.619718309859154	307.21397823107185	12.333333333333334	
7177	0.982	156.16054958287648	0.54439018549635	97.80556384646255	8	10.671826856373306	13.44602851323829	190.24910138015122	12.555555555555555	255	0.992	159.7577865810736	0.5124657992097509	114.27501196584669	8	14.02480666642332	12.993951612903226	238.2254110276459	11.75	
7187	1	156.93167194972446	0.5724553570612385	118.42545930507612	8	10.961067617941731	13.646	216.8164100734868		23	1	160.730358750423	0.5228073891794485	111.68134025889016	8	18.12602843249352	13.13	239.79262494126826		
7191	0.984	157.79851823355477	0.5304441752253799	129.98589682348756	8	10.612628851334918	13.33739837398374	230.38230544275663	12.125	275	0.982	152.583983343024	0.5877854901535783	99.44981216640096	8	12.65496640190581	13.867617107942973	176.25067456455403	11	
7193	0.976	151.10698250497182	0.5709325164436695	92.68217861819804	8	8.843447186253215	13.778688524590164	172.44865019214646	10.166666666666666	278	0.982	162.49131283728488	0.47616335533401627	141.99762291030558	8	11.6995623828356	12.839103869653767	270.65599237909856	11.11111111111111	
7196	0.898	134.53586624360943	0.5759593059377744	106.83638536910884	8	8.806529752209965	14.035634743875278	179.62461296333473	11.470588235294118	274	0.992	174.4513224542763	0.4695192087521904	139.07050389601292	8	13.349989431216986	12.649193548387096	309.6191343034148	11.75	
7198	0.978	150.74912140098635	0.5432850568430067	95.24063032699776	8	10.340915819081241	13.476482617586912	183.5343356352273	10.727272727272727	277	0.996	167.47940137842681	0.47120456880332295	143.24961394178098	8	11.54716852509789	12.714859437751004	286.20431027227266	11	
7201	0.986	155.81542351504308	0.5480284110220879	108.90164368162314	8	10.395240958821539	13.397565922920892	235.7036058376386	11.142857142857142	276	0.988	165.05730228221393	0.48434360994416037	116.48514883193555	8	13.654066914888872	12.890688259109313	259.4252459805082	11.166666666666666	
7206	0.978	158.11426908558312	0.45229704152879335	93.29373831022804	8	25.938894026463554	12.699386503067485	244.81497823077703	11.454545454545455	257	0.986	157.56336092576893	0.48996707565745334	110.03301591150043	8	17.581771283080503	12.981744421906694	239.89730346118355	11.857142857142858	
7226	0.988	168.733135225593	0.49783846135209614	115.2235616557443	8	11.103434920159263	12.979757085020243	269.49572715592353	11.5	88	0.982	162.34625049624609	0.4763046224203868	143.75848229838502	8	12.157288498830487	12.89816700610998	231.87635029179583	12.11111111111111	
7265	0.982	164.3679700051794	0.5314299638502942	125.54439236165373	8	12.132825640346526	13.372708757637474	228.71692373589204	11.11111111111111	46	0.984	165.2559451837324	0.4568457457176971	140.92826017936662	8	12.711350610493746	12.595528455284553	312.9548708320884	11.25	
7274	0.978	182.15682622441744	0.562892666222026	98.63922399484677	8	9.544412439096348	13.47034764826176	191.21543735499137	10	155	0.984	163.69988354686885	0.46025612807804384	148.66010922120915	8	15.404332262904777	12.699186991869919	288.38724195775603	12.375	
7279	0.94	148.24160227058684	0.5460866934995777	85.854931097448	8	8.581375688936436	13.46808510638298	163.8023407319713	10.666666666666666	273	0.986	159.1503373471501	0.48435906488346525	109.08239816463905	8	11.933495919618432	12.85395537525355	254.9137308035316	10.714285714285714	
7284	0.936	175.18248175203857	0.5145718467302968	66.13008629143299	8	25.230086920583773	13.337606837606838	141.3905145537685	10.0625	154	0.984	147.68122467354982	0.6179690384494336	118.95041668963249	8	11.881204874842481	14.252032520325203	193.72915415263628	10.875	
7289	0.986	148.28405570439037	0.6130421978117895	123.99070472780541	8	10.31187250221472	14.089249492900608	196.84724125526208	12.571428571428571	218	0.986	161.7029651007986	0.4571577509711373	145.9685875439076	8	11.606468335163816	12.626774847870182	324.13905849480216	11.142857142857142	
7294	0.992	158.21876295871573	0.5219876247316356	93.14835732142483	8	21.576939084666144	13.227822580645162	215.49265872829656	11.25	217	0.99	164.21178343949552	0.4509720246083879	148.81903215921434	8	13.51403696734664	12.533333333333333	301.6819717373433	11	
7304	0.964	154.73515248770124	0.534464864153869	92.33979190491394	8	10.857674036056363	13.487551867219917	184.35006469756874	11.38888888888889	60	0.996	166.5440438766534	0.46632736406832825	139.99774518667283	8	13.478314861097944	12.662650602409638	347.84937253137423	12.5	
7313	0.962	159.5568234594316	0.4737863630397576	126.83455521211384	8	21.690233823171585	12.856548856548857	222.81227905459747	11.210526315789474	212	0.99	159.08214423502022	0.4802694384245182	117.74245230935017	8	16.745600045089617	12.82020202020202	257.90745100377626	11	
7323	0.994	175.88562126191138	0.4755544673301223	137.40471498921707	8	11.22062252382169	12.682092555331993	352.8707996850291	11	202	0.986	156.43840832633558	0.5623275257067852	99.14984123777053	8	15.175533491500873	13.703853955375253	182.5068862979211	12.571428571428571	
7333	0.994	170.26378896915088	0.45395131360926083	149.69897076450255	8	12.927718503489933	12.559356136820925	347.96512344288055	12	203	0.976	157.29250604383202	0.5234281207920211	104.00337107576084	8	17.597515335928428	13.217213114754099	201.44718951822168	12.333333333333334	
7338	0.99	185.37937233112228	0.5186423177733337	126.31797738953433	8	9.802539692501002	13.244444444444444	243.93199663213218	11.2	261	0.96	156.50472774722166	0.4857241226910349	109.62285058921805	8	15.71746000466276	13.04375	234.4682042639348	11.2	
7343	0.948	177.16976900601648	0.49771127616902067	114.53765852599538	8	10.833039480679153	13.021097046413502	261.2484553690128	11.538461538461538	45	0.968	150.19860973193548	0.5961586873294803	100.64147192852403	8	11.653066781154894	14.061983471074381	177.01867435666972	12.375	
7352	0.962	177.1508544495852	0.5300536640290149	103.00614710386806	8	10.376408391657193	13.397089397089397	204.67217957987478	11	147	0.992	165.2562137664524	0.45635596762108815	144.34101173250733	8	12.468626103510735	12.558467741935484	329.3299581397866	11.25	
7362	0.986	186.50928763315912	0.48633592095393235	117.18477113645572	8	12.047667630715635	12.807302231237323	237.70577197671	12.142857142857142	84	0.984	159.54342045489454	0.4838931986035651	122.723899677108	8	11.61039820943475	12.949186991869919	247.53749108797106	11.25	
7382	0.986	151.0879558685413	0.58296809220256	114.81327649936858	8	8.791139396634808	13.640973630831644	207.17107212741166	10	57	0.976	149.99231596712988	0.5769588826875472	101.58098732799904	8	13.830229814077802	13.676229508196721	184.5223976808584	12.333333333333334	
7421	0.986	168.95712670068787	0.49410099382695555	120.77984568484956	8	12.882434459821958	12.947261663286005	242.04312641101632	11	47	0.992	160.9814676571146	0.5002596939548432	133.933089444446	8	11.415856766013096	12.860887096774194	245.32351491589264	11.5	
7500	0.988	152.65288464466477	0.5439492490844802	139.64213511895917	8	9.529782702745903	13.348178137651821	272.7502326003306	10.666666666666666	11	0.992	158.27429957261344	0.498338524352519	111.58696382864663	8	11.406306013314643	12.991935483870968	240.34346963720958	12.25	
7656	0.988	154.90749451245983	0.535548514942105	97.09207075640533	8	9.662443848007907	13.489878542510121	198.2403122854144	12.666666666666666	27	0.964	143.07340674992236	0.6299657602969237	132.44286390973298	8	12.108405321758447	14.340248962655602	201.46567480228782	11.444444444444445	
7695	0.994	161.3374452193587	0.5462459588178297	113.76197453760447	8	9.452122506615067	13.41851106639839	212.06987453724915	10.333333333333334	53	0.964	150.39940089833294	0.5452242232989214	116.67787808751488	8	13.684445465239998	13.520746887966805	192.08702386886532	12.055555555555555	
7714	0.974	165.02321168427497	0.49901779615536995	94.80870216403629	8	13.636878777171633	12.99794661190965	193.93390678020677	10	64	0.956	154.70757678755592	0.47797039083650017	146.97615217642735	8	11.304148364785437	12.905857740585773	263.75531060842627	11.590909090909092	
7724	0.982	174.0887817332801	0.45548728257485815	137.50426155061402	8	17.74206793914144	12.625254582484725	312.0427294231013	11.444444444444445	142	0.98	160.99356025811434	0.4548957240238747	146.59985872750522	8	21.90914789613437	12.575510204081633	330.73559482783423	11.2	
7729	0.99	154.40763615964937	0.613254725793192	127.9209487209004	8	11.49373724269496	14.076767676767677	203.3795355469166	12.2	234	0.982	160.37889923260977	0.4485229076129995	105.04032900221218	8	21.605698888265234	12.635437881873727	260.30147935892217	11.777777777777779	
7734	0.934	136.26283846850052	0.6277803092519406	103.30028897674838	8	9.161735929129845	14.441113490364026	160.17626894131573	10.727272727272727	52	0.984	153.9713337917812	0.5173536258364095	125.3546560230355	8	9.62725640665663	13.207317073170731	257.3708062412432	11.25	
7743	0.92	149.88107262747974	0.59655407546754	121.9513578089809	8	14.98094652337479	14.197826086956521	165.6874774278905	12.35	129	0.976	153.43981889082238	0.5019130660403558	119.47139224168987	8	9.693744594469226	13.01639344262295	249.04399716861073	11.916666666666666	
7748	0.994	175.9541173967054	0.48009668902525915	126.31943817959915	8	16.66598381390906	12.740442655935613	310.75595220134636	10.333333333333334	159	0.998	157.69680498036485	0.4980162047207906	130.25880625329168	8	10.268201565551788	12.927855711422845	276.1817014741721	13	
7753	0.99	173.98945518535302	0.45451215451215393	163.28471570390636	8	10.69342323212352	12.55151515151515	339.05203648891273	11.2	67	0.984	157.85420944616067	0.5067968177839899	116.08657492717658	8	9.733074146317538	13.038617886178862	217.51406776419662	11.25	
7773	0.992	171.10528494576678	0.4615120651403956	91.35496566872592	8	25.047092401584337	12.703629032258064	214.25064189612846	10	65	0.956	147.1720188435186	0.5222668291507587	91.9609431844791	8	10.119577078912403	13.301255230125523	196.11763505292203	11.545454545454545	
7792	0.992	153.45110292964534	0.6499643905764408	174.41024058923784	8	11.393111498486423	14.524193548387096	222.96730441135665	13	128	0.94	145.7364341082641	0.5432386615572834	84.3843682663225	8	10.27199608422547	13.568085106382979	158.72306999811474	10.366666666666667	
7802	0.964	163.88426099098817	0.45848062725656064	144.94350749657423	8	13.955322207906148	12.707468879668049	301.22130523046684	11.5	214	0.99	148.23909918534267	0.489958661831023	135.28028556686593	8	12.035748825897238	12.915151515151516	288.6838308492755	13	
7812	0.964	146.76775981288327	0.5894205838570616	97.505246512319	8	8.73364635856544	13.896265560165975	164.21257003079813	11.333333333333334	18	0.984	157.57614578981918	0.5105769884374625	131.25284624918228	8	9.649571099555743	13.203252032520325	273.53942973053876	11.25	
7890	0.962	154.35466273004886	0.5051596686777687	101.62910030760669	8	22.1588051650795	13.174636174636175	214.48029305110128	11.473684210526315	91	0.998	164.89326548183234	0.4436596636496428	159.70546084428986	8	18.231151797857954	12.513026052104209	361.79144520181865	12	
7929	0.958	159.95992653193798	0.529372509475052	139.07927361366657	8	11.89302883716633	13.233820459290188	217.76609249838393	11.571428571428571	93	0.978	153.49362797380766	0.5147157556472062	128.04713716726735	8	10.551890183352317	13.20040899795501	227.41682750370495	11.090909090909092	
7938	0.94	150.91189314195805	0.4643457053178906	74.80277737566719	8	25.501118843906383	12.961702127659574	170.36002520962197	10.533333333333333	160	0.976	146.120909063833	0.5250009972380136	112.81265356238343	8	9.475524484500239	13.504098360655737	211.5961849420353	11.833333333333334	
7943	0.986	155.10948905088352	0.6121449427524729	120.09887190101692	8	12.558277258423397	14.022312373225152	204.26249524582022	11	221	0.994	160.6490609950485	0.4781014080013956	152.83589209234847	8	10.925756859189821	12.728370221327967	328.06510569001176	11.666666666666666	
7948	0.994	168.12692398792618	0.4652662803523858	140.67161556188455	8	16.563448299777537	12.62374245472837	325.2323617082399	11.333333333333334	118	0.944	145.87711707257398	0.5376626876775276	81.55201550949947	8	10.4084885367475	13.457627118644067	161.56547653633353	10.75	
7968	0.988	167.76472186360598	0.49999197426247727	136.53500597341656	8	17.98831253860894	12.95344129554656	242.42338714466462	11.333333333333334	90	0.974	153.46799861368754	0.5394398293918952	96.61645883484192	8	8.602965156164696	13.386036960985626	192.7282630124706	10.384615384615385	
8007	0.984	166.36797078364776	0.5107796241897754	119.92124821963404	8	13.148911329379338	13.115853658536585	254.87829878666662	11.625	126	0.974	154.1041706221943	0.5186278542794068	98.32962448693229	8	9.955703808967325	13.271047227926077	190.50533326130318	11.153846153846153	
8046	0.974	158.78191125166012	0.5327011270996058	132.9854280335851	8	16.56265059723042	13.225872689938399	251.89453739775757	11.76923076923077	92	0.992	153.1289555744821	0.5528693438103385	105.35360942026003	8	8.985549257159542	13.40524193548387	212.8864835895847	11.25	
8055	0.974	170.51223696709187	0.4652498908266512	154.59113259728667	8	13.724096837598296	12.728952772073923	321.51257993997586	11.538461538461538	238	0.988	159.6845099556489	0.447860099137189	119.49879146129035	8	22.6521419543079	12.582995951417004	286.1127157399011	11.166666666666666	
8065	0.94	145.54237760542415	0.5931015014013514	129.02094923980204	8	11.07575785866386	14.087234042553192	194.20143856885076	12.166666666666666	236	0.998	154.01234567875778	0.5174662832161265	117.87676326472965	8	10.134549415886802	13.178356713426854	235.4207893345851	15	
8085	0.95	155.02610966065097	0.5258178515037728	99.47770231815134	8	20.01660169218184	13.385263157894737	201.7983507408251	11.48	235	0.974	156.7983515247694	0.4666075003583183	112.7580395224768	8	17.486953397491146	12.71252566735113	258.8359379473422	10.692307692307692	
8105	0.968	163.42517558103825	0.49343459570732345	138.19368982955524	8	16.410038178854762	13.055785123966942	266.12007750244845	11.75	237	0.994	164.71134088967784	0.50895534056559	149.34022940598595	8	11.082707679099416	13.070422535211268	300.1436021355676	11.666666666666666	
8125	0.968	142.91197921268707	0.591717062836139	107.65855923101047	8	10.037961422576847	14.057851239669422	192.63660665608163	11.8125	14	0.994	155.43393276021771	0.5252324369453617	112.06284792321422	8	9.744955141085775	13.295774647887324	213.7893684553241	11.333333333333334	
8281	0.97	161.96900881667653	0.4607429254594202	150.56784313848138	8	13.38098288044778	12.67422680412371	314.46594535982115	11.333333333333334	95	0.95	150.6645097856662	0.43949539280808625	116.52901938729445	8	22.685122514429377	12.884210526315789	251.71805971309124	11.68	
8300	0.974	156.2399743343775	0.5193709222629895	123.50810321350934	8	9.539279903282615	13.2217659137577	259.312898417505	11.076923076923077	133	0.988	160.17638857403406	0.421675937085856	139.67310262671944	8	26.840467921126326	12.406882591093117	309.24376703742007	11.166666666666666	
8305	0.942	137.25775899728083	0.6136973202871135	90.9790989424067	8	8.987640702314923	14.036093418259023	156.34607122222977	10	270	0.986	157.48786097576922	0.49421069275949336	143.2912138770573	8	9.536441904103208	12.876267748478702	300.16115153188525	12.142857142857142	
8310	0.93	145.45340798853806	0.489843409121847	69.79092259913114	8	23.740769841687378	13.279569892473118	160.72896802492812	10.6	265	0.988	162.66052025042154	0.474410719172864	144.5105405443103	8	11.804136899765103	12.76923076923077	308.0231914961975	12.166666666666666	
8315	0.988	152.0935960594731	0.5111815349152552	110.67186164993566	8	11.650833929337482	13.087044534412955	225.96501704163552	11	266	0.99	154.1287831612714	0.5004281273621736	119.87836534615123	8	10.58897248914067	13.002020202020201	251.35172296473434	11	
8320	0.996	154.09369391698363	0.6161112449376198	131.45666865504944	8	10.381633375907805	14.080321285140561	215.67443349656133	10.5	103	0.962	149.21668993363645	0.4951374145854969	81.65020603944554	8	16.956955148487477	13.176715176715177	179.18142985824974	10.473684210526315	
8359	0.99	162.5082074858911	0.5220988661764056	123.79772534907664	8	10.81849954733218	13.14949494949495	231.56127690036655	11.4	99	0.994	154.93001652200888	0.4877865680650651	99.57036884284258	8	18.089891252529682	12.935613682092555	211.53831835964118	10.333333333333334	
8378	0.998	153.89360061644888	0.6355012256853102	148.2076454405285	8	12.534446287134903	14.414829659318638	206.95814944208422	10	102	0.98	147.10738839349025	0.54389987668657	104.65950914541742	8	9.054573115546644	13.379591836734694	204.3176721020218	10.5	
8388	0.976	163.04710992303353	0.45740567492616646	130.01902178677915	8	19.463958708681066	12.62295081967213	318.46011750924316	11.083333333333334	130	0.944	139.0812387659315	0.5764625625405123	94.44292586494497	8	8.652744896926944	13.724576271186441	163.55063785007178	10.107142857142858	
8398	0.946	162.2029422858081	0.4599021573915861	154.09636774643937	8	11.682150877718573	12.809725158562367	296.1275047124118	11.444444444444445	100	0.99	157.78904083426124	0.5034182445130942	134.50119872661168	8	9.65139835674583	12.945454545454545	273.3010969213089	10.8	
8437	0.956	152.9991677866764	0.5865808670170408	116.42859475923505	8	12.730318470032902	13.943514644351465	180.92002737488892	12.636363636363637	94	0.932	144.12519716666768	0.5529279790479441	84.24315282585073	8	9.0416628437004	13.645922746781116	156.65978216626024	10.264705882352942	
8446	0.99	172.00041697117257	0.45912808571899444	155.20606685084098	8	14.177872973347956	12.65050505050505	310.71018383817733	11.2	213	0.968	149.06985339439763	0.546624121160604	113.79175953332536	8	9.798627949810854	13.380165289256198	205.39039766665775	11.1875	
8456	0.986	160.38779361060335	0.5397692821105906	144.71644566709227	8	11.802071673235053	13.178498985801218	256.2370832836286	12.142857142857142	105	0.954	146.42681728827412	0.47932648166306663	77.29914238311616	8	24.52859389258811	13.155136268343815	182.86988412334412	10.826086956521738	
8476	0.992	154.1425818883169	0.5878048638681689	128.4381907373801	8	11.441872399411714	13.840725806451612	191.1661458053338	11	104	0.954	143.36378937245735	0.5458308408001242	112.646092116238	8	10.430979836277697	13.59329140461216	224.71315981636133	11.73913043478261	
8485	0.972	151.89873417709913	0.5786635450676751	125.6721824566833	8	8.817228160080875	13.637860082304528	214.34306103240448	11.642857142857142	157	0.982	150.5857817582232	0.5097778875079099	112.02965041352756	8	9.702073144259625	13.164969450101832	233.13331797223077	11.777777777777779	
8495	0.944	136.87507249705646	0.6335299091595974	106.18191726333171	8	8.9376851250168	14.417372881355933	163.03661219248804	10.285714285714286	156	0.978	160.81294396198965	0.4869434682363219	134.96831016309454	8	12.003826139564644	12.8200408997955	289.14148760168655	11.090909090909092	
8505	0.982	169.96088476551142	0.48447483439846023	134.9188222303322	8	13.855035733309098	12.920570264765784	284.8769192934999	11.555555555555555	211	0.978	153.92363624959563	0.47518871988377537	120.32684186275867	8	12.46361665877317	12.830265848670757	251.26987731828942	11.454545454545455	
8515	0.974	156.13478246876124	0.5892696782323199	121.08363998926856	8	15.30635677852807	13.854209445585216	205.96835604154228	11.923076923076923	97	0.966	145.3724604968381	0.523070237182403	100.66003431126832	8	10.010459093757854	13.424430641821946	211.72463895449138	11.764705882352942	
8554	0.974	159.8608193281514	0.46649947417401205	141.85129127388797	8	11.046824592939991	12.915811088295689	283.7005646877407	11.307692307692308	115	0.992	149.99848791841785	0.5322263448649923	103.22581571651078	8	9.966366960305441	13.449596774193548	189.77164379696492	12.5	
8573	0.966	155.46042679203623	0.5071008079327307	100.96864455710505	8	12.258124135854901	13.175983436853002	213.35511994814473	12.529411764705882	204	0.938	145.65669741312533	0.48619991189601103	147.37934208612015	8	9.74844310039531	13.091684434968018	246.24978638448223	11.32258064516129	
8583	0.974	166.38196105249693	0.45150797183651353	155.62978804923657	8	13.550014129483356	12.550308008213552	331.51266202871267	11.923076923076923	232	0.99	157.52792540461732	0.4865567043374517	141.9414968815744	8	11.168113360979547	12.886868686868686	283.102077670055	11.6	
8593	0.99	166.49288621369683	0.48607521266612275	129.73954971702747	8	12.314173292741295	12.787878787878787	279.53161595736543	11.6	96	0.968	149.85448015353532	0.4916368495518951	132.3687628604042	8	10.689817330290373	12.983471074380166	286.869301501413	11.625	
8671	0.988	163.30038676413173	0.48077645790345264	123.85457789124035	8	12.709759534963034	12.834008097165992	287.4830493424565	11.333333333333334	98	0.984	145.57505103982453	0.5241125216034125	102.46179013603172	8	9.795954606629902	13.363821138211382	200.7944618039474	11.625	
8710	0.978	161.6689258434025	0.49279191877531875	113.84584174162961	8	15.964578685723179	13.030674846625766	223.910163765702	12	101	0.986	154.12993184572753	0.49096744652206836	113.4592088624864	8	10.059209199699755	12.981744421906694	246.59829770979402	12	
8730	0.986	168.13887657362665	0.4661772980231395	150.4301723863585	8	14.992956551436704	12.839756592292089	320.56448035736776	11.285714285714286	230	0.982	152.87377794360827	0.5035862045386427	118.72238673322931	8	10.049254382499372	13.103869653767822	239.0102329614257	11	
8740	0.988	145.1404395350135	0.5322710761163365	87.61396244210263	8	17.233010051661186	13.46761133603239	186.23779931796764	12	281	0.968	147.8449460852293	0.5279404384673939	106.10086560074025	8	10.730319711532456	13.328512396694215	218.916943092679	11.5	
8750	0.966	137.74811772764696	0.6032804649083996	103.74431175023145	8	9.838927348260517	14.229813664596273	176.06913666045844	11.352941176470589	12	0.976	146.69191691443638	0.5060862554353387	116.98720286388516	8	10.042782158553043	13.192622950819672	211.3728334790666	11.75	
8759	0.968	164.1791044782019	0.47068517742588034	143.57211012050243	8	11.040940300283822	12.735537190082646	319.72474491227405	11.375	223	0.988	154.9123522213666	0.5066590760822464	114.54261049996889	8	10.630158006691639	13.105263157894736	229.21261839394774	11.5	
8769	0.994	153.8080648655595	0.5551728906833993	137.27406348612473	8	8.817859840511316	13.354124748490946	230.5116021141797	12	158	0.958	143.7790784931612	0.49797684490850047	71.15634002798029	8	20.8960506492831	13.25678496868476	157.27194986849548	10.238095238095237	
8789	0.984	162.60162601609503	0.44546952877745494	155.8539380658182	8	15.623966970912843	12.536585365853659	371.63364839190456	12.375	113	0.956	140.3364551830463	0.5480346378052087	98.25568230353151	8	8.816816162371188	13.56276150627615	183.59998941912303	10.909090909090908	
8828	0.984	157.15837219681956	0.47813124375624516	143.75848644621368	8	11.597816629317014	12.845528455284553	272.3614890446136	11.25	110	0.97	150.97276264618796	0.5178767114405133	117.74185675711632	8	11.364611413320983	13.288659793814434	223.30343884378308	11.533333333333333	
8906	0.988	158.7199588742745	0.538631162240952	140.86081572008945	8	13.344973528851664	13.279352226720647	241.07806588890134	11.5	109	0.972	152.74853065966772	0.446928621588207	110.42717373614977	8	23.02999054650718	12.590534979423868	274.8749105970106	11.5	
8945	0.992	157.44532266726122	0.5114439508588047	122.71187609856658	8	12.757487346088409	12.943548387096774	236.09998167960114	12.75	248	0.964	142.40973822587318	0.5595837597418503	93.27031971512658	8	8.669361671854682	13.595435684647303	165.35013945207663	10	
8984	0.994	171.17272257618055	0.4678642953290843	155.03773710335355	8	24.11048082691536	12.59758551307847	346.32359890918445	11.333333333333334	111	0.976	143.99952787016696	0.4993591088275272	91.3827453137862	8	18.512190036885027	13.170081967213115	213.6895063830025	11.083333333333334	
8993	0.984	165.65656565650073	0.5339975569889496	106.86614121864099	8	9.786308828433627	13.369918699186991	213.35845162976003	11	262	0.932	139.83915496342297	0.5104724756048015	89.35351644509869	8	19.874449246139022	13.396995708154506	199.24599204920747	11.441176470588236	
9003	0.97	143.72925557133507	0.6366130242625574	139.22170050002399	8	12.005526135233438	14.490721649484536	210.39608185679484	11.8	205	0.988	147.6389719065283	0.5737991324448303	97.8241417157443	8	15.192130990069936	13.834008097165992	181.21899755518456	11.5	
9023	0.978	161.2530915085943	0.49703284582128404	112.02795611079628	8	15.141707997407371	13.102249488752555	218.171259749607	12	112	0.978	153.73490945664815	0.4711031640479492	147.36935845411375	8	11.074986378625427	12.644171779141104	304.70024000830284	11.272727272727273	
9062	0.97	136.90896259719347	0.5932818117413243	98.73054139876257	8	9.63889260738422	14.263917525773197	177.06436488198696	11.8	31	0.982	153.87508226511753	0.49806370831889046	115.16142377631078	8	13.616803620469966	13.008146639511201	243.01191633589502	11.88888888888889	
9071	0.994	170.08898015023618	0.48045333859428946	117.9588687488638	8	15.586200054184461	12.79476861167002	247.57653677701776	11.333333333333334	145	0.988	144.927536232088	0.5421618012698592	105.39756563300993	8	15.665113870006131	13.380566801619434	199.94774081026546	11.333333333333334	
9076	0.974	147.59364771429233	0.5518205429071379	115.22587435165875	8	11.324131909707178	13.53182751540041	218.33714992840612	11.461538461538462	162	0.97	156.81583031565194	0.46402318471906123	139.42782070412866	8	16.327391985196112	12.711340206185566	296.14350368939995	11.333333333333334	
9081	0.93	142.96255303482397	0.5619579654766407	84.48646048936747	8	8.669457472800179	13.720430107526882	152.6349636109889	10.8	139	0.982	155.11467745002318	0.43845021238096527	170.9943506503827	8	12.71205328153422	12.560081466395111	334.274338589748	11.333333333333334	
9086	0.974	162.01470441444914	0.4770991693205307	91.43593987148884	8	18.11888255885926	13	200.39479143582463	11	163	0.988	157.4602365089927	0.46019810149364787	152.2558741326919	8	11.840141105994622	12.609311740890687	341.375929884814	11	
9091	0.994	151.7418251766034	0.5884037294618426	128.9524745445875	8	8.865982419183885	13.736418511066399	222.8806251324066	11	140	0.986	151.5104950983785	0.47867768795321053	108.5464052443587	8	20.039027034086203	12.890466531440163	238.00085111939865	11.142857142857142	
9101	0.992	164.1623088635597	0.48404181290062465	112.17020777557238	8	16.143663100574674	12.925403225806452	241.4385101414859	11.75	81	0.966	148.75269479571824	0.46303938243297527	124.58820925708561	8	24.012652633689136	12.763975155279503	273.20529291403983	11.647058823529411	
9140	0.99	176.9879862702483	0.5036536454896527	117.57417984839716	8	14.817190040791072	13.026262626262627	263.4412822517396	11.6	42	0.992	154.47863460816149	0.4678911040598665	130.8718861296441	8	17.938717292867782	12.806451612903226	278.68441157864925	11	
9159	0.982	150.10700091745525	0.5957627626591574	129.93924190247822	8	14.840736284163036	13.981670061099797	201.42780208946272	12.88888888888889	251	0.99	157.83935461224797	0.4632191125372942	126.73673088681495	8	14.5937700148273	12.612121212121211	290.64271320244586	11.2	
9179	0.974	150.4432980137256	0.5687160663553855	110.31176717037496	8	14.898749563435059	13.650924024640657	215.3990044586803	11.76923076923077	249	0.978	146.27142472563153	0.5576312472829973	113.32858654585202	8	12.698545259134667	13.429447852760736	204.2199530348835	11.636363636363637	
9198	0.974	137.45413491371602	0.50703603596012	106.32838927311835	8	15.521982180283203	13.256673511293634	219.83433856992457	11.846153846153847	250	0.976	144.35307341874673	0.5775814519827163	103.96886132700477	8	16.0631671028049	13.78688524590164	180.48985643652313	12.333333333333334	
9208	0.976	143.664625529815	0.5663820384379272	97.61003514232489	8	8.74855426475208	13.657786885245901	170.61172362140587	10.083333333333334	267	0.99	145.5069226021988	0.5398558074210112	121.70942329249786	8	15.344877249359175	13.282828282828282	219.8993502533629	11.6	
9218	0.996	161.2120034962988	0.5341993854440703	132.46551777038852	8	11.658859648866795	13.238955823293173	255.23582495548487	14	33	0.99	159.6774193545269	0.45576990250787036	144.66464457341309	8	16.111824764744007	12.547474747474748	329.14926046369516	11.8	
9257	0.99	167.58641703636133	0.4526614462978092	149.1869931661049	8	10.705976910459336	12.452525252525252	354.7848647037617	12	79	0.998	160.46563977229167	0.4520574365514242	159.02713959659468	8	13.536874700044502	12.52304609218437	352.7968957814508	11	
9266	0.994	164.1293220165398	0.46448702942222864	144.3058979678593	8	11.005311371145838	12.601609657947686	318.50069846416375	12.666666666666666	224	0.982	155.8581722378734	0.4605774741212616	157.39329447496064	8	14.318078811436996	12.543788187372709	337.4279108556971	11.222222222222221	
9276	0.962	154.57788347235433	0.5314220838274177	82.4878121985738	8	12.82022274736852	13.359667359667359	167.5525512914484	10.473684210526315	141	0.976	158.16425747011212	0.4568061293214976	151.3203853002581	8	12.12566211960934	12.62704918032787	313.7586480283582	11.416666666666666	
9296	0.968	162.39975841382105	0.4601997864394555	154.8455324171638	8	10.922590044602645	12.704545454545455	314.4751305942111	11.5	78	0.99	151.40392732657205	0.46941463962854385	138.9779389098004	8	14.3822814344236	12.751515151515152	300.1560876874457	11.4	
9305	0.986	142.06264588072432	0.5470801965523729	112.62929438745398	8	8.680847596405723	13.509127789046653	205.58473191002773	11.428571428571429	279	0.978	149.73818783159675	0.4687014447119106	135.7564868615692	8	14.136177934869524	12.752556237218814	279.1341454647113	11.636363636363637	
9315	0.99	160.26678754189217	0.5275274802076093	93.93220460104507	8	19.410122736138888	13.404040404040405	194.48450448071534	11.8	119	0.994	157.79280566430208	0.467723808719785	139.10885082631202	8	10.76101804422	12.682092555331993	293.3607351135501	11.333333333333334	
9335	0.998	157.7865612645317	0.4892502483566971	110.33853125327633	8	23.51459193313384	12.913827655310621	263.14191966172706	11	85	0.996	159.30902111305392	0.46178701653099224	142.11694159426295	8	10.849132770297702	12.622489959839358	300.0866915189915	11	
9355	0.998	166.8282571629569	0.46888205315059006	147.51245983339467	8	13.600318381550869	12.589178356713427	344.7117455600734	11	231	0.984	150.33458612149965	0.46989371852176653	146.1943921276119	8	13.014384947393062	12.615853658536585	311.9117216915996	11.25	
9375	0.986	142.51026189543708	0.5683269178958054	112.97118512581741	8	9.726968268860968	13.683569979716024	206.91453674199389	12.714285714285714	29	0.978	158.59116559625667	0.45361976679641774	151.6810287359847	8	11.626426914926665	12.613496932515337	272.0452603630605	11.272727272727273	
9453	0.99	164.19544233258563	0.45939124848215723	145.87587948143886	8	11.286698992164196	12.705050505050504	320.7299137515239	12	201	0.988	149.81954932863815	0.4794697122758465	108.48495320268047	8	17.9516539184055	12.80161943319838	240.51454497403117	11.666666666666666	
9531	0.99	159.16910511538865	0.4944197216924498	140.09311536763022	8	11.900332219206499	12.94949494949495	289.06676055228974	12	114	0.936	133.40554716203897	0.5907470454073822	117.33474058330926	8	13.010856036514038	14.08974358974359	180.5440589526719	11.5625	
9687	0.99	150.1182750047388	0.5543433093871691	113.07807044414092	8	9.640064591030997	13.585858585858587	210.54532230211873	12.2	30	0.948	136.5561349430022	0.525701855127581	93.8814446412713	8	20.849351149980944	13.533755274261603	183.4268728495665	11.884615384615385	
9843	0.99	147.95110141416373	0.5783116344726255	100.66602120788447	8	9.664492990756747	13.856565656565657	184.6121322719361	11.8	32	0.99	145.03369469672793	0.566033556539467	110.29814193229467	8	12.94917361080807	13.585858585858587	188.46777977372923	11.8	
9862	0.988	159.85503025615853	0.44378629973265626	113.32794671868241	8	25.14088862603164	12.538461538461538	331.94864012767766	11.333333333333334	144	0.976	146.01597797815813	0.4659242509004446	151.32432418964737	8	15.576766901314333	12.704918032786885	272.51037488041055	11.166666666666666	
9882	0.97	154.62109860668068	0.5423626426060115	120.60513734801067	8	14.94720506291466	13.496907216494845	212.92575687125233	11.2	82	0.972	141.4065000436095	0.5551877024901908	109.65700894926226	8	14.482072171864786	13.666666666666666	194.11319834488083	11.928571428571429	
9921	0.97	151.9756838902981	0.5179196831259487	98.35522268229306	8	18.996401588765682	13.338144329896908	207.00749552500272	11.066666666666666	40	0.982	145.81415377313124	0.5107605363525387	101.35245389253676	8	21.71594415881064	13.083503054989817	208.70439316546992	11.444444444444445	
9940	0.984	148.61803353002324	0.5113483479695818	114.21928961734145	8	10.095325444401855	13.126016260162602	253.53348400734998	11	258	0.95	139.296187683741	0.5233065451919942	96.83200249026898	8	12.946197752786194	13.326315789473684	195.45673208480912	12.2	
9960	0.982	151.16064281815318	0.5513918232601434	93.24693207306935	8	12.286483667274506	13.543788187372709	186.97517862252315	11.444444444444445	164	0.986	142.95241685298961	0.5396867660640975	102.46446882545784	8	15.176266008129973	13.448275862068966	195.1173165233075	11.571428571428571	
9980	0.99	151.09428894166234	0.5404379600638624	108.39253927360993	8	10.045801566297868	13.341414141414141	217.84462246393167	11.8	165	0.978	145.9745067016459	0.5412145162738708	109.32109441916408	8	12.461841003771834	13.337423312883436	191.98632772936594	12.181818181818182	
9990	0.982	155.93241869941528	0.46880636834512546	132.41065272619187	8	21.42228908183431	12.806517311608962	299.6286442041523	11.222222222222221	215	1	158.4585155604555	0.45187578255078203	165.29560730100673	8	20.5587352235655	12.536	335.15860562143126		
10000	0.962	135.66875387816143	0.5786331193571006	86.7596051009128	8	17.07442494993225	14.066528066528067	180.46132023831322	11.157894736842104	1	0.99	158.12170579784294	0.4614941960396506	146.724502169986	8	12.045372220766394	12.557575757575757	353.4113552842449	11.4	