index	success_ratio (division)	success_rate (division)	mean_second_ratio (division)	second_ratio_SNR (division)	probe_index (division)	mean_time (division)	mean_total_iterations (division)	total_iterations_SNR (division)	mean_total_iterations_failing (division)	order_index (division)	success_ratio (sequential)	success_rate (sequential)	mean_second_ratio (sequential)	second_ratio_SNR (sequential)	probe_index (sequential)	mean_time (sequential)	mean_total_iterations (sequential)	total_iterations_SNR (sequential)	mean_total_iterations_failing (sequential)	order_index (sequential)
0	0	0			87				17.272	0	0	0			87				17.596	
2500	0	0			87				17.304	3	0	0			87				17.614	
3750	0	0			87				17.464	4	0	0			87				17.792	
3828	0	0			87				17.222	9	0	0			87				17.782	
3837	0	0			87				17.226	24	0	0			87				17.726	
3839	0	0			87				17.346	82	0	0			87				17.66	
3840	0	0			87				17.248	107	0	0			87				17.422	
3841	0.626	45.84871389204534	0.3558746994933873	63.22842907684633	87	31.568575661525077	19.87220447284345	145.2977880733788	18.299465240641712	151	0.548	33.8229848165882	0.3948478735736991	64.81995053156096	87	30.468150510879216	19.854014598540147	135.07543921397547	18.287610619469028	
3842	0.654	58.85317303201511	0.32931560208841676	88.50484158987004	87	31.212636704664437	19.198776758409785	184.87738284569107	18.508670520231213	47	0.672	49.063987617129364	0.38218633148039205	80.17800883787862	87	30.847285608852914	19.56845238095238	189.04804070900437	18.20731707317073	
3847	0.708	63.250428817131734	0.3306295123209508	99.51227205355057	87	31.08356758280762	19.502824858757062	183.3099823984574	18.36986301369863	18	0.588	39.14050643043764	0.3850697248216515	61.92243205385492	87	30.981010660388815	19.622448979591837	144.31776682778298	18.844660194174757	
3857	0.678	42.60613830071987	0.3637109498097618	60.026750653547914	87	32.95077678127703	19.536873156342182	144.36466664095119	18.279503105590063	109	0.506	29.477216325754988	0.3897708378551958	59.8762201073854	87	32.40564755141309	19.818181818181817	144.67466168254785	18.2834008097166	
3862	0.612	40.16696857511552	0.35358126836492926	54.798745179915464	87	30.133759543767418	19.640522875816995	136.62321762730485	18.38144329896907	276	0.598	40.052510314649986	0.39385046049118666	69.30957340480315	87	31.108171848523664	19.612040133779264	158.0721321769656	18.228855721393035	
3867	0.612	54.32756324837253	0.3411112989161155	86.18201853256237	87	32.302091836674684	19.774509803921568	149.68810391530187	18.45360824742268	15	0.59	38.817832517716894	0.40382810440217154	62.61414496104615	87	30.74721311471518	19.65084745762712	160.79006910704118	18.492682926829268	
3876	0.612	49.50655233795114	0.34703875091790765	67.69286479446197	87	31.268934496542816	19.673202614379086	146.6848865357963	18.335051546391753	145	0.582	38.714827379625405	0.37936747206799215	73.16783569858315	87	31.11109445618923	19.872852233676976	132.27454867218148	18.406698564593302	
3881	0.632	45.754662342320984	0.3363893590816029	67.58679650796938	87	30.498984688941157	19.275316455696203	152.31533686119764	18.157608695652176	260	0.564	35.846850053041784	0.4129801261316265	62.2617929775678	87	31.007352328401144	19.99645390070922	124.74371169973796	18.426605504587155	
3886	0.684	44.379274100632315	0.34283855025492344	64.30200358230252	87	35.758734465950006	19.494152046783626	162.59495158143454	18.430379746835442	116	0.664	45.42904448473843	0.3874078703501504	74.46800264272758	87	32.02389102212463	19.71385542168675	161.04130605859334	18.416666666666668	
3906	0.658	57.51245520559194	0.3661823972026102	80.31445145757895	87	30.393876372109837	19.90273556231003	174.41546114254143	18.257309941520468	7	0.564	34.640755708519904	0.4092485475228094	64.1242844447118	87	32.22775963066577	20.03191489361702	134.45390229068454	18.46788990825688	
3945	0.67	54.900932496356766	0.34736975152056787	80.32596717669728	87	31.464386034134733	19.4	183.53524529212842	18.43030303030303	76	0.534	35.71906354526176	0.40016677558812364	69.42335393677608	87	31.679560497402115	19.719101123595507	156.5976967307774	18.13304721030043	
3954	0.618	49.43367249054145	0.3475575107515494	84.21341138214248	87	32.5909123755862	19.660194174757283	135.08711410151457	18.214659685863875	149	0.616	39.88449037192013	0.4034894727818961	67.97451463288493	87	31.846988470349803	19.944805194805195	154.03916396307673	18.557291666666668	
3964	0.566	41.876914426278795	0.34384211568195777	71.31875041872672	87	32.203575098120055	19.653710247349824	135.13643272016336	18.341013824884794	147	0.59	39.5225144358566	0.38788013144784905	71.17076841204286	87	31.817924124054198	19.89830508474576	139.0145856992557	18.517073170731706	
3974	0.592	43.559519079376805	0.3663411130869735	61.971756764277245	87	31.790806148098874	19.841216216216218	140.6612256670035	18.142156862745097	148	0.59	38.24463602739263	0.4359912601410074	73.08069184188533	87	30.10610667024644	20.040677966101693	152.15449489448517	18.35609756097561	
3979	0.576	37.66232067871842	0.3700169036396432	60.14070569818349	87	32.86497111707427	19.75	149.26788061079594	18.30188679245283	179	0.636	42.455475154200435	0.4104410295040558	69.11581736799744	87	29.89259444915548	19.88050314465409	158.6746602788703	18.64835164835165	
3981	0.63	45.87289567141977	0.35390227716155953	55.909407471613335	87	30.31074700349139	19.787301587301588	129.75913604564343	18.627027027027026	285	0.554	34.354032567997535	0.43342192669259644	66.78167497900361	87	30.30922406692311	20.075812274368232	144.54764372766127	18.54708520179372	
3984	0.704	61.76738962574685	0.3412035203634212	101.45075472219033	87	31.65741678937759	19.451704545454547	176.3348038573407	18.58108108108108	23	0.54	33.502500279374885	0.40743482270701026	66.62030457440554	87	31.52294334978106	19.966666666666665	132.1976612653052	18.121739130434783	
4023	0.7	61.477929422978995	0.34315755600485726	101.94636011230031	87	30.52058764705848	19.46	188.4402698490523	18.526666666666667	68	0.604	39.88694296951565	0.4173421518589437	63.07015527217827	87	32.237309645353754	20.003311258278146	156.9865845114947	18.651515151515152	
4042	0.714	37.16620686040771	0.3822603665814318	76.77382643719974	87	42.330887733467755	19.022408963585434	201.11446875561703	18.6013986013986	101	0.56	36.18085257596316	0.42765801005837023	60.06361972938134	87	30.774868156869065	20.192857142857143	143.95651442107047	18.40909090909091	
4044	0.56	37.74093543547881	0.3737028520523651	63.089508110275254	87	31.65197598684627	20.12857142857143	117.73104696555573	18.454545454545453	231	0.502	29.72806518862559	0.4168449785250856	56.01489694442504	87	32.05238462310031	19.87649402390438	126.24961655271342	18.21285140562249	
4047	0.54	36.052877554018984	0.36720259341981226	62.68085722213417	87	30.940767724873997	19.848148148148148	142.14891131744452	18.526086956521738	230	0.594	38.76272513698339	0.4148702123898795	60.697814332530506	87	30.410890031606872	20.053872053872055	158.12960287463392	18.58128078817734	
4052	0.596	38.57705053868899	0.3731527968492353	61.54698989165758	87	32.923266398004145	19.63422818791946	151.01232789077267	18.22772277227723	228	0.59	35.68231850395384	0.4225176467146378	65.33598308206626	87	33.612542799278245	19.969491525423727	146.4682539332807	18.678048780487806	
4057	0.646	44.599707271401925	0.35149659981253506	84.11494944424973	87	33.82809713565416	19.60061919504644	164.08585023225777	18.847457627118644	229	0.588	36.77804325797821	0.41391272769137955	64.15966828012868	87	33.853567513521966	20.037414965986393	152.88817651335575	18.466019417475728	
4062	0.754	62.388296815489774	0.38206628480112653	68.54271289085831	87	31.507764878686515	19.864721485411142	199.6138513880145	18.382113821138212	6	0.528	33.91921060718543	0.43507650168539863	62.111783921834245	87	32.47872048244178	20.265151515151516	143.08647769575614	18.584745762711865	
4071	0.77	41.08288071025855	0.3752293569305342	95.64220062935568	87	45.828659052759086	19.01038961038961	217.74446053980134	18.48695652173913	93	0.558	34.0094592617543	0.4442544312233463	64.13244678023497	87	33.17911208759352	20.03942652329749	155.19463327267178	18.46153846153846	
4076	0.686	42.42581666662394	0.3822523458096775	66.06073430879286	87	39.49989499135334	19.708454810495628	171.26737266475365	18.388535031847134	123	0.628	42.959557817439915	0.40959274747278324	71.02419479682001	87	32.84173611450417	19.89171974522293	154.19860501953363	18.370967741935484	
4081	0.612	50.89312443854003	0.35558883895366267	101.44764087564828	87	34.51856286715394	19.526143790849673	180.03209637057435	18.7680412371134	77	0.606	38.71363409878113	0.4431170627581132	65.32712298353769	87	32.8981696894483	20.198019801980198	157.5950628863302	18.522842639593907	
4091	0.644	43.87877466473029	0.367153744493934	71.70154577158848	87	34.30913215354526	19.67080745341615	167.03022292576821	18.44943820224719	189	0.51	30.17715766671464	0.45026929844613717	56.66197679801102	87	33.19924099645495	20.08235294117647	144.2024681710677	18.57551020408163	
4101	0.664	57.038793251777506	0.36137033405056695	101.49875024900645	87	32.52765126793752	19.46385542168675	174.15018835064362	18.297619047619047	41	0.546	33.39776369549483	0.4210502321801371	56.75800365466183	87	34.661636963437296	20.007326007326007	160.05962241992472	18.73127753303965	
4103	0.58	40.69147443470536	0.3655853668531149	76.49292619416258	87	34.06418139001298	19.775862068965516	170.74213287667234	18.50952380952381	287	0.46	24.973940236112043	0.4377954307757018	54.516181351520515	87	33.74923962906714	20.41304347826087	128.1906850599451	18.385185185185186	
4105	0.506	31.068867276018953	0.37709419021756174	56.538590243155646	87	34.57635055192969	19.972332015810277	110.65458157173956	18.611336032388664	220	0.582	36.897561717679736	0.42230541616845335	60.016327634779586	87	34.88635076481164	20.010309278350515	154.3780216228132	18.68421052631579	
4110	0.536	38.275871918182126	0.36481946900221196	80.33935183397311	87	33.16869283969772	19.53358208955224	148.06763989921785	18.405172413793103	218	0.514	30.528729078247224	0.45829098216757014	55.67561004734024	87	32.757549434488205	20.63035019455253	119.78749265620526	18.691358024691358	
4115	0.566	34.49032320980815	0.3799329068947654	71.6014368486398	87	35.935082248872966	19.547703180212014	133.14535065827684	18.19815668202765	284	0.632	46.87592713511272	0.4200422524064873	69.65810038633842	87	34.1293788657032	19.873417721518987	168.82694482103503	18.592391304347824	
4120	0.472	30.44414917620514	0.38593721590878094	55.628878808144044	87	34.927514240402424	20.86864406779661	93.46837026478065	18.136363636363637	217	0.506	28.124235754722914	0.4610839462076428	54.59262707513409	87	31.884951158233626	20.43083003952569	136.53082605982914	18.55060728744939	
4130	0.528	36.40626077356758	0.36245111835150146	69.11091722733984	87	34.442445442367635	19.71590909090909	136.4693436320623	18.665254237288135	219	0.582	39.159220583529034	0.4158475906068925	61.0915426639352	87	33.8534420720129	20.209621993127147	151.6177070963501	18.68421052631579	
4135	0.64	41.14961743695819	0.3866080115972036	61.6051113260252	87	33.526439196409896	19.675	124.97284695271955	18.316666666666666	221	0.532	30.405907433522547	0.4516355800093858	57.919052525821044	87	32.31629792832236	20.169172932330827	143.70175902572458	18.192307692307693	
4140	0.642	48.15842772483166	0.3506876703536231	101.09685067968967	87	45.01567834707344	19.657320872274145	154.09800556880649	18.368715083798882	19	0.538	33.491452831582976	0.40312050092815394	54.733710827951796	87	37.496365187629195	20.144981412639407	151.89397848079344	18.558441558441558	
4179	0.634	33.438465838811574	0.3908722233804967	62.76327588310993	87	39.43721789941532	19.697160883280755	144.44191821022676	18.721311475409838	88	0.416	21.472962649398966	0.4377103317583612	50.06010756815539	87	34.88169213790883	20.64903846153846	118.21410325909578	18.476027397260275	
4198	0.64	44.9387709244048	0.37282182819316617	76.20744446670085	87	34.272178742012464	19.7625	144.9364896737804	18.194444444444443	174	0.612	37.22673025207728	0.4226195288176982	63.8174751418766	87	36.39417368563899	19.986928104575163	155.34343426119312	18.489690721649485	
4203	0.598	40.14231053201577	0.3693237052383009	62.178477166934506	87	34.789800340936296	19.7190635451505	138.8760494328722	18.427860696517413	258	0.526	28.55560743089282	0.4217857424282109	58.38379150287224	87	34.72574321785665	20.136882129277566	152.48718206704737	18.772151898734176	
4208	0.494	30.863811868340008	0.37829170520959843	54.24228843081755	87	35.16483852771748	20.20242914979757	106.98556910076739	18.41897233201581	257	0.608	41.030624502679785	0.43399213102589257	64.804565852088	87	33.589757949975514	19.94407894736842	176.66663000405643	18.755102040816325	
4213	0.534	34.302893262393944	0.3630139442632919	61.23570326464386	87	38.9224077761628	20.220973782771537	124.78581653432742	18.107296137339056	259	0.484	27.460681297400086	0.42181735737261766	58.682136647056495	87	38.68932567568414	20.144628099173552	141.9367543146757	18.22093023255814	
4218	0.604	49.75288303172133	0.36260860972714837	94.67646177848157	87	37.4989203439109	19.758278145695364	157.19619019046226	18.515151515151516	10	0.606	39.275668528854496	0.4005705774924671	62.61142663090265	87	37.9950298147453	20.254125412541253	147.1702116185068	18.304568527918782	
4227	0.658	44.52504364519219	0.3727023687281653	82.58364525905323	87	39.13208522151324	19.5531914893617	166.7479708366694	18.350877192982455	138	0.496	25.780161749762463	0.4476766447062874	55.01504220417973	87	35.481448842595384	20.072580645161292	127.98355133652255	18.51984126984127	
4232	0.566	38.14478845113445	0.37539647860842734	76.0295112545796	87	38.288708400078775	19.946996466431095	132.72375952072224	18.599078341013826	150	0.494	30.1517352507622	0.3966772581782731	55.97314082456488	87	40.9859524864825	19.93522267206478	151.56203032839016	18.304347826086957	
4237	0.526	43.01391819166985	0.328821618367846	86.92165307623678	87	39.180228619343616	19.992395437262356	153.52972490962023	18.51054852320675	67	0.456	25.86529625974913	0.42733311056208617	58.49580020301815	87	39.37479620745541	20.276315789473685	141.66639316710794	18.46323529411765	
4257	0.502	42.37502743385981	0.35740692936152535	95.4815167064413	87	37.16264849982926	19.816733067729082	134.06491242915504	18.449799196787147	40	0.646	41.04349593991981	0.4368700247063704	63.00343261296241	87	36.69368204899623	20.05263157894737	151.59888418259447	18.192090395480225	
4296	0.488	38.85288450764612	0.3586433791730888	74.18935892824086	87	41.64450042644684	20.08606557377049	134.8960941384429	18.44921875	14	0.452	25.196218337627393	0.37694153724147694	54.77328219623378	87	42.17804618666856	19.960176991150444	135.12515659116465	18.131386861313867	
4315	0.508	39.22355884264651	0.34547506010278084	75.74082732952812	87	45.513888232577585	19.968503937007874	144.65417957543454	18.443089430894307	22	0.436	24.821241517385687	0.3979870069021374	57.25292341388326	87	45.559882671709346	19.894495412844037	140.91542758759465	18.421985815602838	
4317	0.584	33.447497737988236	0.2865933488872599	80.64979039431486	87	49.464786076008	19.496575342465754	163.57582744547165	18.264423076923077	270	0.514	26.206305828554466	0.3270396578113324	66.0028336180356	87	50.640506697105415	19.49805447470817	149.26637303552133	18.16872427983539	
4320	0.646	33.30858392094889	0.3831983882393333	77.40548796880633	87	50.41442044530803	19.436532507739937	182.39109201218022	18.548022598870055	118	0.482	26.380891914886387	0.40886129875987676	56.481422366194124	87	44.61917668638294	19.929460580912863	141.9239516622861	18.216216216216218	
4325	0.68	51.023470795898945	0.2810772714658619	92.50332812237608	87	49.00605248518526	19.291176470588237	182.06830474169612	18.24375	42	0.602	31.572543425471	0.32581241557859736	79.55116251933039	87	52.12137613877606	19.019933554817275	174.77367257149984	18.261306532663315	
4327	0.398	22.484605389376956	0.3771624583969981	58.09731079652598	87	44.46686754019338	19.668341708542712	113.45925096225285	18.292358803986712	172	0.476	27.780047389508308	0.37282044956226096	58.288374810729316	87	45.16564900076327	20.016806722689076	133.75635514799785	18.328244274809162	
4328	0.546	34.860112624631846	0.35954098832997095	72.26108340888612	87	45.80099566325637	19.9010989010989	129.83144495162043	18.211453744493394	173	0.442	21.28089822710514	0.39004549384281456	55.74608332978896	87	44.89581057552846	20.09502262443439	133.11363199218292	18.29749103942652	
4329	0.918	50.515055467349306	0.23299521926264702	102.23280525769826	87	54.5601676548039	18.10239651416122	291.6389483462185	18.121951219512194	254	0.922	56.09432607751378	0.23121704136995946	106.65454802164864	87	56.799983169447295	18.23644251626898	343.2637625729501	17.794871794871796	
4330	0.916	47.38061739640405	0.2759099000819973	122.30919332189092	87	65.7452321393213	18.1353711790393	315.1468443794253	18.142857142857142	94	0.678	33.834699031116365	0.2553259576873237	89.03827436156546	87	53.578258424388906	18.707964601769913	177.70973059429963	17.956521739130434	
4335	0.936	68.03512240443692	0.21007366171839853	111.71966507129848	87	54.18694959521517	17.985042735042736	291.72826984078637	17.5625	17	0.91	49.18440367972418	0.20792328672359617	110.17472468380787	87	55.203728829166614	17.894505494505495	302.991439947278	18.155555555555555	
4375	0.942	68.41455443459509	0.24125322177889663	100.75833151719702	87	55.02614238548676	18.02123142250531	344.1296567074326	17.517241379310345	5	0.906	47.39832379444728	0.23199088027604825	102.70706898773415	87	57.42540303041267	18.24503311258278	288.37604805735134	18.06382978723404	
4394	0.91	44.49964791501632	0.23287125241459602	101.25038116597828	87	65.9291917538354	17.936263736263736	297.11461949774355	18.22222222222222	210	0.898	44.14642060027842	0.2312496600249915	110.48959646952648	87	56.01255258060662	18.276169265033406	271.45694512538836	18.019607843137255	
4414	0.914	48.85923835232356	0.2420107674149545	103.64811578937356	87	60.827359159778176	18.056892778993436	308.90110906926736	18.186046511627907	207	0.964	55.73285231984388	0.2307019684921357	109.02129113109635	87	55.562944746328576	17.933609958506224	345.9083663013524	17.666666666666668	
4453	0.898	50.644619150403884	0.2378034205125021	103.78584677402013	87	61.0410663952996	18.23608017817372	284.43889390079823	18	206	0.92	48.7221039478197	0.2322654462242562	109.99420840646411	87	55.72407054870598	17.971739130434784	338.8519735332517	17.75	
4472	0.904	51.96955411924688	0.23884672639433033	106.85194848916275	87	62.696368417437554	18.16592920353982	270.9125794966407	18.0625	209	0.956	55.03298525142457	0.2350872155365857	108.99787205494955	87	56.38896762469985	17.901673640167363	310.0765777328021	17.954545454545453	
4492	0.93	54.855605889365485	0.23963617667402737	115.9175578445916	87	62.02160431153044	18.06451612903226	260.40595634516217	18.02857142857143	208	0.854	41.86684969105443	0.2327072905664997	96.42847495956477	87	57.94991663057766	18.30913348946136	275.89966917197484	17.931506849315067	
4531	0.936	48.03695150090218	0.23220005351068285	100.39402611511616	87	65.50225760238865	17.974358974358974	337.1958639226492	17.8125	113	0.906	51.891817588082695	0.22582773863195407	115.34551559380901	87	57.999611055860605	18.037527593818986	337.2674650444668	17.638297872340427	
4687	0.936	69.03469435931886	0.24109829941873245	92.16664895654532	87	54.770588763171205	18.04700854700855	330.3261946624458	17.71875	20	0.918	48.740602302039385	0.2336149014511588	107.23585978332594	87	55.59696159579754	17.932461873638346	330.13603883112893	17.804878048780488	
4726	0.922	54.56460757308627	0.23161176408760398	97.98733639237008	87	62.75911038201406	17.926247288503255	334.56213542103643	17.846153846153847	91	0.914	51.24180075108153	0.23369907235803067	111.39522677464348	87	56.12560142246722	17.85995623632385	357.4752600135658	18.302325581395348	
4745	0.926	57.15484890370815	0.23733525466569486	103.83770085841208	87	62.23616413802221	18.01511879049676	319.4317396077274	18	108	0.918	48.88751610934462	0.23230470474319004	102.86273249258046	87	56.070003594107305	18.167755991285404	304.63041042769726	17.609756097560975	
4755	0.886	51.496059330996964	0.23630198881659506	98.39924459250275	87	61.7324455809263	18.02257336343115	350.75933368721707	18.29824561403509	211	0.896	42.575028985598806	0.23571716515553584	108.79522825539635	87	54.18814545315109	18.046875	319.3698218335599	17.807692307692307	
4760	0.926	42.220641607755624	0.22747208087130125	107.24008154854751	87	68.02391107666497	18.028077753779698	289.69066860914	18.135135135135137	214	0.942	57.016269610364915	0.23013750943071018	108.78815085711358	87	56.78824898470943	18.010615711252655	333.84037321545645	17.862068965517242	
4765	0.972	71.23279640005569	0.2351481311606297	103.56761133801984	87	55.848021637586164	17.932098765432098	361.51297135736706	17.785714285714285	78	0.896	44.73602748104874	0.23543233082706758	105.82658453331923	87	55.30612079662164	18.158482142857142	291.0500510057605	17.903846153846153	
4784	0.946	53.23159683545842	0.25654428153004505	81.91066800417533	87	65.3351390501763	17.980972515856237	362.9355457034927	17.88888888888889	89	0.924	55.96811513486797	0.22894502298527047	104.73898325930323	87	56.62681204517628	17.961038961038962	355.888445183978	18.18421052631579	
4789	0.912	52.55878284937469	0.23535575048732918	109.0965852957534	87	54.285296872754586	17.91885964912281	363.16788859801994	18.477272727272727	269	0.922	43.65199606099764	0.2370306830485605	110.6341617252044	87	55.49892496494361	18.004338394793926	309.0832005556648	18.102564102564102	
4794	0.876	45.26851047961904	0.23983433155365821	102.30602737292543	87	57.92485428973233	18.0662100456621	295.65102710605606	17.951612903225808	192	0.896	49.85699500338771	0.22872064121701308	109.14325996112747	87	55.10744980558011	18.174107142857142	276.63128069217794	18.01923076923077	
4804	0.896	60.925855409787715	0.23729622194272434	98.06170663031686	87	60.65350404814639	17.966517857142858	322.9255204722436	17.615384615384617	79	0.944	58.434644811803615	0.2260041512888236	109.89413001241839	87	56.84597565140496	17.923728813559322	342.01881060805266	17.535714285714285	
4823	0.928	53.56112201279665	0.23602580683664856	100.26245835059807	87	54.286123465693	18.08189655172414	306.74641971739885	18.305555555555557	263	0.88	46.000564552349104	0.23198808630310175	112.10875808769624	87	55.582986886378855	18.272727272727273	296.63896974475557	17.966666666666665	
4843	0.914	68.09410993433399	0.23602648552990999	95.56000276194324	87	53.9501784400454	18.01750547045952	276.04314704261736	17.72093023255814	38	0.932	52.32838871243397	0.23550763954403392	109.97147774828785	87	56.28809535809254	18.124463519313306	292.3982743275244	17.647058823529413	
4862	0.912	52.788775439764734	0.2380224835394299	98.78528670091423	87	58.223372694638456	18.06140350877193	318.3715667768781	18.15909090909091	188	0.93	49.4528283828045	0.2365587051647674	108.7373503038402	87	55.21822920813476	17.954838709677418	338.4111650072267	17.857142857142858	
4882	0.942	59.66783637572998	0.2371993401972106	101.17462269472067	87	53.523225968481675	18.036093418259025	315.8330525234048	17.96551724137931	153	0.928	51.573319698850476	0.2287716536629777	108.3607352771849	87	56.15962016030299	17.99353448275862	290.75756507277606	18.25	
4901	0.944	58.950628848139296	0.23519118266545377	105.82155807494854	87	55.19085190460692	17.991525423728813	368.7957217296703	18.107142857142858	154	0.922	49.0822367025624	0.2296063451449003	113.46020518796892	87	56.27660432978671	18.127982646420826	293.0977986490436	17.846153846153847	
4911	0.902	54.33080351779477	0.2373584825068629	103.2603058706179	87	57.600839297152	18.015521064301552	298.6466252384742	17.959183673469386	196	0.92	49.46130190780682	0.2324581968561641	108.98580769086163	87	55.13621967458022	17.967391304347824	339.3780607399079	17.975	
4921	0.896	55.85617036099142	0.23883736608678555	98.893040430318	87	54.00487018045118	18.196428571428573	290.73147384348704	17.615384615384617	152	0.938	49.65695409145935	0.23690724653307257	110.83875357184522	87	56.32669275446166	17.916844349680172	334.66601788353086	18.096774193548388	
4940	0.908	47.55320931834568	0.24054675293875166	97.69747352680061	87	59.34462951389241	18.211453744493394	344.42940817654755	18.108695652173914	235	0.912	50.436898573343335	0.22757864976553865	108.31813341568191	87	54.63771544943453	18.019736842105264	306.2344649286119	17.704545454545453	
4950	0.936	54.17481797023104	0.2342050135393791	104.84581970960605	87	54.31164845793743	18.014957264957264	327.74940522666213	18.09375	237	0.932	50.44491112601144	0.23288168667060216	109.9837279672872	87	56.71906682325244	18.064377682403432	298.84330970611103	18.294117647058822	
4960	0.954	59.02004454304218	0.23791674895711318	100.57610691778277	87	54.37576025680075	18.067085953878408	285.73677594751035	18.043478260869566	234	0.924	44.653212711501425	0.2333296104193932	105.74312071928934	87	59.241002148778655	18.028138528138527	284.2900619367362	18.105263157894736	
4980	0.944	53.8321167880753	0.24157518047361645	101.65720432532412	87	56.43119905394021	18.11864406779661	287.7824143862216	17.714285714285715	236	0.882	48.374358299642985	0.23221237812863932	104.03510682283628	87	56.29382531231913	18.28344671201814	278.6377325532445	17.74576271186441	
4990	0.932	53.40974211977374	0.2316087703058033	109.29364153969853	87	53.911736492115956	18.047210300429185	284.6838274359939	17.970588235294116	253	0.882	43.294718240777975	0.2341650110336534	109.55277356121888	87	56.71949699714194	18.349206349206348	242.08850980056653	18	
5000	0.906	59.0843876351982	0.23443386823766343	100.66921084037567	87	63.18299975629377	18.211920529801326	284.0819101061112	17.80851063829787	2	0.932	50.3055033792258	0.22963343439175243	108.17075976294397	87	54.51291418196019	18.006437768240342	305.13276099051154	17.735294117647058	
5039	0.92	52.88450484017698	0.2421976027946719	88.70770478281473	87	57.96055444930757	18.132608695652173	302.11868693652286	18.125	80	0.898	44.51009159722446	0.2323208015672176	101.56140011963875	87	55.890732477592316	18.13140311804009	275.5102580401441	17.823529411764707	
5048	0.97	56.17912453247114	0.2343474159423219	112.27521981724573	87	55.45110239232133	17.816494845360825	326.70417470882023	18.466666666666665	282	0.894	50.08627837646721	0.23232569844139234	107.3604697396223	87	55.72607542007392	18.11633109619687	290.06011856685154	18.18867924528302	
5058	0.954	59.958519263100854	0.2340446936801865	101.83157958383804	87	54.663373157539134	17.92243186582809	398.5745227623813	17.73913043478261	175	0.884	43.673731534669635	0.2341582262817009	108.28300145091963	87	54.92178178492992	18.20361990950226	247.0764727668257	18.310344827586206	
5078	0.95	68.63170062156533	0.24429446164430668	94.60745056876252	87	56.63184011101265	18.056842105263158	319.53593249869897	17.64	53	0.914	47.556610056773216	0.23067450558863795	106.92164186414125	87	56.99474220074334	18.015317286652078	276.16041866696736	18	
5156	0.948	69.26482837160914	0.24098868209657093	94.89715390738814	87	54.75425065466264	18.08649789029536	289.46476476227286	17.46153846153846	37	0.938	53.4466843684531	0.2307528863862905	104.76660449349407	87	58.007021988800105	17.865671641791046	370.0423722404965	17.774193548387096	
5234	0.946	58.55119825709141	0.24247693291180925	102.64603494360345	87	55.49635126953072	17.993657505285412	343.0346192442765	17.62962962962963	170	0.946	56.819546885583144	0.23471703135465838	114.49106370744632	87	56.68017233305316	17.980972515856237	327.19217197264504	17.814814814814813	
5253	0.942	57.951399568931635	0.23952591372899573	106.178243640318	87	56.57157843432257	17.94692144373673	363.77151689481286	17.93103448275862	241	0.928	49.38797232621922	0.22972314152521228	110.51967158389894	87	56.64133490888497	17.935344827586206	284.81695790280617	18.083333333333332	
5273	0.918	52.06915328097094	0.23567408846350138	104.44163433825497	87	55.41781562520371	18.043572984749456	337.05777122785855	17.926829268292682	238	0.93	48.63202811237117	0.23607883825101442	106.34362439810216	87	56.78533052402248	18.086021505376344	289.79719333093084	17.857142857142858	
5282	0.924	50.07695809569502	0.2366042855206943	97.89525889057404	87	54.09961751931051	17.9978354978355	324.19123657655786	18.026315789473685	281	0.916	54.07575328262707	0.23086496530735162	103.308570538589	87	56.882067065051885	18.063318777292576	323.00013785663873	17.80952380952381	
5292	0.884	47.699729125882484	0.24405651361123945	96.78196049272357	87	53.36089119131004	18.138009049773757	308.88899565783527	18.06896551724138	239	0.934	49.136171377037336	0.23776409339046478	105.3686799321183	87	57.301664590435394	17.91220556745182	335.3893213724654	18.060606060606062	
5297	0.936	50.41202132805667	0.23825176813115392	107.79420272007415	87	54.771450191910034	18.021367521367523	280.5659286067631	18.375	278	0.904	41.95674371095557	0.23356328636096577	111.96421109798656	87	55.85023839881526	18.11946902654867	291.9369182669736	18.145833333333332	
5302	0.95	53.84754908625686	0.24456574873716774	104.98618973694295	87	56.647717783780806	18.073684210526316	316.55167944439427	18.12	240	0.948	53.75978223861826	0.23141924991182342	110.21520692827221	87	55.373977801393536	17.938818565400844	390.05046444364984	18.46153846153846	
5312	0.956	69.72605537240337	0.24208334952567215	102.46731403606185	87	56.63921356145159	17.868200836820083	350.0926289844846	17.863636363636363	34	0.93	49.25586568494418	0.2348457005892338	104.91669436283661	87	57.528818590086395	17.864516129032257	343.4586839972072	17.742857142857144	
5331	0.934	44.267920450376344	0.2517947943293172	85.6771205785984	87	61.90050536631497	17.995717344753746	320.18113020070507	18.12121212121212	140	0.922	48.117569697748344	0.22930681196632846	103.01085612509758	87	57.19261238685307	17.976138828633406	305.4780628359412	18.333333333333332	
5351	0.916	43.2071395551255	0.2496077454961143	93.38732757298195	87	60.666540278601595	18.117903930131003	340.40653478151927	18.023809523809526	139	0.942	49.965522728779355	0.23374386593017646	107.55777009524346	87	56.78716029144835	17.966029723991507	311.79044236277304	17.82758620689655	
5370	0.932	56.491695963472324	0.24708188674159492	91.35803356545976	87	56.59128059688919	18.09227467811159	322.3757057300091	17.794117647058822	223	0.896	46.78460285306719	0.2372341411893703	108.35390424293116	87	56.3645066052223	18.049107142857142	300.9006120943843	17.673076923076923	
5390	0.938	44.792512296718876	0.2437488952113969	102.38123536493686	87	63.3439891049335	17.961620469083154	352.924223086697	18.129032258064516	111	0.928	51.98879551793603	0.22824643695953875	106.61159708112446	87	57.341558133947935	17.88362068965517	327.8860566182249	17.75	
5468	0.944	69.24069944812072	0.23961018989814167	98.12908842231388	87	56.36829881748327	17.911016949152543	363.6168535263129	17.535714285714285	70	0.874	42.29168682867218	0.23291009667346024	101.29097383203492	87	57.3101773897551	17.96796338672769	303.2096082207381	17.746031746031747	
5625	0.944	66.81388369824181	0.24366826421320825	90.54409192029645	87	56.7235430501487	18.04237288135593	321.3872108524836	17.928571428571427	32	0.912	54.314164562084954	0.22785065087900344	111.69798336693403	87	57.30489423443103	17.94956140350877	311.40211043727055	17.886363636363637	
5781	0.94	66.45551722128675	0.23717391622569117	99.2073321084741	87	56.88736966215306	18.070212765957447	322.0096233702698	17.333333333333332	73	0.928	49.253240204991684	0.23092231296632382	107.13528292356447	87	55.496016816294336	18.032327586206897	300.7753260615008	18.11111111111111	
5820	0.932	49.511262218385745	0.24378571001474897	93.84829540947506	87	55.337652229076554	18.09656652360515	322.0688004734502	17.794117647058822	248	0.918	47.17078083623063	0.2318274741383768	105.00647455268978	87	57.426949576679384	17.989106753812635	334.4261406829103	18.048780487804876	
5859	0.93	44.641571383137865	0.23716357623977702	92.82366333621086	87	64.59680860960034	18.021505376344088	348.48083060103784	17.97142857142857	90	0.894	50.28970017437736	0.23031269888543338	112.37535153609952	87	55.43741878193466	18.017897091722595	314.2661685587547	17.547169811320753	
5868	0.926	49.906761665171004	0.2396287058645216	97.64005370203616	87	53.63969288755276	17.91792656587473	341.12683083983535	18.2972972972973	267	0.904	44.33763303749505	0.23496049929830656	106.19609868525913	87	56.44057064039617	18.042035398230087	320.09445397885656	18.145833333333332	
5878	0.886	44.19613907313286	0.24540568573871263	99.95502986900593	87	55.80987532295849	18.25056433408578	269.9151635095221	18.210526315789473	265	0.916	54.540691166208134	0.230847737279237	107.06577582420765	87	56.34910653867741	17.986899563318776	304.670402854162	18.071428571428573	
5888	0.902	51.66567383000858	0.2372299221162769	99.03491829449482	87	54.22859162060524	18.084257206208427	303.9588047268759	17.93877551020408	266	0.912	42.46244959913421	0.23659983614867908	111.26955675178674	87	55.10504889926068	18.210526315789473	291.53103851770953	18.568181818181817	
5898	0.948	49.85957272286372	0.22587156855487747	105.62581959812582	87	66.20119015864191	17.9957805907173	324.51910876837354	17.807692307692307	99	0.926	52.89977606143779	0.23252046337840945	103.22460728409756	87	54.38833952852267	17.94168466522678	366.5337851113994	17.81081081081081	
5937	0.958	68.94764872684537	0.24669940385779623	94.97508971133048	87	55.78412750875836	17.937369519832984	387.28881814825854	17.428571428571427	71	0.942	46.68543335171158	0.2341271927998673	107.35031125946976	87	55.88626725931789	18.012738853503183	250.52962749720405	17.93103448275862	
5946	0.956	59.58168174886801	0.234797127211745	101.78705375594348	87	55.325047193540115	17.8744769874477	323.53808382171974	18	256	0.936	48.46827813301893	0.23047484850890404	110.54874492140773	87	57.04516472428579	18.04059829059829	278.333760320747	18.09375	
5956	0.92	44.802431019090044	0.2439445360524069	98.9180922083661	87	63.23855541472585	18.160869565217393	291.4387412593719	17.875	142	0.932	54.91785891056683	0.2299112712248517	107.49527182777022	87	56.74650028591081	17.894849785407725	375.96766941163247	17.764705882352942	
5976	0.89	42.77118855850812	0.23969001596301823	88.11059333179078	87	63.16589335952445	18.283146067415732	253.39132487038526	18.12727272727273	141	0.918	50.48616305136708	0.23249080238294906	109.00473108025824	87	56.640057164775506	18.202614379084967	298.09336982640633	18	
5985	0.954	55.383329269206506	0.23655803709545156	104.69201581558049	87	55.0663667180082	17.857442348008387	389.478193468637	18.47826086956522	226	0.892	44.08116469182275	0.2379435685846992	107.56893849148433	87	56.17974789918545	18.123318385650226	309.6800574138441	17.72222222222222	
5995	0.934	46.93561679658199	0.25031884198887855	96.96692202225306	87	61.991891334114506	18.100642398286936	343.13455672268543	17.96969696969697	143	0.928	50.230584363654636	0.22935497550502354	111.20320601460234	87	55.8379900964564	17.920258620689655	298.60884769324036	17.88888888888889	
6015	0.94	49.81821650803688	0.24736219982580548	91.74350819171052	87	64.93896956736107	18.05531914893617	278.7919960154427	17.533333333333335	112	0.934	48.322175428845725	0.23395503285652536	111.43797819609391	87	55.75682079194731	17.980728051391864	349.4819729983363	17.696969696969695	
6093	0.946	64.19304055123287	0.2467399897164455	94.64759352388614	87	57.426138628390966	18.198731501057082	283.92054554069347	17.85185185185185	72	0.924	47.13179559852278	0.23495551862424913	112.81943842484017	87	56.23896488228792	18.015151515151516	332.76051809760907	18.236842105263158	
6132	0.938	56.216812302719184	0.23815538260342087	99.78672131233455	87	55.68272648521637	18.04690831556503	341.13773186931076	17.806451612903224	156	0.936	48.73883068481346	0.23490790171969217	108.48184659256395	87	55.38308768372935	18.115384615384617	332.3948468089472	17.96875	
6151	0.92	52.35125415394822	0.2389001061904547	98.0348137200966	87	54.71068006628841	18.215217391304346	301.3617581697658	18.2	176	0.954	50.18200180937287	0.23299305010172072	111.25888865101419	87	54.36279668269602	18.029350104821802	293.05382823796214	18	
6171	0.908	55.77053006506359	0.24239133399708118	96.06367710866894	87	55.25324161407254	18.191629955947135	312.2934139545714	17.804347826086957	155	0.916	50.118731055057225	0.23530744941813386	101.60459821796292	87	56.395881760756964	18.12663755458515	295.35293531967267	18.357142857142858	
6190	0.904	52.45445050500315	0.23912561531366155	96.42222951412884	87	53.55485914351419	18.006637168141594	313.51212323094387	18.041666666666668	158	0.918	44.41734889382565	0.23299574387718622	105.67437139736313	87	55.53754654299974	18.11111111111111	276.906832968266	17.853658536585368	
6200	0.928	51.90040491291102	0.242668197232008	102.35545663314187	87	58.81854806741218	18.032327586206897	289.70701845313346	18.11111111111111	193	0.938	49.55359501293335	0.23374480978565848	104.43131758990657	87	56.172539887481356	18.17910447761194	287.2960327824548	17.870967741935484	
6210	0.954	63.37186129930676	0.23778467214610297	106.75316663001408	87	55.12509614003609	18.09014675052411	290.0885610603722	18.217391304347824	157	0.926	45.1971885979203	0.23643930157414034	105.05590031941853	87	55.682294096653955	17.967602591792655	331.1117689196644	18	
6230	0.926	50.14512844941625	0.24041148269394524	99.34766170737404	87	53.99191104642113	17.978401727861772	327.35800156089516	17.675675675675677	283	0.946	56.6467065869843	0.23684840521275805	106.30834223393096	87	56.49893065244683	17.980972515856237	341.1692916469635	17.62962962962963	
6250	0.938	61.95017567978862	0.24081387988554945	102.3021356468683	87	60.5182022605087	18.15991471215352	287.9711530850179	17.903225806451612	27	0.936	48.38059400606179	0.23518196021098536	107.24861557069778	87	56.79891409703527	17.891025641025642	309.3546470670914	17.8125	
6328	0.942	50.47149592833223	0.24036867698992292	102.03219619549311	87	54.25760387378286	18.008492569002122	353.90777274147547	18.03448275862069	299	0.908	48.83978613758751	0.22971439135975885	105.22783815498134	87	57.09067816027822	18.09691629955947	298.20698754795507	18.108695652173914	
6406	0.922	47.260238864488514	0.2433539507822766	99.93184678379409	87	56.89480999748533	18.112798264642084	325.76907709271285	18	297	0.918	42.86274583040333	0.23624636798112578	105.68381844309805	87	58.692897893663265	18.139433551198255	318.8085259457202	18.097560975609756	
6484	0.936	50.61538794350579	0.23427223265974548	102.90109509884483	87	54.700191063211754	18	313.7091337733305	17.75	298	0.926	41.937646057401274	0.2380524109154856	112.86106860708891	87	59.84345788908097	18.21598272138229	295.99267572513423	17.64864864864865	
6562	0.94	57.26120857629636	0.2570596286293538	103.30423828174334	87	57.67948812712017	18.259574468085106	285.08891806103173	18.033333333333335	29	0.886	40.025298156956346	0.2415968480378564	104.30837119196313	87	60.35464176706312	18.322799097065463	251.51174716819602	17.964912280701753	
6601	0.93	48.0262750199451	0.24393969321363693	98.49146458102877	87	63.688567720470324	18.163440860215054	311.1664815192767	17.857142857142858	133	0.906	43.345134436892124	0.23665722979482634	106.85717393772238	87	60.17523486737809	18.183222958057396	294.3199990307416	17.617021276595743	
6620	0.906	44.300145711505046	0.23832345765074953	108.76672755607304	87	68.27711966590697	18.423841059602648	267.0216366353594	17.914893617021278	203	0.88	39.66358072007447	0.2443713450292393	99.29994856572654	87	60.09293675831702	18.297727272727272	298.12200941861727	17.45	
6640	0.906	41.03446714088812	0.2489403195149712	91.62381428944634	87	62.37123064336196	18.253863134657838	282.3668374965119	17.76595744680851	132	0.926	41.71998053628802	0.2456297861496156	103.78875906313776	87	59.65818066510946	18.278617710583152	251.32005067178747	18.16216216216216	
6659	0.904	47.396843706113856	0.24938221290689833	104.07652262688507	87	57.99443930880388	18.26991150442478	309.4341102048734	17.770833333333332	222	0.904	39.022031908302296	0.2421516875652607	111.31942137442563	87	58.87074419971973	18.29424778761062	293.9443946537337	17.791666666666668	
6679	0.884	43.376710043159456	0.24597863297895167	88.61919694390296	87	62.22799272170455	18.1131221719457	315.66415625023086	18.086206896551722	134	0.898	40.71196061176808	0.24459330561435655	112.59038466733786	87	58.584445336818966	18.242761692650333	294.80554667316125	17.607843137254903	
6698	0.902	43.55888659268037	0.24832716083282408	88.55436686009924	87	64.15892670802789	18.08869179600887	301.17833916140944	17.93877551020408	135	0.876	39.42394239428899	0.24389012193838505	114.59604054035135	87	59.82347667153305	18.360730593607308	242.91711304970542	18.129032258064516	
6718	0.93	54.92753109644346	0.2548414468598228	97.79247356107291	87	59.24749316620864	18.32688172043011	299.4707864207989	17.8	31	0.89	40.07637025147834	0.2429573810600525	103.14047539886671	87	59.992042320146744	18.27640449438202	275.5901047449732	17.945454545454545	
6796	0.928	60.8596424494772	0.2477378050433722	95.31543019343125	87	56.43702577278145	18.066810344827587	333.5505860205008	17.805555555555557	35	0.902	40.78568973911942	0.2448993445746447	101.92111864730917	87	61.03821646225266	18.305986696230597	272.2146789659186	17.877551020408163	
6815	0.93	45.0769215853889	0.24976696960617817	101.24306088630581	87	59.97600798331386	18.260215053763442	320.80964065717035	17.6	268	0.892	39.98780640898037	0.24014491958375667	99.06051666712908	87	59.6190686423259	18.2847533632287	256.17619006519953	17.88888888888889	
6835	0.946	68.8540817517219	0.23816977905735165	97.61138109156849	87	53.703608180123986	17.91966173361522	350.31377567621445	17.555555555555557	39	0.91	40.99431485438645	0.24429391729701308	103.1050993272964	87	60.93329815113884	18.334065934065933	282.97682557054	18.066666666666666	
6855	0.926	55.63900739074981	0.25068052760113513	97.75823821532978	87	58.05028641787609	18.250539956803454	316.67498607349023	17.81081081081081	59	0.88	37.86444528582983	0.24468262344810335	100.17596720830565	87	60.49986436555594	18.172727272727272	279.81652111512204	17.866666666666667	
6865	0.898	39.47148646603958	0.21838194114046175	108.5684399921223	87	65.340330104301	18.12249443207127	325.9928832943357	17.823529411764707	97	0.874	38.99905402719701	0.2422445151331236	103.05428193753619	87	59.64691440799776	18.215102974828376	319.5222349301087	18.03174603174603	
6870	0.906	49.37437328314185	0.24678449901319086	109.12830505283728	87	61.71145207886485	18.32450331125828	313.6616572558729	17.595744680851062	215	0.866	37.1224526537018	0.24195527082434592	102.02831317451985	87	59.83899227721085	18.263279445727484	234.7069512580662	17.865671641791046	
6875	0.812	45.1995012469887	0.24254584017515038	78.17834765551798	87	66.66031516752102	18.295566502463053	207.06450736485397	17.829787234042552	28	0.918	39.42892485286756	0.2455612832221525	106.5970187958177	87	59.79768289116759	18.224400871459697	328.9379693725522	17.634146341463413	
6879	0.89	47.551879634886404	0.24241300541505786	99.64478883428099	87	56.308134009545206	18.319101123595505	289.62404356409877	17.78181818181818	194	0.904	40.5170404630173	0.23836345592421113	105.51121553365043	87	60.63926618218209	18.280973451327434	265.08892912162867	17.6875	
6884	0.922	44.4628768739037	0.2974698167117131	55.569046299944034	87	62.08226641646636	18.386117136659436	244.22446181337554	17.974358974358974	120	0.876	39.500383280137314	0.24534504180587546	105.41700865098123	87	60.07792021015006	18.253424657534246	286.18815669637723	17.822580645161292	
6894	0.9	53.50900140297797	0.25435768069410974	92.26510043484022	87	57.264238523571045	18.293333333333333	297.6918731726531	17.72	75	0.886	40.96541520246587	0.2428434595096602	102.16820409982489	87	61.541049905517276	18.35665914221219	254.59175518532675	18.17543859649123	
6914	0.904	54.14340815979331	0.2500174662319512	103.675675544633	87	58.1260630429717	18.245575221238937	278.064932913904	17.8125	61	0.9	39.27695490132884	0.24335328517371843	106.17636315882356	87	60.01648619502013	18.35333333333333	272.1568401796219	17.9	
6923	0.886	43.39903601253102	0.24163989622620247	100.59507656506673	87	60.400992003368295	18.415349887133182	264.70010333821403	17.912280701754387	205	0.918	41.10656361654595	0.24081538589521365	110.53439999178153	87	60.42386878599344	18.33769063180828	295.3436847087664	17.878048780487806	
6933	0.846	44.723570273426894	0.24219793097447176	92.78554780812081	87	57.55264353584416	18.46808510638298	261.0463948038568	18.09090909090909	204	0.888	40.13559322033898	0.24289204064745845	104.72114037229612	87	60.475115403141395	18.18243243243243	265.81631402630836	17.660714285714285	
6938	0.892	41.43171662957846	0.24853114717683147	103.1029154706975	87	58.816566780442244	18.230941704035875	293.27695756143413	17.925925925925927	274	0.914	41.084929831627576	0.24038550273654719	107.25777807293387	87	60.50824933654565	18.356673960612692	244.83707938501553	17.86046511627907	
6943	0.93	42.84490145692666	0.25410717390144094	97.8875520098956	87	58.21081983240729	18.361290322580643	246.6299249766552	17.8	273	0.896	38.112090380115745	0.2433152811563221	103.01469327784845	87	60.03671488539989	18.370535714285715	289.1542383615866	18.076923076923077	
6953	0.88	52.247224366586885	0.24593731431966734	96.20304145990465	87	58.215706190863266	18.28409090909091	319.41486404994475	18.016666666666666	36	0.868	37.053163605805	0.24102674459710302	104.65889302626664	87	60.57377405126064	18.177419354838708	301.9791385626807	18.075757575757574	
6962	0.912	42.30094898853248	0.25020907639756385	99.5901226769455	87	58.358708657533995	18.29824561403509	265.48942383954454	18.045454545454547	271	0.902	38.37024306822354	0.24707964642269523	99.24881697241408	87	59.351839546110234	18.343680709534368	305.9947737933623	18.306122448979593	
6972	0.916	44.43754487411173	0.24447084510660155	98.24626579799617	87	63.29617802753602	18.137554585152838	325.0324206111699	17.976190476190474	122	0.922	41.379434151752974	0.23967381449668565	102.6277140980595	87	59.32054737425308	18.308026030368765	255.05524158386942	17.871794871794872	
6992	0.922	55.130351590761904	0.2523448990282262	94.08047571179526	87	57.794369811700705	18.25813449023861	312.07601284108426	17.974358974358974	69	0.908	42.51214967289152	0.24085293132632898	100.3128102091922	87	59.94577559117074	18.23127753303965	317.00879095777134	18.26086956521739	
7031	0.93	56.45122128896489	0.2510609910819639	99.76278801615977	87	57.44131246870385	18.212903225806453	290.55734038809135	17.82857142857143	33	0.886	38.48960867414089	0.23898514793822953	106.37307201799828	87	59.70860925335374	18.27313769751693	252.65069675877822	18.526315789473685	
7050	0.91	42.04437298403349	0.2514048534393511	102.56309281762125	87	59.706718419064636	18.323076923076922	278.2948117278867	17.77777777777778	251	0.842	35.731563446978754	0.24129682877026293	103.13311707716433	87	60.91542788111225	18.239904988123516	273.46438762089207	17.962025316455698	
7070	0.906	42.46384011848482	0.24807885510425878	94.56445267306212	87	59.779722851317594	18.229580573951434	290.93398704156846	17.872340425531913	249	0.848	39.96116980691544	0.23813492874806325	102.33511915850589	87	61.33747858454052	18.327830188679247	260.8344519032242	17.92105263157895	
7089	0.908	43.89993908162503	0.24854927305955962	102.82671172969334	87	57.52475825509344	18.297356828193834	310.0109433866318	18.347826086956523	250	0.882	37.25795005228874	0.24252527521729927	109.98376603154588	87	59.22118473089775	18.476190476190474	232.36697186927861	17.796610169491526	
7099	0.904	41.44963685709373	0.2500617882225082	100.58282872100713	87	58.405264435190254	18.278761061946902	302.0516941948221	18.104166666666668	286	0.864	37.57959567168994	0.2421002863458573	105.03156000200713	87	59.69548814165046	18.375	260.0795451262381	17.88235294117647	
7109	0.94	67.52291469134718	0.24793677586749485	95.82531391632392	87	54.880833052720526	18.05531914893617	352.04904547264385	17.633333333333333	66	0.91	40.245542032397815	0.242893394874819	110.14098883143173	87	61.04776664659619	18.27032967032967	273.20949780335224	17.644444444444446	
7128	0.944	57.80205246217766	0.24708097928436873	96.94804196649936	87	55.22907952574562	18.074152542372882	323.986558841498	17.464285714285715	177	0.876	39.26279178150741	0.23524326417260807	99.41547657169535	87	58.64543364453597	18.22146118721461	288.9319217457025	18.096774193548388	
7138	0.902	43.506781655565725	0.2511731946055734	100.91195664905656	87	60.37461988178965	18.31929046563193	246.5448608281222	18.102040816326532	275	0.888	39.35786403800471	0.2415625765083968	107.50999295749222	87	60.55777264133447	18.495495495495497	242.77812461986935	18.125	
7148	0.91	39.424659907864026	0.22493153131698027	112.02188910988194	87	61.58552188499388	18.235164835164834	283.98646120261145	18.377777777777776	92	0.9	42.307945432101036	0.24028119863929975	110.76498370125631	87	60.33887603467928	18.255555555555556	298.9818323267538	17.96	
7187	0.904	54.07086633039408	0.25437013495042476	97.52836509671826	87	57.54176575388851	18.25221238938053	314.46204514813934	17.791666666666668	30	0.894	38.11846571026475	0.24245560934841384	107.26652998743143	87	58.33961804734881	18.29753914988814	267.1082463699626	18.11320754716981	
7226	0.902	43.343296204400495	0.2514978563098322	96.52505273963116	87	59.863771852775535	18.32150776053215	297.81821331364176	18.183673469387756	292	0.886	37.542372881207775	0.24185677201457598	96.84093586266503	87	60.45129021973204	18.349887133182843	296.7993625963742	17.912280701754387	
7265	0.89	38.559854425708785	0.25824974973233916	103.23539090137979	87	58.9095550640792	18.4	260.86184676857476	17.90909090909091	289	0.866	36.82630401697469	0.24421063753891814	105.16916987152158	87	59.830634720106985	18.270207852193995	293.45551849916086	17.865671641791046	
7343	0.892	38.465850776594806	0.2423341350937352	93.66840969618035	87	58.55370747902849	18.18834080717489	311.25915587457695	18.38888888888889	288	0.902	40.00070954690537	0.24575228231877033	104.15261743073695	87	60.17221935240039	18.412416851441243	250.12811463875306	18.102040816326532	
7362	0.904	38.92022215532526	0.25507609036472806	101.92194234053733	87	59.19442056126299	18.349557522123895	253.61460100422156	17.729166666666668	296	0.92	41.05163581852862	0.24765401355050035	106.83010127398758	87	59.68053124643614	18.345652173913045	289.5009929757081	17.975	
7382	0.914	41.27193418154517	0.25248564357218156	97.30471500135398	87	60.185537531601724	18.345733041575492	320.48453409132253	17.813953488372093	293	0.882	38.42902829473182	0.24422537046007478	107.62165237195036	87	59.339767601576405	18.392290249433106	272.93611334577963	17.93220338983051	
7401	0.898	43.148183739837116	0.24727579462215046	101.49480821346486	87	60.031523727616	18.280623608017816	275.66197762871803	17.666666666666668	294	0.906	38.84144459290136	0.24278182904779552	105.50341336646859	87	60.32329743372264	18.31346578366446	285.69442549662125	17.872340425531913	
7421	0.878	39.27462715943286	0.2524963798011713	96.95820611487638	87	59.962913674413414	18.44874715261959	238.4279617605958	17.885245901639344	290	0.866	36.8567099639826	0.2467291263979358	102.33558246961042	87	58.76407113686075	18.30254041570439	293.1691468536171	17.865671641791046	
7440	0.882	37.99169523941469	0.2521439374970261	98.72911919189926	87	59.004578817394396	18.303854875283445	276.0311825274148	17.93220338983051	295	0.87	36.957740734988406	0.2387297901616786	104.55323902686062	87	58.850890641495546	18.351724137931033	286.80516961314316	17.692307692307693	
7460	0.906	41.48351648379952	0.2469902139237629	102.40253250481855	87	60.0421534875272	18.247240618101547	329.04021165758013	17.893617021276597	291	0.898	39.77569696051794	0.2403765046048896	108.2800059967894	87	59.24517655159562	18.43207126948775	234.10509507536884	17.764705882352942	
7500	0.902	53.002703020569264	0.24532377310826287	97.59056114907641	87	58.05919389463763	18.29490022172949	276.6177522049663	17.836734693877553	8	0.876	38.96242527771293	0.24446429216563645	96.14723816269704	87	59.89228178929787	18.28538812785388	297.93573395164753	17.677419354838708	
7539	0.9	47.104142024654564	0.23928071130986509	97.54892551579147	87	64.51848191207527	18.308888888888887	296.6261941272717	17.62	103	0.89	38.776577204519086	0.24050314428945227	100.45555947542451	87	59.81064355099973	18.240449438202248	309.8287548490438	17.763636363636362	
7558	0.886	44.582205360098826	0.24376728236738424	102.07890008978845	87	60.22644499349085	18.331828442437924	289.3401878736461	17.859649122807017	185	0.896	38.40844985879539	0.24096042611123406	102.42169756213376	87	59.43405369349883	18.352678571428573	277.76647299659106	17.942307692307693	
7568	0.92	43.8935486029047	0.2524397417243018	102.88740030743469	87	59.292174409851405	18.304347826086957	324.73336446623114	17.775	224	0.88	37.315964447764685	0.24742306970635153	100.43212081507329	87	60.26117319140636	18.329545454545453	241.60625327271921	17.816666666666666	
7578	0.928	55.250592395956666	0.25060670290499726	101.47267478008274	87	56.6786095664191	18.24353448275862	293.637191542749	17.47222222222222	74	0.874	37.13270907308046	0.24181405610540005	103.30973523940342	87	59.156633241198946	18.327231121281464	261.1545805368605	17.746031746031747	
7656	0.926	55.420561866302265	0.25342465791591123	104.54898784589568	87	57.61947778035145	18.226781857451403	319.3749633531389	17.83783783783784	63	0.904	42.256812975898114	0.24164824911489222	112.27209247113412	87	60.27882064920178	18.3429203539823	265.9142374042435	17.958333333333332	
7665	0.904	40.96689113860658	0.2513838183542315	97.76082930799267	87	59.58820205425983	18.373893805309734	275.94323515829865	17.895833333333332	272	0.9	40.41202302557591	0.2421164170080579	107.31289224877263	87	60.128734644317966	18.38	265.2465127985805	18.3	
7675	0.89	36.89394441860364	0.26220242167436675	81.46014120691189	87	62.5600446494592	18.467415730337077	265.9191670889505	17.98181818181818	127	0.892	38.859313601537075	0.241224290833476	101.58864748675369	87	58.935790400171385	18.255605381165918	261.802901370161	17.87037037037037	
7695	0.872	38.43441466880284	0.2486187642608949	91.59476545617187	87	63.27363530350284	18.454128440366972	229.44438770374964	17.765625	125	0.898	37.852602471571984	0.2452068312184013	102.54776947628982	87	59.1597087968007	18.400890868596882	281.4581361233167	17.96078431372549	
7734	0.888	37.496833037703	0.2507035950147405	89.92786080972101	87	60.11950773590341	18.41216216216216	272.86207456193563	18.071428571428573	124	0.874	38.38552417746232	0.24554444845905757	100.7795426481019	87	59.43983627379766	18.393592677345538	263.49764576275385	17.952380952380953	
7773	0.872	38.21042022699016	0.24586956744713023	100.19776405036644	87	65.07100433755946	18.405963302752294	272.20962942767096	17.96875	126	0.9	37.853615861594015	0.2408914115353744	105.6132184330408	87	59.9253088123316	18.3	288.9731011228238	17.88	
7792	0.902	38.84281149619264	0.25399247106941736	89.79298169249236	87	65.05752625900166	18.454545454545453	257.7835671461694	18.020408163265305	128	0.918	38.56170713249573	0.24290333034945447	103.97788745885344	87	58.83334159923261	18.45098039215686	256.23646276237423	18.073170731707318	
7812	0.916	51.464721944143605	0.24163303412225215	95.32234512271883	87	60.2847598357933	18.316593886462883	297.9864917017977	17.952380952380953	26	0.916	40.81087101792557	0.24233221979514252	109.40069750169556	87	59.32380402726219	18.229257641921397	324.047089304715	17.642857142857142	
7821	0.924	44.65752895010336	0.25690028802589576	96.79916204003419	87	58.4891424669034	18.266233766233768	285.77664196538393	17.81578947368421	227	0.894	37.41869595410468	0.2467053605853033	106.3556338220569	87	60.65608398702785	18.277404921700224	302.6218065186668	17.77358490566038	
7831	0.872	42.9205674177341	0.24038849202967844	112.79035157264225	87	63.81663758272501	18.412844036697248	266.1465293153987	18	182	0.91	40.1631240730966	0.24212752847427751	114.24543427578215	87	60.26210003586452	18.296703296703296	285.4309612204842	17.755555555555556	
7836	0.916	44.2781596523719	0.25487721653435746	100.60584044270041	87	59.022865301186044	18.25109170305677	307.4180933287387	17.857142857142858	233	0.94	39.520374014022856	0.24371517027863743	112.8205027502448	87	59.22282954118678	18.376595744680852	296.60506681264593	17.5	
7841	0.792	37.99472295519604	0.24006756809581875	96.93227317972747	87	64.51524852735682	18.54040404040404	221.78523067209423	17.91346153846154	183	0.914	38.44730111737458	0.24445219755528586	105.21810970650527	87	58.762334966179424	18.36105032822757	256.2673828381378	17.72093023255814	
7851	0.758	30.408305719614464	0.23726393302310056	96.65483906963883	87	63.82648426884815	18.738786279683378	200.0937340401103	17.94214876033058	180	0.91	40.08704615719662	0.24032188313922032	109.38780569359842	87	59.27219798530076	18.327472527472526	284.69311896960545	17.68888888888889	
7855	0.892	41.946072023263156	0.24938851789634095	103.07625943121192	87	60.47319316195677	18.385650224215247	270.082330615359	17.64814814814815	280	0.922	38.88129817972854	0.24136089340786337	111.36640807204374	87	58.68245612359059	18.349240780911064	255.33544428717235	17.564102564102566	
7860	0.83	35.734582464987724	0.24181597390594378	98.37557677304008	87	64.49287274484936	18.416867469879517	248.8345118528053	18.11764705882353	184	0.92	38.27241640415263	0.24115613922914692	103.79656046960984	87	60.999618917739646	18.223913043478262	266.12746931611053	17.575	
7870	0.878	43.3289247716238	0.2401049857660363	111.2428388326079	87	62.94707437325552	18.378132118451024	281.5809768129028	17.80327868852459	181	0.89	37.561617935165884	0.2448135650869848	104.39071541860137	87	59.16074777760625	18.240449438202248	288.6397415968525	17.745454545454546	
7880	0.84	37.50133933337735	0.24696229953969884	92.55482376145636	87	57.64263970313092	18.416666666666668	251.94418587787652	18.1875	190	0.908	40.262861501049585	0.24394735326698871	106.20202159835053	87	59.27349931836905	18.196035242290748	293.72107828069204	18.17391304347826	
7885	0.846	36.00367697108307	0.2365484064307156	91.94569476488472	87	62.54293709731658	18.35933806146572	260.9682796692508	17.87012987012987	212	0.898	40.048164830840626	0.2408602076394971	101.74345567996511	87	59.25691666061538	18.309576837416483	297.5489582603105	17.96078431372549	
7890	0.93	48.25002853524381	0.24883980455038052	107.48525851594171	87	58.244528772607204	18.2494623655914	296.23778483987707	17.571428571428573	160	0.898	38.30371691074801	0.24448072121436365	108.4638341963986	87	59.257758943461624	18.360801781737194	302.88229658625784	17.980392156862745	
7968	0.932	57.217931560007266	0.2417292929896903	100.65002505721748	87	54.72790494869188	18.184549356223176	274.32429061961983	17.823529411764707	159	0.94	41.00649124017688	0.24173879630239545	107.34506904488485	87	60.01945196137899	18.30851063829787	289.413580442256	17.5	
7987	0.91	42.8727574249857	0.2548968386274887	98.70908193467668	87	58.34232754509527	18.336263736263735	294.03629649902024	18.044444444444444	264	0.922	40.849600808172056	0.24056376746383012	100.91826055281928	87	59.13159874930469	18.188720173535792	308.7024140918732	17.923076923076923	
8007	0.914	47.278144461685464	0.24935901344299077	102.6037866258469	87	57.17007476106488	18.2363238512035	271.74000269806396	17.72093023255814	162	0.908	38.47066399993356	0.24268361800242164	109.16340618718426	87	59.426841060698294	18.1784140969163	307.63193085605843	18.043478260869566	
8026	0.94	49.71335491085285	0.2500592480366537	107.11627779529896	87	57.19930270954443	18.21063829787234	278.8448374949464	18.433333333333334	164	0.916	40.39121270653687	0.24170484998565422	109.57713190547683	87	59.20881087215086	18.16157205240175	344.0264655166656	18.11904761904762	
8036	0.932	50.93619858548147	0.25259400499903273	104.06700090359075	87	57.701041949399816	18.336909871244636	307.2586296807719	17.647058823529413	166	0.88	38.97012585575039	0.23761192615004545	103.98250506922932	87	59.32792707530138	18.15909090909091	317.3882725507715	17.733333333333334	
8041	0.884	40.67659347359664	0.25432973459289215	98.47434116805267	87	56.73996263915428	18.29185520361991	326.785437406684	17.810344827586206	168	0.912	38.35445912670735	0.24111234829419628	111.04842434556235	87	58.906207090368625	18.33114035087719	285.2452222088183	17.954545454545453	
8043	0.88	39.50014363697116	0.2504711980485974	105.09080327558593	87	57.94506065776396	18.470454545454544	250.9988652301334	17.7	255	0.882	36.63673143840992	0.2456362564518983	99.86282130886305	87	59.29780493200572	18.29705215419501	303.83555513472675	18.220338983050848	
8046	0.738	34.49694295413135	0.23667010663914692	88.88702537780964	87	59.791896403654064	18.67208672086721	223.48618323425464	18.137404580152673	161	0.91	40.15036532436023	0.24351229695656934	105.63219168830815	87	59.0817254366532	18.228571428571428	321.10695402270375	17.977777777777778	
8048	0.872	39.21145406159369	0.2547940277028238	100.99589606557022	87	58.17185630954245	18.543577981651374	249.62999412594635	18.03125	262	0.886	37.14760091920514	0.24313888558868957	104.83150513833102	87	58.597375505713096	18.329571106094807	292.7476824487591	18.035087719298247	
8050	0.914	50.093720198849134	0.25363861771819163	104.9923095833523	87	57.12253665588352	18.295404814004378	301.6073976473711	18	169	0.916	38.520736435550816	0.24359598048979786	99.89431176974634	87	59.98542257970616	18.33187772925764	309.31923965509316	17.952380952380953	
8055	0.91	46.12172079633372	0.2523214143957178	101.6110968320376	87	57.01126966259684	18.34065934065934	289.3368575779778	17.644444444444446	167	0.922	38.7991617360264	0.24312583807355542	105.48839971529802	87	58.95115326002655	18.308026030368765	256.2330488848842	17.512820512820515	
8065	0.922	44.7629312435622	0.25424146368217315	105.42479087622296	87	57.24851982967957	18.351409978308027	279.36684030055585	17.76923076923077	165	0.912	44.82365430756743	0.23847078324250584	115.88800680284476	87	60.21686090329116	18.138157894736842	313.2075531711729	17.863636363636363	
8085	0.914	45.88077023422891	0.25218155038129475	106.56599553205213	87	58.65027997086607	18.26477024070022	318.69887567924025	17.6046511627907	163	0.902	39.903382497434215	0.24212364527247845	110.78009951282606	87	59.6244168935888	18.283813747228383	317.468567142652	17.755102040816325	
8125	0.92	55.846252837716975	0.24839506588295093	101.18009150841432	87	56.805871890616594	18.169565217391305	320.106615189027	17.975	13	0.926	40.921303825098015	0.24350479769105102	104.16704318444916	87	58.38692818639206	18.228941684665227	319.2878445204295	18.027027027027028	
8164	0.906	38.97310597574072	0.25321990536658445	87.78714981400965	87	64.26969081888761	18.34878587196468	277.55326608421007	17.914893617021278	86	0.91	38.04825019876352	0.24623859800330372	101.32436179171754	87	59.776722760249505	18.213186813186812	304.31209927122114	17.933333333333334	
8173	0.92	43.7620107694291	0.2535750608405069	107.44350741897921	87	59.79359782261494	18.25	307.8834513332329	17.75	252	0.898	36.96477232486835	0.2444409393499909	104.82913787532112	87	59.52281100880854	18.474387527839642	261.99468727710126	17.764705882352942	
8183	0.866	38.43490919441824	0.24678882938451485	107.68173826726564	87	60.10075628282822	18.61431870669746	238.94299125883657	17.955223880597014	186	0.896	39.38253806382764	0.24179064580876194	107.84066922996223	87	60.28077502701756	18.287946428571427	283.4318631372768	17.73076923076923	
8203	0.878	42.446627474913456	0.2457670119960225	93.9501330525963	87	67.36231259658392	18.428246013667426	280.25450348230135	17.868852459016395	85	0.908	37.48720150601935	0.24169155721644087	108.75652425874345	87	58.984452060338164	18.429515418502202	263.31540436381306	18	
8281	0.878	35.571905487240464	0.2543136428567712	90.32635908443365	87	62.88905401764947	18.39863325740319	249.73788097587777	17.934426229508198	83	0.882	36.79967956727645	0.24615421217219832	108.58712377456375	87	59.49655583343834	18.28798185941043	280.93035680561866	17.88135593220339	
8320	0.876	42.36263576841019	0.23778986480436914	103.25618690059012	87	60.48167766219655	18.447488584474886	271.40163404600275	17.951612903225808	104	0.91	41.42615219321014	0.2413975576735418	110.72636240419695	87	60.31325709623425	18.386813186813185	292.23908073271815	17.8	
8339	0.852	38.621940163501094	0.2447750371048674	112.64152576220957	87	60.07047897588725	18.586854460093896	244.79905298574576	18.14864864864865	187	0.874	36.38846560571831	0.23988148232113912	108.71786507424453	87	58.82488763464822	18.2929061784897	272.20557812651015	17.650793650793652	
8349	0.88	43.34975369448184	0.24807644947931332	104.13766261820187	87	58.87561956915562	18.522727272727273	264.96981206110934	17.833333333333332	191	0.894	39.04237014273737	0.24095096494581217	105.57188322484674	87	59.52591052355631	18.313199105145415	295.8545436158094	17.77358490566038	
8359	0.904	39.699966623823144	0.24835096047423758	94.25075892286311	87	68.26622673456906	18.188053097345133	303.38874567974887	17.958333333333332	84	0.902	39.34603573436288	0.24201419160265328	105.55901682193128	87	58.90026641969514	18.314855875831487	288.2888216004752	17.93877551020408	
8378	0.888	40.0292105049651	0.25093069075267205	107.16764862802333	87	58.44386632196849	18.34234234234234	297.90827804704213	17.821428571428573	244	0.88	36.114120621194346	0.24375586358945472	106.49736474125139	87	58.846421633676634	18.456818181818182	255.56391529760594	18	
8398	0.884	49.09801830624266	0.23530136532663395	108.64940055420156	87	60.77276275592822	18.346153846153847	288.57700519032295	17.79310344827586	105	0.87	37.54142502087183	0.23741025428118426	106.74666038494978	87	60.47104102985781	18.418390804597703	250.061727969599	18.215384615384615	
8417	0.886	36.69344819025285	0.250966919578413	93.109404170725	87	61.62583716097086	18.501128668171557	245.8079009757794	17.894736842105264	117	0.89	36.59629760579606	0.24174878151536602	102.34215066408377	87	58.81380960797117	18.368539325842697	254.42166618704832	18.072727272727274	
8427	0.882	31.937544357769	0.22311497698494592	112.5107066225928	87	67.90240755019116	18.183673469387756	276.69375585473347	17.677966101694917	213	0.888	36.79700319901534	0.2418662727099256	107.48886663852757	87	59.28022351392371	18.31081081081081	282.73714077869687	18.107142857142858	
8437	0.93	55.52371399920326	0.2531165041002255	102.84982577475293	87	57.36601232807078	18.174193548387098	270.081756679231	17.8	21	0.898	38.77843608032831	0.24050196017140094	109.38342851154628	87	60.52607706297315	18.45879732739421	256.2443700128544	17.725490196078432	
8515	0.922	47.8364636298204	0.24814627280091345	94.41842710820035	87	61.22945736558398	18.30368763557484	299.6572812445855	17.641025641025642	50	0.854	35.266813680739745	0.2442507747994223	102.86956980533564	87	59.43208152315603	18.388758782201407	276.36195218039694	17.602739726027398	
8554	0.922	53.22833918372886	0.25081224069197794	103.57145615592732	87	57.00546429560116	18.36008676789588	303.52802658486763	17.743589743589745	52	0.894	38.54345407975216	0.24454837470919896	112.29653933791523	87	59.503764419674944	18.313199105145415	291.67480350208297	18.07547169811321	
8573	0.906	39.87465450804207	0.2521181974978134	82.40423544043782	87	62.39502590531378	18.275938189845476	303.1570182413932	18	81	0.876	36.157707040247416	0.23854045423344375	110.55732475070194	87	59.47619369128164	18.310502283105023	286.9165692837828	17.70967741935484	
8583	0.894	43.486720498185676	0.24696860120868452	105.76950796831515	87	61.27356138464233	18.28187919463087	302.09665518796373	18	144	0.888	36.49575038199326	0.24559130531460244	109.61104187621783	87	59.28440340389368	18.394144144144143	261.3633238368431	17.946428571428573	
8593	0.836	45.76909600549975	0.24838338781327998	102.57959951638891	87	60.64336204672652	18.5311004784689	217.86146912578263	17.71951219512195	48	0.9	37.271402067310085	0.24376990406298965	106.78062779147018	87	60.302659832558106	18.206666666666667	319.22559005207575	17.86	
8671	0.832	45.2528065444455	0.2418633487470562	100.59873276023608	87	60.867560788987085	18.46875	222.97260445915637	17.88095238095238	49	0.91	39.231916673384866	0.2403854375758398	108.70689706481684	87	59.73533126332517	18.283516483516483	282.98194259912077	17.955555555555556	
8680	0.866	35.168369584846594	0.24231150261652407	91.31788457390614	87	65.55875247943169	18.344110854503466	291.369800068542	17.82089552238806	136	0.908	37.54051729833755	0.2415514200115475	109.92641562793553	87	59.51849483693945	18.2863436123348	298.37413649762783	17.565217391304348	
8690	0.912	40.16524121183068	0.2624358205151445	91.69259964297578	87	65.00075498802622	18.285087719298247	294.34166595713026	17.977272727272727	87	0.92	40.07701757270455	0.23871165552414716	109.53578961181418	87	59.814475061835324	18.22826086956522	263.6550863190411	17.5	
8710	0.91	52.79034690760037	0.24602909989906882	98.54184329068072	87	56.657933251952905	18.296703296703296	299.5580840457143	17.68888888888889	51	0.904	37.14569824866912	0.24215857512077935	104.04894572630971	87	59.17784424411555	18.402654867256636	270.3126664151329	17.9375	
8720	0.878	43.577958884024014	0.255509137475875	103.59319792476168	87	57.78370031066516	18.47608200455581	258.0459581668241	17.868852459016395	232	0.884	38.473925645808905	0.23834417469456626	105.81288178319994	87	59.969718922643196	18.352941176470587	269.05067576256164	17.879310344827587	
8730	0.87	33.505611226918425	0.25725931913398536	84.28674427380832	87	60.625267554084445	18.393103448275863	272.8750646849518	18.107692307692307	119	0.906	40.8347230357344	0.24159201053102397	105.34369640371217	87	59.435971797980315	18.353200883002206	281.331584330325	17.95744680851064	
8740	0.886	39.876140925437134	0.2456049595395559	97.24381534445256	87	65.71483169881257	18.36568848758465	284.74016497131566	17.80701754385965	121	0.89	40.44461813892657	0.23848096226466153	109.93140018610849	87	60.26203569068076	18.325842696629213	305.4171108215718	17.90909090909091	
8745	0.92	40.73067285328801	0.25278002123809074	102.94811752940996	87	59.9536685512902	18.280434782608694	305.4051675585118	17.8	279	0.876	35.799815279404186	0.23925190219482823	110.2477503925488	87	58.621104773723836	18.376712328767123	261.53492152523677	17.93548387096774	
8750	0.952	56.818181818133816	0.2433648640054578	111.15722890146081	87	56.39337826907483	18.258403361344538	324.7474506502122	17.666666666666668	11	0.846	37.00107591751015	0.24020807360727867	111.9645847203698	87	59.77221789461946	18.11583924349882	315.45112504268707	17.623376623376622	
8789	0.94	40.34023122674509	0.22263135937465686	101.3284742146339	87	64.35362624618946	18	288.8792929609863	17.333333333333332	100	0.872	35.26766214228747	0.24514884981837592	103.9721053782741	87	59.40613196745442	18.44954128440367	265.7685732073741	17.96875	
8828	0.924	53.4604658694894	0.2510504946263459	106.62104336995175	87	57.002545425192636	18.261904761904763	309.20549912627536	17.55263157894737	46	0.89	38.10290352668669	0.24021429289239846	106.58981638920687	87	59.715005164639116	18.402247191011234	284.1199080976598	17.69090909090909	
8832	0.908	40.45913093063348	0.254552527015907	109.68942138809274	87	58.34862327165539	18.36123348017621	255.38298376044236	17.82608695652174	261	0.892	36.69573802869159	0.24326313012814293	118.92404389368734	87	59.056702464121344	18.27578475336323	309.3658433680369	17.703703703703702	
8837	0.844	39.303343578410264	0.2426362070146093	103.43472338955392	87	58.594563441470854	18.419431279620852	248.8870084611816	17.71794871794872	195	0.904	37.26267714213555	0.23771305758757455	112.39018055222334	87	57.46104452080454	18.327433628318584	319.44051011153584	17.9375	
8847	0.872	38.70704272856783	0.24220877792610698	106.14480686162707	87	65.98961503448447	18.48394495412844	273.7201729479171	18.125	130	0.91	37.51494413986185	0.24177273338485186	101.79309546807377	87	58.01793343978108	18.28131868131868	304.28424776412913	17.6	
8867	0.856	33.88971589658331	0.24622980422698654	92.03330230523781	87	66.21498790590721	18.481308411214954	258.1008975315962	17.76388888888889	129	0.914	39.31182795698925	0.23932310073248045	103.2922064390921	87	59.81536024455516	18.35229759299781	292.91100196320934	17.674418604651162	
8886	0.876	37.16084366995492	0.24970571742275366	94.9637376127516	87	66.27419478281509	18.347031963470318	300.63238782296776	17.774193548387096	131	0.896	38.51775427757504	0.24226716728358033	108.18414759732897	87	59.0184405255386	18.283482142857142	306.93329461668714	17.98076923076923	
8906	0.904	47.7004580087484	0.23976555864544194	102.04129990340363	87	62.482282010175915	18.278761061946902	304.5145274752431	17.791666666666668	25	0.916	37.91767394106502	0.24338890616385986	108.87651411275176	87	57.743276566775265	18.229257641921397	310.2696188866277	17.88095238095238	
8925	0.872	38.97624773139323	0.2381944247198316	108.97654496500401	87	67.32236957047365	18.36697247706422	293.4501938502976	18.15625	200	0.918	39.49474263895482	0.24275376167361007	108.38779860922688	87	58.86184140997323	18.326797385620914	281.83507875293566	17.829268292682926	
8945	0.868	39.43196169463642	0.23750481516885222	110.5542486796427	87	66.35836184630372	18.347926267281107	301.0411166816397	17.848484848484848	199	0.914	37.70378192848186	0.24135618468662756	106.46007459597593	87	59.18170904541769	18.181619256017505	304.3807779961631	18.302325581395348	
8984	0.854	40.15913173483691	0.23860366119412987	112.44310808571555	87	65.5232018687139	18.519906323185012	232.18610162374014	17.835616438356166	197	0.914	39.721514806645615	0.23808297936242306	112.48682967146951	87	59.33488845570499	18.194748358862146	305.0651926190586	18.046511627906977	
9003	0.876	35.33027352743353	0.23921639311817014	116.22168668522252	87	66.9951989577148	18.34474885844749	287.97736227787624	18.080645161290324	202	0.888	36.997225208157055	0.24477648120256476	101.88432480852597	87	59.924813445411296	18.344594594594593	277.71842811459936	17.928571428571427	
9023	0.88	39.54629613006685	0.23896550645776635	119.47218767170146	87	66.89713201303621	18.438636363636363	254.65890200077294	18.2	198	0.89	36.33869295035326	0.24296680233299706	103.6137832595891	87	59.384832280506096	18.208988764044943	321.1985208237584	17.927272727272726	
9042	0.906	43.01708338475807	0.24392586669461164	111.64654870347381	87	64.70821222890753	18.30242825607064	301.3603539757159	17.70212765957447	201	0.92	41.13680671052059	0.237927715708709	106.01292412920823	87	59.85530036121469	18.332608695652173	315.7721862713348	17.9	
9062	0.91	53.09651896831868	0.24454023174721967	104.16582467156924	87	55.91224752787	18.18901098901099	321.49695678343056	17.666666666666668	16	0.894	35.80267679059408	0.23996732410928195	106.40109018981855	87	59.54662573787218	18.353467561521253	282.7428048747749	17.528301886792452	
9101	0.9	35.734421777217534	0.22402252226426603	108.83435829557469	87	64.77401470916702	18.224444444444444	295.5918193242489	17.88	96	0.91	40.6867566843952	0.24230459255227088	100.5858467907927	87	59.12063690508671	18.2021978021978	313.8256608125223	17.622222222222224	
9120	0.902	42.06814853528458	0.2519890439546102	106.2118985758357	87	58.82560987319061	18.288248337028826	289.42575052436507	17.93877551020408	245	0.922	39.87475348580953	0.23601055161189974	112.37101945226551	87	59.45838002273414	18.24945770065076	277.93037589275764	17.615384615384617	
9140	0.88	49.21314885839467	0.24917069299809227	102.09505905749774	87	58.913258388719775	18.272727272727273	295.8309878882325	18.05	55	0.922	39.8785477634193	0.2412894449555901	106.40414132368433	87	58.71533648883535	18.219088937093275	334.197619657308	17.923076923076923	
9159	0.858	42.79045643181113	0.25032911275171327	101.97564453297744	87	57.36672471996098	18.51048951048951	272.8322179471755	17.64788732394366	146	0.924	39.74911596947845	0.24044908766271	108.61529631300864	87	59.409592231010436	18.26839826839827	308.19309735165103	17.94736842105263	
9169	0.898	45.507986702079556	0.24855869749923956	106.81536720482406	87	57.11960204359628	18.41425389755011	259.2020303978101	18.058823529411764	178	0.89	38.20463950300509	0.23928518144888544	105.04653871260189	87	59.57928025460633	18.314606741573034	262.7289927732265	17.69090909090909	
9179	0.914	52.299100501118076	0.25227087111092994	114.09464986903198	87	57.099793882160476	18.326039387308533	291.75298228541	17.6046511627907	58	0.916	37.31464885130386	0.24242154534379465	109.96013956492342	87	59.628986988778195	18.37117903930131	283.5164764672682	17.88095238095238	
9198	0.924	53.010831650590276	0.25041946071357846	105.87844807346782	87	57.335802847438174	18.32900432900433	303.3272035989331	17.526315789473685	64	0.902	38.671285498982634	0.24028875174763573	109.72817972988128	87	59.795319034118386	18.21951219512195	276.8108076385819	17.979591836734695	
9208	0.89	34.77404683926799	0.21883462235672904	100.38523741521946	87	64.7756298508987	18.1438202247191	337.77976261436027	17.854545454545455	95	0.908	36.99297622337965	0.24473547823952188	109.92610269848929	87	58.722526958014	18.145374449339208	277.97628691208695	17.782608695652176	
9213	0.896	42.0483556089525	0.2498646374668288	110.94432590552391	87	60.96078422224326	18.265625	303.5677433955065	18.057692307692307	216	0.908	40.28572696196472	0.2359571837081692	102.5887021634978	87	59.32555965067489	18.262114537444933	325.5348057596703	17.73913043478261	
9218	0.804	43.60890836729129	0.24472442354789514	93.40664321806517	87	61.179916948825145	18.59452736318408	204.5417960482011	17.93877551020408	54	0.886	35.616944982619515	0.24744630575686757	103.95550950844697	87	59.53474856117974	18.33860045146727	255.91311683695938	17.49122807017544	
9227	0.87	35.69084345233631	0.24762159511919318	98.31849197676458	87	63.152626139120215	18.517241379310345	272.0528403010266	17.93846153846154	115	0.886	36.473813777734584	0.2401083319550146	111.81880761287671	87	58.86402813242783	18.404063205417607	264.66426463097997	17.666666666666668	
9237	0.9	52.070074749472745	0.24665156354939619	104.68858608402778	87	58.07370480296773	18.142222222222223	312.1733787207802	18.18	65	0.888	37.54661615341919	0.2409161483464889	105.912500183011	87	60.42888774014317	18.414414414414413	267.8222686713368	17.892857142857142	
9257	0.912	51.92675594363248	0.24621263556207318	116.58533804627945	87	58.432273809079255	18.265350877192983	301.68191287044186	17.772727272727273	57	0.91	37.25477352373354	0.2400456808904398	110.94205789024917	87	59.57749070571219	18.298901098901098	265.73938536394786	17.844444444444445	
9296	0.916	52.90577458478045	0.25033180149405965	103.16040891500717	87	57.53353215393167	18.25545851528384	275.1850777366526	17.785714285714285	56	0.944	41.25693807121429	0.2403013911481929	108.83748521186934	87	58.59458208633201	18.218220338983052	317.0415147761433	17.928571428571427	
9315	0.898	41.87768730707129	0.24855747167385664	102.15643601850141	87	60.143057510411865	18.262806236080177	285.1993595834568	17.686274509803923	246	0.93	38.16511954280977	0.24005115571978652	110.67124672906047	87	58.739275104979235	18.232258064516127	297.8134047356536	17.82857142857143	
9335	0.896	39.92264986590407	0.2521161973561355	93.45870866985469	87	62.7218626491467	18.299107142857142	284.96727841210884	17.692307692307693	110	0.91	36.6920688678794	0.23939785360837967	107.17291534954607	87	58.490307844312646	18.353846153846153	276.8289251612334	18.11111111111111	
9375	0.892	50.12644001079313	0.2385697273166212	109.12093409010643	87	57.4639392312061	18.37219730941704	280.3862211209857	17.74074074074074	12	0.918	39.17017263910952	0.2395107070080258	114.27813167025397	87	59.02834654820379	18.265795206971678	288.3753729618008	18.097560975609756	
9531	0.89	51.033280580048924	0.24964981853178883	107.26387407080814	87	57.081240594429126	18.220224719101125	284.8764827659591	18.12727272727273	45	0.9	38.79410674407079	0.243245470702901	103.04719890231968	87	59.308354652503056	18.19333333333333	304.81895108346356	17.6	
9570	0.878	41.811514834366086	0.23534759785703047	107.55718905215736	87	60.00343361037985	18.36902050113895	264.3646254186133	17.868852459016395	106	0.916	41.452090253131324	0.23794286829111502	112.0756948650986	87	58.818318101960905	18.253275109170307	286.0152450709639	17.642857142857142	
9589	0.854	34.279567130082306	0.2379752015848042	107.76151440721745	87	65.97130607999779	18.442622950819672	249.78052082268013	18.232876712328768	137	0.878	37.76603981323777	0.2357844214695028	110.26699213726127	87	60.084351045628694	18.148063781321184	328.5390561675144	17.918032786885245	
9594	0.906	40.75170248521319	0.2484832227302448	110.08834134079287	87	59.23107727967234	18.344370860927153	262.9585581323811	17.893617021276597	277	0.882	36.6754266325298	0.2405442488886393	99.80375852785849	87	58.71011696974199	18.292517006802722	248.95042732243482	17.93220338983051	
9599	0.92	46.19587049104293	0.24749973826296365	109.62729579099822	87	56.32861916901876	18.41304347826087	249.49267722415954	17.75	171	0.9	37.57075826110775	0.24054045789855896	112.63812867163001	87	59.53652689688203	18.304444444444446	286.43506324529403	18.08	
9609	0.916	51.72920102079219	0.24820284909336437	108.60609341578308	87	58.09130385134801	18.222707423580786	311.3794125032642	17.61904761904762	60	0.914	37.58841914807908	0.2411584427237055	110.78027179914535	87	59.46296816419433	18.38512035010941	284.85084530605604	17.790697674418606	
9687	0.924	52.59083872128965	0.2475404569057818	114.96583368826948	87	56.274438783375714	18.37012987012987	291.5527364351581	17.605263157894736	43	0.898	37.67442250731974	0.24084748970115127	102.7686424261889	87	59.95128389212658	18.34075723830735	270.1819336434589	17.705882352941178	
9706	0.892	40.9294471771991	0.2515385392611924	109.5862523383159	87	59.63398445589552	18.37219730941704	263.28984852232765	18.11111111111111	243	0.884	35.691790887897646	0.2407254995353702	109.66093513232346	87	59.82578525811271	18.210407239819006	292.9634005620937	17.879310344827587	
9726	0.898	39.60308710024943	0.25035765370892604	111.056807454597	87	58.52984023362292	18.420935412026726	278.59940574895046	17.823529411764707	242	0.896	34.98933918556059	0.24080966816551186	106.199534628497	87	60.129091039641985	18.229910714285715	291.5263514757101	18.23076923076923	
9765	0.914	34.121028857267284	0.22557986494532564	106.4516499033418	87	63.2721989561269	18.168490153172865	276.772739268787	18.046511627906977	98	0.88	39.02231366827303	0.23570105075523048	104.86812390468938	87	59.73999100091713	18.4	247.6812774387307	17.733333333333334	
9843	0.91	51.79872495386403	0.2484973746583652	110.74005368806706	87	56.32046028326142	18.318681318681318	282.4833216794892	17.68888888888889	44	0.916	37.240919476602876	0.23571564059484346	116.08647063413633	87	58.914118991579564	18.19650655021834	289.9914995196461	17.88095238095238	
9921	0.906	51.50419537449837	0.24497240997789457	112.85332297200348	87	57.87744167507199	18.216335540838852	295.4235349573208	17.914893617021278	62	0.914	39.00282493105387	0.23996343806054787	104.6838787141318	87	59.79832030167954	18.2582056892779	303.7031368955928	18.13953488372093	
9940	0.914	42.03497088859744	0.2501178773939611	115.0807466530633	87	58.79887145691544	18.39387308533917	270.5534628719605	17.86046511627907	247	0.874	36.87452535643466	0.2429012192616419	101.12649084655824	87	59.21124214444499	18.354691075514875	269.45958855321294	17.73015873015873	
9960	0.926	36.07464256496948	0.22760321589133536	107.25826765330208	87	63.37341646133868	18.110151187904968	319.1279793480417	18	102	0.888	37.40648379059824	0.24126459082921933	106.3515668143031	87	59.38563850575981	18.355855855855857	280.2724508469034	17.714285714285715	
9970	0.912	40.47720494232717	0.24991324630806477	116.17815973840844	87	57.558433075031274	18.274122807017545	323.9609635121353	18	225	0.914	38.807085477223936	0.2373170021204382	112.44925197006921	87	59.18289126252633	18.286652078774615	283.77936040419746	18	
9980	0.884	44.35212779808638	0.2407299065136888	105.88484485669252	87	58.57637902791008	18.264705882352942	310.7113602786433	18.051724137931036	114	0.888	34.949897275738664	0.24056250522968775	105.52468742637004	87	59.6729686683164	18.454954954954953	279.092388686893	17.821428571428573	
10000	0.88	44.419318365116	0.23700327020760423	104.54427457965382	87	61.38039520688905	18.44090909090909	272.2117427912833	18.083333333333332	1	0.894	35.186599179892404	0.24320755501070063	108.72537244261308	87	59.3305367950617	18.16331096196868	297.5759500100136	17.9811320754717	