index	success_ratio (division)	success_rate (division)	mean_second_ratio (division)	second_ratio_SNR (division)	probe_index (division)	mean_time (division)	mean_total_iterations (division)	total_iterations_SNR (division)	mean_total_iterations_failing (division)	order_index (division)	success_ratio (sequential)	success_rate (sequential)	mean_second_ratio (sequential)	second_ratio_SNR (sequential)	probe_index (sequential)	mean_time (sequential)	mean_total_iterations (sequential)	total_iterations_SNR (sequential)	mean_total_iterations_failing (sequential)	order_index (sequential)
0	0	0			100				12.022	0	0	0			100				11.092	
2500	0	0			100				11.02	3	0	0			100				11.07	
3750	0	0			100				11	4	0	0			100				11.018	
3828	0	0			100				11	8	0	0			100				11.034	
3837	0	0			100				11.004	13	0	0			100				11.434	
3839	0	0			100				11	19	0	0			100				11.232	
3840	0	0			100				11	22	0	0			100				11.05	
3841	0.994	240.643005858477	0.3884140088616944	86.75936749310047	100	40.022379560792245	11.945674044265594	285.2234509801217	11.333333333333334	24	0.996	223.27833572449643	0.4121215513066181	61.9316561402847	100	40.987201098596785	12.259036144578314	188.96564334795028	11.5	
3842	0.996	241.7123719849711	0.40673982978199813	91.02115855674948	100	39.06628571352691	12.088353413654618	285.73087087350865	11.5	15	1	223.51363433158954	0.36774712493389056	105.19456848249534	100	43.27857215909283	11.768	330.81658456302597		
3847	0.996	239.52671829126268	0.43764068831396985	93.36274702919451	100	40.55094307569235	12.210843373493976	272.80997109957696	12	11	0.998	223.8672050247449	0.3850505677276871	84.0799085632788	100	42.226499733722804	12.060120240480963	250.6402128094839	11	
3867	0.996	230.74784542695485	0.4746519238236104	79.03606591749	100	39.41826962717485	12.670682730923694	225.48172050439518	12	9	0.996	218.2678821877512	0.4839699150434343	70.53289226968572	100	42.09656862374741	12.933734939759036	174.12541759214247	11.5	
3876	0.998	216.57986111076093	0.4897531416090196	79.79886327160838	100	42.10137015366841	12.871743486973948	192.59175406100894	13	243	1	227.89425706514518	0.38904679487179594	120.17480943872653	100	40.67709411854421	12.006	354.8870643930291		
3886	0.998	224.65334053665157	0.4092403642371224	91.52118981133931	100	40.21783272225499	12.196392785571142	283.5770279248272	11	139	0.998	215.58800656652363	0.48170425066570255	71.90646451485723	100	41.898344590945655	12.97194388777555	185.28393677605408	10	
3891	0.998	220.96267103559362	0.47736648788753033	89.50844371301577	100	42.22524299737878	12.735470941883767	243.37904910286332	12	297	1	219.6161110383931	0.4683268130390417	74.34970812310529	100	41.74160692318589	12.766	193.15964290363613		
3896	1	228.67596615635878	0.42067531439149053	86.19531441360283	100	40.553435167100055	12.334	229.4948837454768		140	1	222.895863053064	0.43279766325865393	81.58262681373974	100	41.014884735279324	12.496	217.09343658126545		
3901	0.998	225.51633750583918	0.45938657986282583	72.6196869427786	100	39.84678791700147	12.707414829659319	190.86745394268885	11	173	0.998	223.5763251035626	0.4501998219019719	77.38812583532423	100	40.9499966891911	12.569138276553106	197.9044962842866	10	
3906	0.994	211.95837598098964	0.5318439222675782	76.7336394715031	100	41.06606184235919	13.486921529175051	168.49758039118842	10.666666666666666	7	1	213.42894950260873	0.47356751817154236	77.08500710058557	100	43.04685232303892	12.848	195.77081631920794		
4062	0.994	218.51916989076227	0.5587935415647036	94.8764061621681	100	38.431161782158355	13.583501006036217	203.8102826039827	10.666666666666666	6	1	202.584984400509	0.4595666666666663	139.49665507990576	100	45.66331308977483	12.52	338.41926776326767		
4218	0.994	202.20513446487627	0.5749063596678694	100.50868264294348	100	43.20616758916068	13.820925553319919	188.32182016357703	13	25	0.996	205.9297853866426	0.5326764861447705	109.94088059405792	100	42.44284043135767	13.261044176706827	229.59031919286662	11	
4296	0.994	203.74697659179682	0.5756912653764353	98.57823246881772	100	43.681243338831706	13.655935613682093	197.33316446113082	12.333333333333334	37	0.998	202.16343232180853	0.5117148704381215	112.34548990793131	100	43.37188529871186	13.016032064128256	239.9300680967026	11	
4335	0.994	204.7205173620966	0.5577175131881855	98.40043518436336	100	43.496447733179345	13.575452716297788	202.3390534571683	10.666666666666666	50	1	203.88191159723672	0.5306026238467417	122.00284618495692	100	43.27969578690813	13.174	248.13746432066625		
4340	0.998	205.45971095675847	0.5010336221703221	105.16173183705787	100	42.92329886351906	13	224.17628597656045	12	198	0.998	202.6478232615307	0.5326543934896866	107.85327547171654	100	43.954671752379234	13.266533066132265	218.1080304142657	10	
4345	1	205.01886173498212	0.5420896511984745	100.18476756738073	100	43.85885933996369	13.456	206.0381884419336		196	1	200	0.5648009690601797	121.19513006050448	100	43.93710516425775	13.564	224.7481757489149		
4347	0.992	207.0462514607221	0.4891467512168418	121.57677610580852	100	44.34162989887236	12.84274193548387	277.2553759832761	11.25	271	1	204.14829332003885	0.5363845239727598	114.38424082883529	100	44.15395536555336	13.256	228.88086101352673		
4350	0.994	220.16479135266584	0.5188047484990908	107.7163600834286	100	37.9946297888347	13.11066398390342	228.3595104080474	11.333333333333334	197	0.998	206.21538970196158	0.5421500422456674	124.8686975508746	100	42.465533670793235	13.316633266533065	224.06740482157363	10	
4355	0.992	208.2196381341974	0.5056397957474226	127.87615529869147	100	43.27667497097462	12.985887096774194	280.03494133479865	12.75	71	1	204.6412638639152	0.5460328033078032	121.0739657899691	100	42.96754961550907	13.33	229.97717944363413		
4365	0.992	209.45061441664873	0.5235266749379659	122.69922561781394	100	43.22726293892704	13.215725806451612	243.4739391052787	11.25	126	0.996	204.33284096563136	0.5405307529111564	105.45926806335832	100	43.808702573612585	13.261044176706827	246.29642751638897	10.5	
4367	0.992	208.4121181562332	0.5056932039502345	104.37309079905383	100	42.70503119684373	13.002016129032258	229.41884526073054	10.5	211	0.998	201.4533710133983	0.5168270346395173	106.44190092003771	100	44.831052605754856	13.146292585170341	228.58136230676797	11	
4368	0.994	202.32037451656947	0.5097758782425602	103.62669356558266	100	44.85179744156697	13.064386317907445	211.58420585206332	11.333333333333334	213	1	198.9970548434334	0.5193164340561395	116.62553506025348	100	45.54415239836756	13.022	265.1114317994751		
4369	0.996	208.4466954082843	0.5007362268214507	128.25039834046322	100	42.7549692427477	12.883534136546185	284.3037070011897	11.5	267	1	209.20502092055304	0.5250338437018776	106.05431633821595	100	42.11423763377372	13.238	225.42794619976667		
4370	0.978	202.21652468776875	0.5180863850252166	125.92053051005452	100	43.901789395421716	13.0920245398773	256.8211661648105	11.454545454545455	210	1	198.51510699960963	0.5109458149693448	125.14930857733361	100	44.75341672292235	13.068	265.40151636752626		
4371	1	205.61746926011355	0.4705458595326237	142.8435573950015	100	44.40498706762369	12.658	325.5163187086775		242	0.998	199.5122146254552	0.5037306225867557	114.03056928944811	100	45.33100388979534	12.897795591182364	266.2947543645196	10	
4372	0.998	211.45859818578208	0.5455841854673567	99.7368219804154	100	40.54973778057296	13.462925851703407	209.5102233547307	10	212	0.998	209.28574424378357	0.5248617093257607	108.87113117584764	100	42.08894666952237	13.230460921843687	219.8092694697019	11	
4373	0.996	212.57523370460888	0.5248174912863075	101.59476253981838	100	39.84832371124617	13.15863453815261	226.12187693776113	14	285	0.996	201.55415250098247	0.5280761503704355	110.22777648463833	100	44.26961294489142	13.26706827309237	215.81362653788997	11.5	
4375	0.988	211.0660115361383	0.50758303278844	129.6131712781789	100	43.014126783434925	13.080971659919028	285.3500828249785	11.166666666666666	5	1	203.84866275284588	0.5499434033974284	112.63400406856654	100	43.58541615262378	13.422	214.60886885220145		
4377	0.982	205.04468387207734	0.5390143606044526	105.80074939137708	100	40.46916264560296	13.558044806517312	210.17913238458348	11.11111111111111	263	0.998	203.3249123950624	0.5275458035094952	121.50261715401359	100	43.96774026118202	13.246492985971944	233.13119874332264	10	
4378	1	212.66641146698552	0.4872716742407913	119.50588745028787	100	40.75067633671092	12.82	278.4542673273295		288	0.986	200.7574215092505	0.5404129811570042	101.61754083992088	100	42.80166253291942	13.371196754563895	195.26475881938612	11.142857142857142	
4379	0.996	206.60471291066335	0.5374462040574634	93.90853654654099	100	42.42393584243301	13.44578313253012	201.2091002783996	10.5	120	1	219.80920560936667	0.5110343850765672	105.23893082792662	100	38.97816433842942	13.054	213.42384201717883		
4384	1	210.12817818909605	0.5170555109922754	97.27213043476146	100	43.11286939353096	13.158	213.8678980908707		78	0.996	201.55415250099196	0.5387053589012352	92.81676307093538	100	43.754515492476955	13.459839357429718	182.90156577156404	11	
4394	1	213.08331557642208	0.5383787719762178	102.78032838435993	100	40.631553790197785	13.288	207.96990442502374		67	0.99	201.79372197298883	0.5592309753101093	106.06917235189864	100	42.34886305437787	13.597979797979798	197.82768431834702	10.2	
4396	0.996	203.65599312972194	0.542038059661805	99.30805954297095	100	43.67193202962936	13.437751004016064	189.76785588955278	10.5	238	0.996	205.95533498778147	0.5440069746867366	103.9354611455056	100	41.97350513216819	13.493975903614459	189.19872083278221	10	
4399	0.992	216.7453242442371	0.5111322599759507	134.7527728022652	100	40.727480057172734	13.002016129032258	271.72853613075597	11.25	128	0.998	199.066501775394	0.5391841777421761	108.3732163499213	100	44.724206138012555	13.3687374749499	213.7468769321094	10	
4404	0.988	206.04796663198326	0.4922313634704435	126.52530260548252	100	43.416349068966696	12.917004048582996	257.92132150957104	11.666666666666666	127	0.994	201.71273184827228	0.549890480814726	100.31618945055945	100	43.69614044149434	13.460764587525151	199.3676494017105	10	
4406	0.996	214.6736787656435	0.4833644183794789	127.3539717996782	100	41.59802924858018	12.748995983935743	275.32670692284995	11	180	1	219.91555242781365	0.5132080983687793	111.64559455161519	100	38.74026831413485	13.03	215.9479473068894		
4409	1	208.73340569477278	0.5514801846588225	96.09378429381539	100	42.63562986171164	13.474	190.73068987526165		135	0.974	195.99951704481992	0.5624706424390629	108.22422890173735	100	42.78747074915648	13.628336755646817	202.8877114862597	11.615384615384615	
4414	0.996	216.75734494009743	0.542293303305696	102.98392687727416	100	38.968793088310015	13.443775100401606	202.2926204950338	10.5	39	0.994	200.873009457266	0.5553515457720877	93.69629607281033	100	43.19604931381833	13.635814889336016	190.15307383097817	10.333333333333334	
4418	0.998	206.5226388544333	0.5039685843646697	106.94360920631435	100	42.25633452461018	13.048096192384769	226.52560176313534	10	255	1	206.09208194185774	0.5383314847433259	95.97325993324515	100	41.670327631361324	13.482	188.56813343713046		
4423	1	210.32263492196105	0.49767375957375887	108.97845125160151	100	41.9897715047418	12.966	254.47697792106797		161	0.998	211.8266332724922	0.519596027376293	102.88473607104932	100	39.994486841589	13.148296593186373	219.11230652361823	11	
4433	1	204.02334027062992	0.5534621401216606	99.63552872704173	100	43.02295222907768	13.464	199.12984749570114		141	0.996	209.4372949783732	0.5159464687666495	98.73943300468615	100	41.112622034659076	13.226907630522089	221.43087680109727	10.5	
4435	0.99	203.6534189089426	0.5025781091556499	129.40827559267308	100	44.3982334293303	12.905050505050506	271.2100806775383	11.2	272	0.996	197.70534757270755	0.5457052863996424	100.12115006947585	100	44.5502013307942	13.443775100401606	190.44154985731447	10.5	
4438	0.994	216.81280809657898	0.4926304142261653	124.38791036709252	100	40.64158053265543	12.816901408450704	275.01518768082195	11.666666666666666	214	0.996	198.29577128328802	0.5527144798478587	95.96912108201509	100	44.60384042887246	13.582329317269076	188.0109803950838	12.5	
4443	0.996	209.63125105241915	0.5118509960319139	101.86429693306465	100	42.11086168407345	13.050200803212851	234.6926012802204	11	199	0.998	198.70186755876946	0.581876028695441	104.82638997938396	100	44.05372387741823	13.881763527054108	180.06184686325477	11	
4448	1	209.91645325158328	0.4799322592440239	137.35480841369625	100	42.892182019072365	12.714	312.52185367887785		298	0.996	200.53152935513097	0.5483719915834591	112.58449966408122	100	43.31930290677174	13.419678714859439	205.8976217255047	10.5	
4453	0.998	208.585879697404	0.563156657265385	100.79442661553277	100	41.71160668162076	13.641282565130261	181.76868050414888	10	33	0.998	202.0488318423946	0.5660146836755471	108.85486964483664	100	42.86613467761865	13.595190380761522	200.6780705432906	10	
4462	0.998	206.7793800760119	0.5353006380091507	99.28546643419912	100	43.34256576039057	13.32865731462926	200.67219272008157	12	244	1	198.92580067627404	0.5513465124229053	99.55520104325375	100	44.930257012981556	13.436	188.50961991406183		
4467	0.998	212.05167431537836	0.492355422486273	135.8103347316769	100	43.20879569391685	12.763527054108216	313.87532652126913	11	299	0.838	150.10389052077792	0.47118096057622955	129.5139602004092	100	44.220376005053744	13.431980906921241	180.75699876541086	11.753086419753087	
4472	0.996	205.0901902642154	0.5012967931155375	97.35375632378064	100	44.02044147126731	13.02008032128514	228.812407325132	10	142	0.996	204.92140564541384	0.5283950811767965	106.85710409518579	100	42.913631309229594	13.17871485943775	208.26226323710395	10	
4477	0.996	212.1044337492532	0.5161246983979096	128.87757624119223	100	42.20338477787965	13.082329317269076	279.37807220904216	11.5	215	1	221.00424328150285	0.49668276700080094	118.9601610380371	100	38.54703492418809	12.914	243.3373582918923		
4482	1	206.4580064417935	0.5668756945754626	101.37148327679759	100	42.90475620605849	13.642	204.42258429770786		143	1	197.83176386808685	0.530263038243146	101.44403110562399	100	44.92970527697496	13.32	195.76172649075133		
4492	1	210.01344086030338	0.5290777448042152	98.10748456870434	100	42.25718861107937	13.254	209.90815620357412		85	0.996	207.18059658067745	0.536590454300225	108.07350191433966	100	42.49146101285634	13.299196787148594	213.72609428508068	11	
4531	1	207.57223513742267	0.5496459672852086	102.16264794509516	100	43.070225819523436	13.512	207.00327975270503		32	1	204.6412638645295	0.5531799631740802	108.03059655476022	100	43.68635108083611	13.374	225.08788015950358		
4540	0.998	208.9002386232381	0.5321008957907366	97.33056015925408	100	41.76662307602142	13.284569138276552	216.05785442113262	10	245	1	202.42914979747545	0.511756264323911	108.07819223187326	100	44.58611049076599	13.032	233.51999677762868		
4550	0.998	206.1387202053148	0.5457637258931797	100.42209417230308	100	42.173591525661415	13.50501002004008	208.6754474704315	10	144	0.998	203.28349696483622	0.5525157513383965	123.82090973089124	100	43.62424572584007	13.370741482965931	233.61270021638572	10	
4570	0.998	206.0195697951349	0.5421063250147888	97.85361224999903	100	42.908061474225846	13.478957915831664	194.05464158912906	11	86	1	206.89369801782283	0.5184798923900313	106.73804131377032	100	42.52953169174996	13.204	223.4849083260043		
4609	0.998	205.34979423865855	0.5597816180113124	102.20119573353753	100	42.805162285590825	13.561122244488978	208.72541104827678	12	35	0.998	202.48336309005157	0.5211442759435798	101.17743925457273	100	44.204921198863836	13.128256513026052	225.60599596240664	11	
4628	0.998	213.32079343345507	0.5124638750773386	123.51775049765754	100	42.53901357898741	13.114228456913828	263.4602133063064	12	72	0.998	198.5121533996877	0.5251258182267261	117.56502826039211	100	45.051486741840776	13.182364729458918	241.26151501109234	11	
4638	1	209.58209330604407	0.5131885088509696	96.78717969551197	100	42.042882166317206	13.114	208.55827379463088		106	1	198.6018430251602	0.5441359252976127	128.3133298823257	100	44.61729921096275	13.288	229.53013321196468		
4643	0.998	202.1961991980256	0.5245479218715156	92.95606978768325	100	44.762121059588196	13.302605210420841	204.12144765617444	10	136	0.998	199.22545614263183	0.5265677568400662	113.35529029894268	100	44.38072974135151	13.220440881763528	247.12809464269222	12	
4645	0.998	211.02042542409345	0.5052230251378554	119.15644331283595	100	42.90525133414264	12.993987975951903	263.5236774059239	15	273	0.998	205.1471797403589	0.527563485933166	105.59128028376928	100	43.45795074205336	13.120240480961924	228.62152085887945	13	
4648	0.992	204.12362648706124	0.5565332887187135	98.80902675791917	100	43.12785597340857	13.600806451612904	195.2478661630009	10.75	51	1	204.0649742878656	0.5236201913411662	105.00770410865886	100	43.7211763679406	13.15	230.5954958528588		
4687	0.992	220.93541202646827	0.5180893441433658	130.95360054036053	100	40.19714291214201	13.05241935483871	273.3577124612687	12	16	0.998	210.22033112893118	0.5264799359746215	107.88359434882082	100	42.04605813182512	13.198396793587174	226.33116261606327	10	
4689	0.99	211.02442767569585	0.49478703758115494	129.21990080580971	100	40.142205028661266	12.834343434343435	281.18421161359646	12	264	0.996	203.50619100119872	0.5403597186995485	110.8383058346952	100	43.699890583297154	13.391566265060241	213.6277403997292	10.5	
4691	0.984	200.79173978663192	0.5221667436625335	102.49419847529646	100	43.656248556513965	13.290650406504065	195.21635727264885	11.125	182	0.996	208.0548128339534	0.47686992903151654	141.85946826078992	100	43.004325576223074	12.6285140562249	326.1717821299173	11	
4693	0.992	210.0004233882899	0.5457962383354682	97.29310176915692	100	41.26796291159835	13.526209677419354	194.7758823398111	10.75	183	0.998	199.98396922051597	0.5535377167564143	116.14608633574956	100	43.65568821694784	13.47695390781563	213.6858916959894	11	
4696	0.998	205.1977958714997	0.5208943800112198	93.7974985494752	100	42.902302154781005	13.224448897795591	198.49087198950392	10	112	0.998	197.80394022323725	0.5257421590200149	112.03442533201496	100	44.9555988827478	13.2625250501002	234.00918068867526	10	
4706	0.998	204.08997955012654	0.5322739574682311	101.35661846182526	100	44.34621377694841	13.260521042084168	205.15510723785857	10	73	0.998	201.820020222751	0.5546587908122118	121.20566604723581	100	44.124798098060936	13.535070140280562	215.7419639297234	11	
4716	0.996	210.5886332886068	0.5347776313182051	103.80479334092927	100	41.400989257784694	13.240963855421686	220.94975948476426	11	74	0.99	192.58452320744783	0.4921145908623627	125.14858789555218	100	45.04804940512185	12.981818181818182	255.73704777629854	11.4	
4721	0.996	207.4049394025344	0.5298700315096392	100.47407464268254	100	42.45185151088201	13.363453815261044	210.10948770672996	11	121	0.986	191.00383557430055	0.5065131617974357	110.76599055885168	100	45.152893298199345	12.995943204868155	251.1817740524321	11.285714285714286	
4723	0.996	206.8707680805181	0.5625148459732926	99.87689946716054	100	42.6172787193635	13.634538152610443	203.07405958415225	10.5	188	0.998	198.73352184524336	0.5001968236620972	117.45454244104405	100	43.75425165340202	13	252.000108225085	12	
4724	1	209.46795140322075	0.540113278491374	103.29706936551302	100	41.69351212935614	13.358	216.84275866509455		286	0.99	204.51165096655413	0.4732089038907222	135.55052085321108	100	41.990957816219705	12.652525252525253	323.0965655806795	11.4	
4725	1	207.75335521672093	0.5120875085698604	109.28452846964585	100	42.38482279034725	13.078	239.2586619025888		289	1	197.1220185293069	0.5339699614111375	119.41308157373906	100	44.419231571888254	13.236	224.67887177631		
4726	0.986	202.838922032319	0.5366827274132481	94.06909026305291	100	43.17076100721605	13.405679513184584	195.0997174760085	11.142857142857142	62	0.998	222.64858111687002	0.48587293634888795	134.14799369513872	100	38.288094176777925	12.731462925851703	318.6040326543679	10	
4727	1	205.5582963330151	0.48710209480921535	124.88680481267758	100	44.44503936986394	12.806	260.4055033294086		290	0.998	201.59987071805256	0.5421289776146548	120.13420512373524	100	43.6510050248901	13.268537074148297	241.60000112211569	13	
4728	1	208.3246531395455	0.5244755435740721	99.74499833147034	100	43.15888000099748	13.164	211.07021285990518		193	1	199.58486348397565	0.5417799156725629	116.55319296633448	100	45.016528066745984	13.328	237.79592224130639		
4730	0.998	207.44128039902017	0.543582475049356	99.34862812216089	100	42.2879850837668	13.450901803607215	197.91297675142582	10	105	1	209.59966464084343	0.5270798696401631	115.17976382121829	100	41.930657821411685	13.192	238.22499610896566		
4735	1	210.28725238635772	0.5337730305556158	103.5439863008925	100	41.51106248219502	13.332	204.6356838545385		81	1	202.61782226355453	0.5179279352999943	117.70019517798809	100	44.16746562398806	13.102	253.37682954472157		
4740	1	204.24002287476796	0.4835462557050797	123.15238519871478	100	45.164937739674855	12.824	276.270386267084		216	1	211.5864753929432	0.5272118531795	113.98300457049046	100	41.555558605401565	13.214	228.58438790022666		
4745	0.996	210.0379586673012	0.5579143287112163	104.10168916465399	100	40.93242412815324	13.586345381526105	197.8498631792937	10	63	1	204.11495754410046	0.5347070210834916	110.76613895441011	100	43.67824300665827	13.17	243.81115229513875		
4765	0.996	211.03483346060955	0.5441632794170652	100.31112085412757	100	40.300039419166865	13.465863453815262	218.5283421787491	10	42	1	204.04831864170706	0.5549409588777234	118.69523374758575	100	43.939249388367614	13.442	234.05006508071975		
4843	0.996	214.43334481595832	0.558482583633419	104.29931158552088	100	39.8283269159204	13.518072289156626	196.8936630825278	10	26	1	206.04961674782356	0.5208235302279421	108.26901194268729	100	43.97576629162809	13.046	230.74760859056528		
4847	0.998	212.9384654776996	0.5138690699418956	102.11081495438819	100	40.44728571689996	13.12625250501002	219.9775752591781	10	169	1	199.94401567585658	0.5088963117635716	109.4591112389086	100	45.52243683542453	13.042	227.80762858778832		
4849	0.996	205.88721680177537	0.5297743241906109	100.74616978657951	100	42.80833636500627	13.259036144578314	216.83533914737512	12	189	0.998	213.439411437751	0.5177759428673017	112.79253904463437	100	40.4994033448867	13.098196392785571	247.57236864976676	10	
4850	0.996	201.41557128384088	0.5338392652011678	100.8235228672014	100	44.421075415223406	13.309236947791165	206.67099396951846	10	294	1	219.3655946999435	0.5017005303520004	120.68495844653859	100	38.9527095258831	12.932	243.95741830395417		
4852	0.988	208.00875826328456	0.4983559288215161	119.87363170732523	100	43.28608172385934	12.906882591093117	252.36928832745724	11.5	162	1	201.85708518317765	0.5604654650904657	124.98968188886569	100	43.9257645637891	13.452	238.84471881040002		
4854	0.996	202.0857850099668	0.5103584640223446	99.36995123684952	100	44.95183900041384	13.050200803212851	212.48342210392235	10.5	190	1	199.28258270184648	0.5664547828934053	131.9302331126168	100	44.53459368912728	13.576	229.13362914157327		
4857	0.998	209.5582059462783	0.5094583954494967	126.92359665447492	100	42.68729955952933	13.084168336673347	259.5045631651879	11	163	1	206.5091690073462	0.5035114068336204	123.47500738558585	100	42.771049093726795	12.956	260.26612203864516		
4862	1	210.03990758250228	0.5590307933896167	105.5821522127102	100	41.57625978645282	13.536	204.74165120857478		98	0.998	206.12169028072003	0.5160337494771072	121.67466191261364	100	42.747084210258706	13.072144288577155	251.98933571348272	10	
4882	1	202.08552259281817	0.5588942295578521	101.14612077303076	100	43.84263215042931	13.598	206.45428351025248		87	0.998	202.0651953837571	0.5366579896389516	116.86225495230295	100	43.72133975147201	13.288577154308618	236.58158976515068	11	
4886	0.998	205.49355516208297	0.5073861121588927	114.87426055777442	100	44.818358703568556	12.92184368737475	248.2474131022253	10	256	0.998	203.75663536133322	0.5163444683940006	105.62899953084738	100	43.97627868460339	13.110220440881763	233.3327423547359	10	
4891	0.996	208.24621560588878	0.534077695592951	105.8567462122468	100	41.535313111893856	13.26706827309237	223.1027328092498	11	246	1	204.5659111367085	0.526782770961408	106.5291919760987	100	43.63964974037207	13.276	218.42112883953604		
4901	0.998	205.56974540656648	0.505719613500267	103.30099284943404	100	43.550621632725374	13.05811623246493	219.8000461613129	10	145	1	201.94676683246053	0.5349432936516527	129.56460078191733	100	43.20895847136607	13.222	242.80867893478722		
4921	0.998	211.29742547391308	0.558816901055325	100.29963349776396	100	40.88229192986871	13.472945891783567	207.41788595172815	11	55	1	199.42565411614922	0.5657460568585184	133.05366197269893	100	44.42506819486842	13.58	230.2987203534627		
5000	0.998	220.43557008477643	0.5152954080249865	134.4466216789996	100	40.907077322573464	13.004008016032063	272.20834249326975	13	2	1	201.73492031491494	0.5284786448329793	109.37275454848034	100	44.405729453156226	13.182	219.9412717976032		
7500	0.998	180.67272529795304	0.5738261291563719	111.0431920960808	100	38.77348435646094	13.739478957915832	212.56512244563373	12	10	0.998	162.90154087246626	0.5430461769459427	118.93844361336203	100	41.0707589225905	13.38877755511022	234.1925574710034	10	
7812	0.998	180.82986048196375	0.5618285767178757	104.3933206997652	100	38.81772045555408	13.56312625250501	221.1586018654	10	20	1	162.8929793123198	0.5470012895601132	127.75236578239827	100	42.0150852628141	13.31	248.7419670608315		
7968	0.998	166.9733980257947	0.5579742392072934	104.19789006443177	100	39.66309062071656	13.595190380761522	213.8608415690034	12	27	1	164.73379019512316	0.4948410192748424	116.6864695221372	100	40.08085786891765	12.82	261.2073180604552		
7977	1	164.52239149738955	0.5460442385787587	105.82244598289398	100	40.80849388528547	13.434	208.79209414422675		247	0.998	161.1652993992539	0.5114678943561163	108.18837420256617	100	42.25919488332233	13.014028056112224	233.42187353313824	11	
7982	1	163.49486626122678	0.5192715346057444	98.67403334298945	100	40.82686445875266	13.254	198.26692525859875		248	0.998	158.98301844734243	0.5305988608755907	112.61641818346463	100	41.901008266600826	13.246492985971944	239.18220687824126	13	
7987	0.996	170.07615860129417	0.5238145506749345	130.5055327301856	100	40.279935636229176	13.136546184738956	283.4046436450027	11	89	1	161.7128626411237	0.5397561865551034	98.73312851847324	100	40.36661316807471	13.362	207.0058243289627		
7997	0.998	161.45732220264247	0.5721476088459283	102.18391998020196	100	40.35533499849932	13.743486973947896	207.38587517512934	11	129	0.996	157.33105866739945	0.5743580646344179	98.51892114799078	100	41.22226393697091	13.738955823293173	193.43715517813462	10	
8002	0.998	162.44018359958682	0.5335335582793346	100.25217784086719	100	41.63564923270876	13.32865731462926	207.82334396765785	10	174	0.998	157.44304915763172	0.5294525958405569	98.07515164166865	100	41.3880055031023	13.286573146292586	211.14565569534466	12	
8004	0.994	165.33049466092797	0.515436390255897	136.32772379977044	100	41.30077479011897	13.11066398390342	277.05415235079585	12	274	0.994	160.99773242632816	0.5333026899687705	121.77448219096485	100	41.28516685049082	13.225352112676056	234.76318108364038	11	
8007	0.992	164.60905349787498	0.5674039304702255	108.28432762336242	100	40.69721784775912	13.620967741935484	211.03533817953	12.5	88	1	160.52395017320748	0.5143164858017795	111.7500617365551	100	41.35285923577797	13.128	229.91772327640382		
8009	0.998	160.29553485358696	0.524165012361994	103.61171614278884	100	41.20605235270608	13.23246492985972	228.317243740456	13	291	1	164.6090534980307	0.5466488715532836	115.8097847571935	100	40.87357569948947	13.328	247.82011781324582		
8011	0.998	163.41902734557544	0.5525031942429426	104.68863782661559	100	39.94359420651301	13.639278557114228	200.90201925999432	12	184	1	159.5201633485098	0.48361583808348474	118.47840847617846	100	42.327408187381685	12.73	286.80539025321576		
8016	0.998	168.83776010847888	0.5459011110505274	103.0402918516649	100	39.425821591089424	13.440881763527054	221.04007129567023	13	113	0.998	161.60373081189545	0.569276296238581	133.8869734995653	100	41.14469071349395	13.619238476953909	240.44717803273858	10	
8026	0.998	166.8505701005278	0.5470724745314167	102.7891034727784	100	40.683208567552036	13.390781563126252	206.7055456646795	10	99	1	164.3061351909573	0.5230188522004314	108.14175089112054	100	40.492347278763816	13.17	227.76194245519798		
8036	1	167.11229946492205	0.54604349754133	107.5047369551217	100	40.13295881758243	13.456	200.45361951945466		200	1	157.4753551069096	0.5402453704791937	131.51071226814173	100	42.296009761785726	13.234	260.3012392164824		
8041	1	171.60900604064526	0.5205201592525136	138.2973005917942	100	39.56402339577932	13.062	301.5890151619486		217	1	161.9538107732017	0.553647501028384	132.20098327555402	100	41.427452012056186	13.428	255.38120033034528		
8046	0.996	168.4937068619007	0.5581366640385996	107.18827455790758	100	39.824362360254575	13.644578313253012	217.9508459118796	10	38	1	162.5381964763958	0.524527180662475	114.4515955164872	100	41.029553420629604	13.224	246.45092995405935		
8055	0.998	166.21144494063424	0.5123366433427737	114.16766706271807	100	40.64270585602148	13.098196392785571	251.9662630372002	12	164	0.998	160.074423378929	0.5519744898767659	126.63803927462146	100	41.2801833239091	13.270541082164328	254.0922802712419	10	
8065	1	162.65452179567822	0.5507787174985315	104.01780177877446	100	40.83788478683661	13.536	212.07845280970525		146	1	160.18453258134755	0.551046049538697	123.53841407861192	100	41.36877353596793	13.44	224.65300151115596		
8075	1	170.81753271151132	0.5499184330117766	101.16276124488273	100	40.019532757299	13.444	211.78006439318483		147	0.998	161.9761742461888	0.5471860604979786	111.40334140887461	100	41.42903740090424	13.316633266533065	244.12027854385738	11	
8080	1	163.7572462581694	0.5425496850071152	102.54966320773693	100	41.120187855128215	13.4	202.53127419616692		175	1	162.26917210239947	0.5265322959032717	107.34952518361011	100	41.178445097479056	13.248	231.5293188202249		
8082	0.998	164.23657966625194	0.4984727713508812	135.4858548597144	100	41.84365445081429	12.977955911823647	250.29471386137354	11	275	0.998	163.92365559572755	0.5240022157430501	116.11059531148756	100	40.188300790417294	13.042084168336673	251.65254850338002	11	
8085	0.994	164.9847297835823	0.5553502791544817	102.17042275488596	100	41.08688008744162	13.466800804828974	202.1594360394789	12.666666666666666	54	1	165.81548053344693	0.527620681769212	128.486476352387	100	40.79234684999628	13.096	256.04600364084445		
8087	0.996	163.15565311388707	0.5560079155198803	102.44942321285733	100	40.54623243798381	13.56425702811245	208.39843339468453	10.5	220	0.998	160.45532010659247	0.5206412384032327	115.26394059495153	100	41.25459734045827	13.152304609218437	248.91145225992975	11	
8088	1	165.79348763214884	0.5264636794577968	102.45253768178361	100	41.11514131127694	13.224	225.42146809398682		221	1	161.87516187526927	0.5418729396162832	116.4772049096122	100	41.03102172492179	13.274	245.5823793724585		
8089	0.99	169.69489201268684	0.5114577732625868	127.2663087623528	100	38.91044118118521	12.951515151515151	280.34762277752634	12.2	262	1	161.99578810963135	0.529228122711482	121.99193213233642	100	41.36311520498693	13.178	239.29362845666276		
8090	0.982	163.0958312570518	0.5446080437476651	106.19932851983367	100	40.00683627804661	13.423625254582484	215.4688621608236	11.222222222222221	218	0.998	160.56374284070048	0.5304551481447847	112.40302120325667	100	41.48091987311326	13.316633266533065	234.17697668882974	13	
8091	1	166.09640235183258	0.5159713081036623	131.57438857845736	100	40.99176453244601	13.072	285.1165364569954		296	1	163.20135783536168	0.5486132294262326	115.70507580648557	100	40.189481093656916	13.422	244.5678180781354		
8092	0.994	167.15434029540998	0.545671662078929	107.09002431372765	100	40.22912748661397	13.35814889336016	216.0759352881253	10.333333333333334	219	1	165.79348763175204	0.5062176300823361	111.18536028832075	100	41.60341772750776	12.906	262.351848862487		
8095	0.998	161.20695225181203	0.579961113984269	110.02235870581045	100	40.67505755749796	13.701402805611222	206.05742726761198	10	201	0.998	164.43141002423422	0.5258700655965775	116.8854832016016	100	41.106345378682555	13.158316633266534	241.13291047162826	11	
8105	0.996	167.78975741276747	0.5312327872764665	106.48812249105812	100	38.86628077305943	13.208835341365463	230.33913651229716	11.5	125	1	161.57177018049157	0.5583352053776979	132.78310271325032	100	41.23557357372644	13.39	252.36992729185963		
8110	1	164.8858989577236	0.5144041906837565	107.4764692402783	100	40.48213559944295	13.106	218.55791026115844		222	0.998	159.05396359916466	0.5494969583705887	146.91869251967518	100	41.924300989700306	13.400801603206412	237.7613156518461	12	
8115	1	166.66111129602626	0.5197601785469427	99.92020332753276	100	41.27021317245808	13.17	220.46790995035374		130	1	161.1811353601062	0.5518198650764443	125.85364859589194	100	41.41671229486111	13.426	238.62277561236297		
8120	0.998	163.912886378138	0.5451896715283395	99.15463901840269	100	40.86385802945305	13.384769539078157	211.19492820294468	10	137	1	161.06171885046305	0.5333111349434884	117.10670782349017	100	41.97443419421927	13.222	239.90207041412336		
8122	0.994	167.83736323083485	0.5016653458717621	128.68426048223526	100	40.547276657366886	12.961770623742455	264.6179574967104	10.666666666666666	276	0.996	158.8668772133806	0.5653107967379767	132.665354294918	100	41.26625293586615	13.53012048192771	240.76720717888546	11	
8125	0.992	185.97675290579747	0.522045778021527	132.2214814917304	100	38.37728890484874	13.086693548387096	287.6170384211498	11.25	17	0.998	163.8536809616931	0.5106055571604313	103.23158742230852	100	41.327897721422474	12.969939879759519	244.38178778254394	11	
8437	0.992	166.08069646708398	0.574093930710173	112.55443099767537	100	39.756344341155376	13.695564516129032	206.76393852763744	11.75	28	0.998	159.65956357562916	0.5311802840532902	113.10943544750317	100	41.433542179642885	13.254509018036073	231.54420098081317	12	
8439	0.994	161.81545874841544	0.5232128318677017	101.19785517162683	100	40.49787960837599	13.249496981891348	213.09662270578585	13	265	0.998	158.352373698899	0.5434834989489187	96.16734675647224	100	41.32949962478375	13.424849699398798	192.52068120823049	10	
8441	1	160.2512739976235	0.5598068862510043	105.76262259304642	100	40.786201653463635	13.532	220.88980423862333		250	0.998	159.3892739642204	0.5400313071902384	93.70982476466517	100	41.709540211894215	13.322645290581162	198.86651790930136	10	
8446	0.998	163.10920798871587	0.5586647620881724	101.9251017494038	100	40.87570112237444	13.575150300601202	215.08518283311776	11	249	0.998	155.9228822295845	0.5207127367645769	93.47211980222899	100	42.78983300971628	13.276553106212425	191.67752246954285	11	
8451	0.998	164.02603379153857	0.5324253137195576	105.0898786764194	100	40.62074790963811	13.220440881763528	205.56737975163125	10	251	0.996	157.22178374095895	0.5543007487837115	103.51004123666534	100	41.137413247047434	13.548192771084338	188.8453624933335	12	
8456	0.994	160.35361682910764	0.5442447270119181	99.14219534868745	100	41.16421134017216	13.44466800804829	209.3422355665199	11	91	0.998	156.854116241602	0.5372171439690373	97.27722805961628	100	41.716815640766356	13.338677354709418	198.8639356052664	10	
8461	0.998	159.8948987440645	0.5711492992517887	103.8279868614947	100	40.96019441377643	13.639278557114228	213.40322801124205	10	223	0.996	154.43297050894253	0.5503207492289978	93.58461376451919	100	41.980326477613005	13.528112449799197	191.23424312210255	12.5	
8466	0.998	162.4666275964976	0.5950866204038961	122.0838205562934	100	39.54011382557473	13.90380761523046	209.97706933912278	11	107	0.992	155.6517918784525	0.5764338917820643	107.60388333452042	100	41.67701994834387	13.786290322580646	203.97187723227242	10.25	
8476	1	168.63975176234035	0.5257684692758232	129.22435918673924	100	40.528276970444516	13.076	273.0327949105022		90	1	159.75972137916713	0.5337699179217755	102.27354186615113	100	40.638418669172566	13.3	206.29182202828304		
8495	1	162.15865602927497	0.5805523303665723	110.42255479165449	100	40.64168397620979	13.748	207.767407034661		92	0.998	159.52685421973513	0.55824832787923	101.87082682282465	100	40.66519768961031	13.537074148296593	198.61672813869575	10	
8505	0.998	162.20257443775446	0.5660312405648287	109.54028797663271	100	40.76512764138719	13.591182364729459	209.8188106348592	12	108	0.996	154.63437354433535	0.524735127292804	92.30193322179433	100	41.568444068987304	13.35140562248996	197.44197618691265	10	
8510	1	159.2610288260041	0.5587784677998298	102.12009718116842	100	40.66063953150577	13.618	211.93822435491012		224	0.998	154.78627706435412	0.5574140207218282	100.67243396482327	100	40.88090820336617	13.635270541082164	195.07877590569078	10	
8512	0.996	164.47585705774392	0.5173904603184424	127.39472200135671	100	39.9879321508066	13.082329317269076	262.9051114775113	14	277	0.996	158.55832908808105	0.5517533325855625	106.10502266198658	100	39.73676151965012	13.51004016064257	197.96079645999103	11	
8515	0.994	163.36861481803547	0.5726297188496862	104.19747059403079	100	40.74017171319158	13.690140845070422	201.2633594944427	11	43	1	160.76653483782647	0.5532387137802	105.81875426544458	100	39.49328170796425	13.482	201.8503489324861		
8524	0.992	161.39003676848478	0.5747313405749628	110.70011350188871	100	39.69229783141281	13.766129032258064	204.81819601606279	10.5	165	1	161.0772848810758	0.5582799589385503	114.80517360202327	100	41.52291856305143	13.552	212.61271091033146		
8529	0.99	161.27455771659396	0.547925573564705	105.12626732351387	100	40.456572968690516	13.44040404040404	210.17243749927593	12	176	1	156.56312625256894	0.533134035898742	98.64497345005792	100	41.13156466081793	13.362	211.54018794265716		
8531	0.998	155.49531021158694	0.5431685920207077	101.69802391101378	100	41.529310266278166	13.3687374749499	217.82659010241684	12	239	1	159.69848925247456	0.5431632907254421	96.10584405295722	100	41.11713610626094	13.402	197.01831511806319		
8534	0.998	163.4993446918275	0.5468624236321394	101.36753990610624	100	41.20071944882831	13.422845691382765	204.1837639336083	10	148	0.996	154.00315428126476	0.5703963416974904	105.29307751458077	100	41.56881466393082	13.686746987951807	199.28240870839846	10	
8539	0.996	161.5466960781646	0.5530800969783681	100.18749714009064	100	40.730175298980406	13.540160642570282	196.93148827285245	11	225	0.998	156.5932341680285	0.5360349254851886	93.04552799962447	100	41.75489264463857	13.424849699398798	183.60232279203143	10	
8544	0.994	162.64153413171329	0.5383080606486826	102.36514592368604	100	40.68997145182062	13.37625754527163	209.32018045230924	10	149	0.996	152.81229862834314	0.5456974338287515	100.20769459468325	100	42.136576089985645	13.47991967871486	195.33712567573113	11	
8554	0.992	161.83235994661877	0.5609517502441073	107.91599954260776	100	40.3342554172436	13.669354838709678	199.5477971722919	12.25	93	0.998	154.69990079340064	0.5390205448363558	95.33549548565234	100	42.11682033422119	13.448897795591183	191.95128463249264	10	
8558	0.996	161.33735056857083	0.5367848067883498	99.73440289900797	100	41.34771677457712	13.343373493975903	215.80967723785844	11.5	185	0.994	154.4869603057828	0.5525719868124919	97.75178512831705	100	42.50548041896791	13.434607645875252	206.8149320790001	10	
8563	0.998	164.3177028454031	0.5587837747082713	109.69662151724967	100	39.78832590604089	13.474949899799599	221.6691338576739	10	114	0.996	156.6185489196773	0.5121311784722387	100.51440697086285	100	41.91989214265655	13.124497991967871	206.44894112487734	10.5	
8573	0.998	161.99720806407367	0.5642073458396508	106.5266299219498	100	40.62968345684324	13.617234468937875	201.0331961784629	12	100	0.982	156.47906176319051	0.48629156102389504	107.10973082623073	100	41.36192366197015	12.859470468431772	245.40108990789292	11.88888888888889	
8583	1	167.77397490112082	0.5501640673567917	101.71509040543089	100	38.27832526262988	13.44	206.45833616776437		202	0.73	78.90185905755668	0.45090785926402305	100.38964976266497	100	47.21913920643424	13.243835616438357	200.98724411855574	12.170370370370371	
8588	1	161.61877363649265	0.544388743583558	107.27440276800012	100	40.72655306241769	13.446	215.70426852868044		226	0.85	120.12775940519732	0.5347511558030587	95.74749597142258	100	41.67359106015802	13.750588235294117	182.77071818264773	11.973333333333333	
8593	0.996	160.30902945465823	0.5839323281903201	114.81952866401949	100	40.62474659986449	13.897590361445783	207.3375746657198	10	40	0.994	150.53763440853845	0.5662011576218178	105.40072804216955	100	41.62678685546796	13.790744466800804	207.92567202420352	11.666666666666666	
8632	0.996	162.26783968702836	0.5617219667181895	106.53327566138913	100	40.40588689027824	13.536144578313253	217.5988710013142	10	94	1	151.76809834556684	0.537201333358763	109.21061430712624	100	42.45705124862132	13.348	208.4052294563977		
8641	0.998	158.50830659770477	0.555320464516178	101.53195425747992	100	41.26238596467466	13.649298597194388	195.92672125699707	11	166	0.998	161.81859454535714	0.5258427396263433	105.41639042624588	100	40.89458791548384	13.182364729458918	212.49873872355923	10	
8651	1	160.7045286534046	0.5461916914097259	95.97565303053537	100	41.404568729719564	13.524	198.08129676387819		150	0.998	154.77187432153397	0.4777586528956918	142.896575012309	100	42.667090043413936	12.635270541082164	321.26521038002943	11	
8656	0.998	160.22862280442624	0.5355718954902615	95.88959082804111	100	41.26915075865587	13.296593186372746	213.48072408170714	12	152	0.992	153.78414411071196	0.5051890363092834	130.96222208635686	100	41.710173199835914	13.024193548387096	270.5782550548694	12	
8658	0.998	159.40964124858849	0.5469844684012186	103.5432633024979	100	40.93313477184459	13.428857715430862	210.406657686007	15	191	0.992	157.9316054257687	0.47798019632696986	146.15537949853598	100	41.10111070927378	12.747983870967742	284.05602992017003	11.75	
8659	0.998	159.31802943698978	0.5531444929129619	100.28780499978478	100	41.62836899828012	13.519038076152304	198.30864208631283	10	287	0.994	148.47787769240452	0.49133831361757735	145.88975019786767	100	44.07489916118843	12.80281690140845	259.9668103585059	12.333333333333334	
8661	0.988	156.77562678524603	0.570085760538844	106.18979449691199	100	40.67053272839563	13.744939271255062	219.63556747963273	12.333333333333334	151	0.994	156.47136605452025	0.5150447376408402	109.85510550641082	100	41.83432066671369	13.07645875251509	253.02176820293133	11	
8666	0.988	164.0051791109237	0.5218711714580889	123.28169193019959	100	40.95597666704288	13.105263157894736	240.36201196453237	10.833333333333334	177	0.998	154.59446062329909	0.5075623838811977	109.32585980288331	100	42.22719884340512	13.070140280561123	241.8114619284192	11	
8668	0.994	164.86432694248958	0.4906167578821151	137.94787624758848	100	41.36043554914041	12.806841046277667	274.00086811529746	11.333333333333334	278	0.828	115.487614371663	0.48280534548650467	110.85570898326198	100	43.11486686155187	13.38647342995169	193.75825626958212	11.720930232558139	
8671	0.994	164.54229432220185	0.5769300979578904	109.14326842501306	100	38.90783032001147	13.869215291750503	204.05584461007908	12	56	0.978	153.23869512063257	0.5480688938285478	140.6784430437032	100	41.53629901169328	13.39877300613497	256.2209064511174	12.090909090909092	
8750	0.994	178.232024385718	0.5155812778179325	104.41218516164149	100	39.901905446883625	13.058350100603622	221.4668641387338	10.333333333333334	12	0.998	151.18463309724302	0.4945047187281656	135.49157626902922	100	42.40365278438467	12.905811623246493	263.57973634240835	11	
8906	0.994	164.7604840047556	0.5831123304932887	109.16900969342998	100	39.688660709810094	13.702213279678068	220.50942382427922	11.666666666666666	34	1	158.15777819966465	0.47998592779769206	141.38486998496174	100	40.81293066876445	12.774	312.7244257661412		
8908	1	158.9269253997965	0.5662286780470992	103.99281643803474	100	40.64720402177605	13.694	203.08261462282843		292	0.986	150.3140435393981	0.48928309688958693	148.02227270933005	100	43.86270098699896	12.762677484787018	293.0152525221979	11.428571428571429	
8910	1	165.84297986696194	0.5535492590227107	109.63882814529872	100	38.836062378248236	13.48	216.10925826881214		186	0.998	153.0017783775849	0.4847244095446378	138.7305948838872	100	41.44079774564017	12.751503006012024	292.5461314824032	13	
8915	1	161.95905675036127	0.5580424797596625	99.9790600807204	100	41.314151294840386	13.524	205.09224197050878		167	0.992	156.77350022114678	0.4945456864648626	144.8496319962137	100	40.87011654583832	12.941532258064516	278.97172373363344	11	
8925	0.998	161.49389947899803	0.5567362307920051	100.56057720534253	100	40.74878292352652	13.553106212424849	199.60893418201616	11	153	0.9	111.92916127744853	0.46151648351648283	127.75878950791332	100	44.63665685804358	13.046666666666667	233.38274274627858	11.76	
8930	0.996	158.8668772133806	0.520516611803819	98.74872778562099	100	41.70069054759801	13.210843373493976	201.77500401611564	11	204	0.95	150.51173991581783	0.4860214084161443	128.2341844909703	100	40.67498049298562	12.957894736842105	251.3438135433808	11.92	
8935	0.992	158.64892528141954	0.5301512540735142	97.32707777673085	100	40.5331861850648	13.300403225806452	218.94154003852262	11	203	0.964	144.96240601485488	0.4852006843128396	134.1776046233117	100	43.121390022541654	13.014522821576763	229.05647790780984	11.777777777777779	
8940	0.996	159.80489683270844	0.5359350813372773	99.13108525898261	100	40.96474487165885	13.281124497991968	217.77997974729848	12	227	1	154.79396922693215	0.577272937683232	110.89054206056154	100	40.23495775156917	13.71	197.5774902242485		
8945	0.996	163.09153430518828	0.5650244563340445	108.66543468501922	100	39.79924778966906	13.690763052208835	210.5500201693508	11.5	52	0.926	125.94869562837258	0.4830196711136232	132.53718207597845	100	43.65591326658964	13.028077753779698	244.77985865614437	11.81081081081081	
8964	0.996	158.9581537873842	0.5679073702538301	107.76081390944897	100	40.73929808653113	13.710843373493976	197.34066889739358	11	101	1	157.0253124802019	0.464768780239368	140.1427179030018	100	43.15280250374629	12.57	331.2538693170621		
8969	0.992	157.62043981175924	0.5678771928705609	104.64514570207044	100	40.02054946292583	13.731854838709678	207.08978477392458	12	228	1	155.87978550934272	0.48509380325556717	122.13659618423074	100	41.907964663790565	12.788	283.25212045626927		
8971	0.994	159.58642391543054	0.5618933882067642	104.48983262803216	100	40.31611484039158	13.571428571428571	205.42953166670728	12	240	1	160.32321159425388	0.501710051712993	121.39392400272827	100	40.76643374399611	12.94	268.9974697702527		
8974	1	160.54456717192073	0.5356324584857862	102.61588350134265	100	41.43800613514514	13.346	212.17892692203014		131	1	155.22647542753225	0.513043376068376	130.43687554260103	100	42.08250440588311	13.02	254.09087671872706		
8984	1	163.69291209699355	0.572515544843873	103.90336489860482	100	39.568628517710195	13.718	202.62976098137383		44	0.992	152.82699121874194	0.5059837863527442	108.96441935629007	100	41.777316613448036	13.046370967741936	235.82158525658116	11.75	
9023	1	160.37463514794996	0.5749034366390406	109.66549152144776	100	40.34599234641333	13.798	207.54024572368922		95	0.996	154.88445868175657	0.5450571356740922	108.53587479113094	100	41.08236910962325	13.357429718875501	211.5916109572177	10	
9027	0.998	160.68265979686907	0.5244140363938777	107.79796586019303	100	39.61518475885157	13.220440881763528	238.23153127927102	10	257	0.996	152.4194288862559	0.5162537842109064	145.69201237239886	100	42.85538541654808	12.917670682730924	270.90534616172687	11.5	
9032	0.996	161.49430878475738	0.5494450780954379	107.04970742886894	100	39.44428380437374	13.477911646586346	201.5783601055521	12.5	252	1	161.41007844537333	0.4779600703218341	133.50949393260524	100	41.00258310096003	12.704	321.7493959103777		
9042	0.998	160.6464490373061	0.5612239526957506	104.43130848402294	100	40.11882315655856	13.607214428857715	213.3290352533056	10	154	1	153.72317530591573	0.47821214618714597	137.5097922848957	100	42.1081259017025	12.688	334.00132179834856		
9062	0.998	161.1392772954663	0.5667027098338636	107.36911647019122	100	40.523473417927974	13.707414829659319	203.49516916154235	10	29	1	153.10184334613714	0.47752072094572007	133.03050069471428	100	43.94304088964421	12.708	329.0603174884073		
9101	0.998	156.9577252135966	0.5591295110741898	102.32187294027908	100	41.36425330836735	13.691382765531062	192.81441751372253	11	96	0.998	151.68095324949994	0.530184364857426	107.86972418782352	100	42.00806829452948	13.304609218436873	199.4371515674739	10	
9120	0.998	159.3536437377071	0.5457124301622114	102.96890677128661	100	41.24678658891414	13.450901803607215	217.8407696829179	12	155	0.994	148.60662600191654	0.5510716534225233	107.42510532053697	100	42.35083391523334	13.49496981891348	203.65448765700825	10.333333333333334	
9130	1	158.58416061399572	0.564002186538951	107.64709506822726	100	39.36602726372574	13.666	207.19688697866385		205	0.998	151.18005271609266	0.5240877689940671	109.04941314999158	100	42.71588531914088	13.218436873747494	222.51442803399902	10	
9135	0.998	156.53428696908443	0.5460456700885699	100.47043212334	100	41.14682592760285	13.38877755511022	210.5772097720839	11	229	0.992	147.88753391566186	0.5429581609224632	108.77282266817636	100	42.17465119229281	13.391129032258064	206.92983557866634	11.25	
9140	0.996	168.23187622450266	0.5281300857842328	134.08998518880642	100	39.64511227863034	13.186746987951807	260.77251639585916	11	57	1	147.48392425249148	0.49162406743583176	131.16090623502018	100	44.276300741456886	12.894	274.00716500535236		
9159	0.996	160.96709548116158	0.5601355673940904	106.4380584028669	100	39.42662870912665	13.60441767068273	213.69977318165604	11.5	102	0.998	134.9633516349837	0.4487904547022786	132.59313657664728	100	45.270891887838296	12.537074148296593	339.5674020133968	11	
9169	0.998	159.41473388283913	0.5838496494092515	112.123385957883	100	40.67824862714402	13.775551102204409	206.38796116105303	10	132	0.998	151.44157814845332	0.48508375097730255	141.43226357820217	100	43.60607964237419	12.749498997995993	322.46429397540027	12	
9179	1	165.0873311984602	0.5847791309997193	120.48052294477417	100	39.99437909849101	13.766	223.8566562700179		64	1	155.0820383983306	0.47678180169503637	122.06705392912308	100	41.03128407159823	12.804	272.24029033216306		
9218	1	167.71769757133575	0.5215989755256774	107.48153286716493	100	40.01104017982392	13.094	213.50103207093449		30	0.998	154.37445860656806	0.5151590370847764	113.61385135523574	100	41.54436292117201	13.034068136272545	250.31607867609836	11	
9222	0.996	163.19307904056686	0.5626062672143277	106.72554762497734	100	39.35571289624495	13.56425702811245	211.4514750596702	11.5	187	0.994	155.06536457523757	0.487320598484642	131.65441071829883	100	41.004076411700396	12.907444668008049	260.98564578715894	11	
9227	0.994	161.2013882133611	0.5392642822549661	104.2420509892959	100	39.9947979902181	13.374245472837021	213.6114560354758	10.666666666666666	115	1	156.29884338853617	0.5262241036912861	109.35329474470007	100	41.90102358141518	13.222	227.86779088234485		
9237	0.994	159.4328425240779	0.574165710803183	104.75154894349456	100	40.707619808609934	13.66599597585513	214.07639831569912	12	75	1	153.44012766213797	0.47214208193766927	139.16628957117254	100	42.934131009598126	12.612	325.97815563874565		
9257	0.994	159.269347860688	0.5709730804996672	104.42084363829512	100	40.39682317350396	13.814889336016096	191.45188123458522	12	53	0.986	154.5406100122321	0.5312259625855854	104.52559860991101	100	40.40983538659862	13.267748478701826	209.30636212704508	11.428571428571429	
9296	0.994	169.12815626481233	0.568228124008394	103.5623175965436	100	38.3832321030804	13.64989939637827	214.62563041095493	10.333333333333334	31	0.998	150.95138699834493	0.48993987514705384	141.28083581450508	100	42.25070889607905	12.837675350701403	290.64281707254037	12	
9315	0.994	160.38984090090491	0.5464064244410404	101.4157960188147	100	41.107173601388226	13.430583501006037	199.24333181566126	11	156	0.996	152.39144404668323	0.49310681837258685	134.02013158007944	100	42.131154101014516	12.738955823293173	311.8945225689774	11	
9320	0.994	157.78779605058722	0.5623784176660257	104.428292498976	100	40.181053809957376	13.682092555331993	200.48660370450614	10	230	0.988	148.3884533359398	0.49590519014340106	130.0870970343261	100	41.53383826546869	12.888663967611336	275.2590005948441	11.666666666666666	
9325	0.998	157.9563799817812	0.5230353570813895	97.64233234315002	100	41.651666845233805	13.224448897795591	217.02497495338196	11	206	0.996	154.50963358243737	0.5154347310593812	98.79887878876971	100	42.38562567402283	13.114457831325302	217.20543185627835	11	
9335	0.996	161.22766122740055	0.5520215169178667	105.0223051706454	100	39.665014050958064	13.580321285140561	212.661947575882	11.5	83	0.996	155.2127162225001	0.505043738154121	145.0518128937236	100	40.24541141330053	12.92570281124498	269.48863164689527	12.5	
9345	0.996	157.46537658872143	0.5740145552468376	104.75337645339962	100	40.57407741669734	13.706827309236948	220.4179218300477	14	207	1	150.66140356147915	0.49685037609449273	118.52021187422814	100	42.75400332982351	12.868	293.30084895062856		
9355	0.994	162.1163192745964	0.5629970784763315	100.90239921453039	100	40.08016554402834	13.539235412474849	199.11454888476365	10.666666666666666	84	1	155.59843156778047	0.5361288000956733	130.61321430554207	100	40.79158949612752	13.244	237.51123563614854		
9365	0.996	155.34344001480702	0.5545184720366094	105.4532974960417	100	40.84359345216241	13.58433734939759	204.21758861907614	12.5	208	1	148.47809948031636	0.522126254138019	134.49136226913402	100	43.01411353164301	12.944	306.3842168277094		
9370	0.998	156.87384073692593	0.5507602566429972	102.21423139777076	100	40.70839766084768	13.444889779559118	219.41032850750543	11	231	0.986	148.23501112520302	0.4664905918962711	132.8499033246766	100	41.20208516498296	12.665314401622718	309.3409611607492	11.571428571428571	
9372	0.996	166.02213628468462	0.5128061328325246	130.31023321024603	100	39.58945805799139	13.024096385542169	275.5803392650077	11.5	279	0.998	152.04607087349737	0.47678689978731165	132.57192985047806	100	41.98251524370868	12.723446893787575	293.5741103302089	11	
9375	0.992	179.3397693172311	0.5750971587349918	117.04002724933845	100	36.18100378026502	13.741935483870968	202.26837957962465	10.75	14	0.998	152.50611246956788	0.5299898023963793	108.08118109357747	100	41.65977810273322	13.158316633266534	225.22572499725158	10	
9377	0.998	152.35245626349746	0.5520295312339152	106.66207755401676	100	41.647137754985465	13.472945891783567	197.4770424363032	13	293	1	150.99353747666393	0.4903257714507725	122.70440275150597	100	42.57454107288112	12.806	294.7006159852439		
9379	0.998	160.40889803292214	0.5546411905055662	104.56875771040399	100	39.531471005583896	13.511022044088177	205.05592893328222	10	170	0.998	153.32145271306766	0.481952607586072	121.28478951506405	100	42.6535019335566	12.707414829659319	287.26929331811095	11	
9384	1	166.58892516819859	0.5532256640676146	104.96518237579086	100	38.41926938765463	13.56	203.71973781412171		116	0.998	148.7332339789911	0.5005680809301974	112.53988963462913	100	42.87784429793777	12.949899799599198	234.89988811080622	10	
9394	0.998	158.7655106587887	0.5772553094933148	103.99647703278724	100	40.82038542813232	13.77755511022044	206.65689429561345	10	68	0.996	150.8862293593051	0.5485917388645941	105.06966728811466	100	41.55933436964052	13.289156626506024	216.07093626611137	12	
9399	1	159.1241805103666	0.52319253489029	103.34739119228021	100	41.46249095132428	13.22	228.45520402289495		232	1	145.55617012594905	0.49238631303337044	116.22332196161008	100	44.04493639370166	12.902	245.41487364684525		
9401	0.996	155.54236811704195	0.5087412762775984	119.16240807590951	100	42.18710789615307	12.97991967871486	250.00964319456565	11	280	1	153.95036640200226	0.48129012556071377	136.74317990027723	100	42.9293070234816	12.772	315.51870894599386		
9404	0.994	165.03403619495742	0.5269845494204817	137.4471325814942	100	40.73917505087254	13.148893360160965	269.1897555159706	11.333333333333334	70	0.99	151.1635008854066	0.4812781821070588	125.98784763953253	100	41.43575196855781	12.822222222222223	271.4869250073764	11.2	
9409	0.998	157.46789106645275	0.5529900754673831	102.16905846334147	100	41.598712195574706	13.444889779559118	213.96524872636274	11	122	0.996	157.365859824487	0.49207436705221896	115.97865985704634	100	40.02803763892621	12.937751004016064	260.1175147567759	11.5	
9411	0.996	156.64318067444887	0.57741550355831	107.07418574070155	100	40.324543220174064	13.843373493975903	194.1516127142019	12	172	0.874	123.44284059778494	0.4772411862228793	105.82924353959659	100	42.12319770626107	13.148741418764303	209.14851549416147	11.80952380952381	
9412	1	158.45349389950542	0.5239172316245841	102.24505162718232	100	40.69383489741021	13.254	207.62024243097522		261	0.756	85.61721404302156	0.4736234004091149	106.42912771930125	100	45.699421274143425	13.420634920634921	196.62845729008907	11.934426229508198	
9413	0.998	164.60498103263754	0.5199233018739694	134.00458391850594	100	40.26754807531108	13.09619238476954	290.6867376310728	11	268	0.828	101.72490048657325	0.47164338278468704	120.08078676786401	100	41.39252096712753	13.28743961352657	188.36058453906622	12.290697674418604	
9414	0.984	158.49494233648034	0.5701783748789705	101.11734413533635	100	39.7818061961118	13.733739837398375	200.94536264561506	11.5	47	0.7	71.06454691274499	0.45392056612854975	109.63044133501374	100	47.99976685560863	13.251428571428571	151.17478846304672	11.9	
9415	0.992	160.5022166134709	0.50836200929447	129.49549015671744	100	41.59945218375532	12.975806451612904	286.7565315703576	11.25	269	0.748	52.91529308562747	0.43591613377709676	115.68854212304298	100	49.74075254811999	13.061497326203208	168.33995491709385	11.992063492063492	
9416	1	163.2333257158104	0.5634846734706642	110.11064898527768	100	37.95039012190109	13.664	206.75374426360912		194	0.818	85.42010400789269	0.479832728396298	119.75988458228903	100	44.39585147728872	13.19804400977995	177.63224351706307	12.043956043956044	
9418	0.996	160.1028773511539	0.5581908980532108	106.94850064032549	100	40.299677371028345	13.642570281124499	202.5677934070219	12	104	0.974	141.22901139676574	0.5083135539520109	98.64385525987448	100	42.01199933372056	13.166324435318275	223.79458701278236	11.923076923076923	
9423	1	161.45177435516587	0.5757215964719832	109.46921629480991	100	39.602588217336844	13.686	210.7871194472073		82	0.996	151.07389879872576	0.4967058003284167	114.00323644341157	100	42.629715871036225	12.8714859437751	253.70750705351443	10.5	
9425	0.998	161.01448807721516	0.557490804496115	103.33234005503186	100	39.779898040876006	13.603206412825651	198.78023533608226	12	192	0.998	157.9013986457391	0.5207055890194604	102.79006544203426	100	40.989225706160134	13.140280561122244	204.07947516894598	10	
9426	0.992	158.76064272461676	0.5118626555489115	131.22273135239914	100	40.395310491893824	13.11491935483871	266.71357411521495	11.75	295	0.998	150.57786897642072	0.4754525951670228	141.66638630321353	100	42.88241258727764	12.721442885771543	284.38198607018967	11	
9428	0.99	159.89405000308648	0.521717484997343	135.40061022060334	100	40.58491613613623	13.165656565656565	258.21552598717045	11.4	178	1	152.27189669863301	0.4712797006914647	150.51670787697236	100	43.26137641345906	12.608	319.74003505973457		
9433	0.994	161.93144793403198	0.5496909665578792	101.31337776721041	100	40.3662128757933	13.498993963782697	200.76221132090072	11.666666666666666	48	1	150.94339622641508	0.5142186063936062	129.10211536260468	100	42.68862988947388	12.986	249.4339628654811		
9443	0.996	157.3807793194434	0.5712800392644382	107.87799535525427	100	40.636741287494196	13.696787148594378	208.37670373160427	10	109	1	151.08478878321444	0.4814205118410995	133.87311889245737	100	42.05937125216808	12.732	283.53537746100005		
9448	1	159.98976065520125	0.5577993490255874	110.89492810751133	100	40.37280747395753	13.49	205.50517053210496		233	0.998	155.94724670316631	0.5354779658206161	106.82249784746067	100	40.25370302081111	13.322645290581162	212.0393483503269	10	
9453	1	163.14278256329382	0.5521821939498414	106.25532631056453	100	39.741913976855585	13.48	205.17602369228305		45	0.99	148.97523098698585	0.4898925485289126	131.81667707828194	100	42.58218682641807	12.862626262626263	306.90278990233634	11.8	
9492	1	167.93739293998817	0.5550318238263284	112.71088048752027	100	38.29532390355447	13.54	207.50344438085597		65	1	151.21729925875837	0.4858443801296739	126.40440151554067	100	41.34010556232209	12.768	301.31927438561195		
9511	1	160.5084908990288	0.5470723819352302	101.5504846581715	100	40.74198191507759	13.454	203.91489345250906		103	1	153.0690341344928	0.485500410700411	137.15093387789545	100	42.525835908763554	12.756	310.50635713774705		
9521	1	158.53387869000065	0.5637036551339956	106.33197122091967	100	39.89603585630189	13.646	204.53565087065786		133	0.998	156.3185264082361	0.5347594590433215	134.22557930410676	100	41.77474248794475	13.206412825651302	250.42153276170293	10	
9526	0.998	157.21982419097642	0.5616428596093808	104.35047527647754	100	40.81224451630734	13.571142284569138	206.20454352021812	10	234	0.998	147.67682746371614	0.5249464509189841	134.96758528806683	100	42.63457145543126	13.190380761523047	264.04112971162056	18	
9531	0.996	161.36348908053148	0.5678183786971879	107.70751329326178	100	40.23006029966771	13.664658634538153	215.95211937038778	12	41	0.998	149.2224880384022	0.4855034411146631	132.07872940265202	100	41.292909482778796	12.773547094188377	298.7410586148434	13	
9570	0.996	168.4709066302634	0.5325279812124261	133.99534309827237	100	40.31396398339706	13.180722891566266	267.49516890692206	11.5	59	1	148.38116152791903	0.4954363458436988	147.3177517409982	100	42.25987787685596	12.894	291.4428925596434		
9579	0.998	156.81468212824157	0.5648146517974408	100.89430554204955	100	40.386473669199425	13.62124248496994	207.23697313795924	11	253	1	151.51056028603696	0.5303893438261086	108.42706512253406	100	40.59827881568172	13.248	213.44471890872163		
9589	0.998	167.75364754917285	0.5270638027342622	135.54934841843888	100	39.710857549609685	13.134268537074147	280.9532013973513	14	69	0.998	149.07092071464047	0.49812752023210055	108.6467301590791	100	42.36584534903701	12.923847695390782	235.15243201388571	12	
9599	0.998	161.41031861582013	0.5685359735356792	106.36230857495383	100	39.89779422229896	13.567134268537075	212.33409475534464	12	79	1	151.03458692042602	0.5022909365230573	121.37214548993047	100	42.430345112656845	12.9	255.4485214331103		
9604	1	160.77170418003422	0.5625480584946534	104.77857194834002	100	40.01707667288049	13.592	212.07786648775846		123	0.998	151.48755312681172	0.4895939885101639	138.99825869826591	100	41.0614881697279	12.861723446893787	280.4906961858	13	
9606	0.994	161.300791899232	0.5199461615960619	137.81955657896856	100	41.35201913170421	13.092555331991951	263.8530312589393	11	181	1	153.064348252219	0.5371874488256841	122.50020543739954	100	40.85986555057996	13.222	258.31801939500417		
9609	0.988	161.76037198341982	0.5118720695435404	137.85081410476795	100	41.400308484593594	13.125506072874494	282.62251298591013	11.5	58	1	147.95963661111006	0.5170580169830175	146.9574444098306	100	42.07995114049364	12.96	302.4491973478828		
9611	0.996	161.83017580322897	0.5103137937475295	130.41994374087557	100	40.37927247302899	13.088353413654618	271.01153240536667	11	266	1	154.30193803222417	0.48394350992145035	149.64976071236936	100	42.50072386392137	12.676	310.3065842490387		
9613	0.996	158.34154716853354	0.5605664260726462	102.62941164976726	100	39.87840164835888	13.576305220883533	203.11035114394667	12	171	1	149.7499176374346	0.4773387065548832	146.18705052663975	100	43.08318564253801	12.69	302.2418793458022		
9618	0.996	157.86470550933151	0.536525841576151	97.68648748923893	100	41.33139970869555	13.357429718875501	202.9134331096819	11	117	1	152.93325992549273	0.47123631564513807	146.44919692377215	100	42.168268479869546	12.656	314.65528490988913		
9628	0.994	169.99008106170498	0.5202182828218468	141.82076856932173	100	38.62275537534278	13.140845070422536	264.3034821260593	11	61	1	156.02084438471007	0.5183996072554891	121.72421691979913	100	41.39667344826969	12.99	268.0095836306168		
9630	1	160.02048262200333	0.4955955578734997	122.56946382717348	100	40.73874769299138	12.916	294.0319607921898		281	1	160.27695858415396	0.4778850247791423	141.15590896263058	100	38.92741579082297	12.668	304.5274182637219		
9633	1	156.42108556242496	0.5583893784577996	104.18857871648298	100	41.42651129557446	13.532	199.25044675244672		235	0.822	93.94929938052495	0.4557061045199731	106.95516397386767	100	44.303688901816365	13.18978102189781	181.55632786285068	11.955056179775282	
9638	0.998	157.47783002483243	0.5871900973895213	115.06028142102349	100	40.34801082805365	13.885771543086172	209.40580576544488	13	110	0.992	145.54417676551552	0.4902042849623496	138.6857212176263	100	43.26391280031866	12.78225806451613	315.38318861346266	11.5	
9648	1	165.8099817608284	0.5336652311740556	138.9650839653955	100	40.642708212320414	13.218	268.1039419048987		60	0.974	148.5797968087927	0.4682386884766393	132.8564251096953	100	42.49132180390066	12.724845995893224	284.31439781152557	11.461538461538462	
9652	0.998	154.62799417451012	0.535813719591957	104.32268142281656	100	41.43781310213325	13.414829659318638	212.63133820328002	11	258	0.894	109.86580150423812	0.4783209508831297	123.29204286031681	100	45.16012564862402	13.046979865771812	228.23575879386442	11.679245283018869	
9657	0.996	157.6298547146845	0.5818794511567931	109.59305867055151	100	40.62569624238469	13.835341365461847	205.78669613783498	12	118	0.87	107.80669144991366	0.4796820280238134	125.05669578750553	100	50.5896239074807	13.124137931034483	213.56750001831762	11.723076923076922	
9667	0.994	157.05979016551882	0.561188518927678	105.04540506437495	100	41.23151042185928	13.678068410462776	200.36466442362126	10.666666666666666	76	0.986	144.74031883972478	0.5401261294674652	114.3602878364284	100	41.63092141430444	13.40973630831643	201.20278812067016	11.285714285714286	
9687	0.994	171.84744649189645	0.5633843393782283	103.0126762716656	100	39.451480832695864	13.603621730382294	206.18593233795036	11	18	0.97	140.95968843553283	0.5277125301120699	102.35145735536425	100	41.16760662872519	13.294845360824743	201.19881238448068	11.933333333333334	
9691	0.996	154.7737444055958	0.5564977795982308	102.9132912612645	100	40.40722452547625	13.60441767068273	207.76574941941388	13.5	259	0.99	144.9784728932488	0.5305164367552954	96.54548453317865	100	41.71502018331077	13.44040404040404	205.29345734880835	11.8	
9693	0.992	162.2664965485061	0.5069483581461772	140.49585605752637	100	41.49635683605799	12.941532258064516	278.97172373363344	11.5	282	0.996	148.3776777999871	0.4791232529184339	135.07034324245072	100	43.66701772613212	12.670682730923694	313.30695800672106	11	
9696	0.99	160.5058365757422	0.5185421102596727	107.27900519872168	100	41.178734546761945	13.135353535353536	230.29115056999507	11.6	119	0.832	108.14464346078046	0.4558369314979892	129.3342416268949	100	43.719039965615174	13.01201923076923	200.83606086735628	12.130952380952381	
9701	0.994	165.044997177392	0.5404440506627167	137.9966241466418	100	39.67128428472214	13.26559356136821	268.4059944883927	11.666666666666666	124	0.86	114.49873518841166	0.4714791011542037	123.47477983485074	100	43.49612618452353	12.993023255813954	209.33931600659506	11.714285714285714	
9703	0.998	154.39834153289897	0.535026780537228	102.28931995910348	100	41.70324665159163	13.354709418837675	202.54000308993017	12	283	0.904	121.6623600344927	0.4667298409555046	133.20014943596627	100	42.48599588675435	12.86283185840708	230.12132660606488	12	
9706	1	161.12400103131085	0.5706826543683353	103.90469225501602	100	39.58265597205738	13.638	215.47632940405592		77	0.762	85.88625143709385	0.4533381753854195	113.10255103660285	100	45.96490687636265	13.123359580052494	188.59373577646653	12.025210084033613	
9726	1	158.72511983751943	0.5616687236482125	112.66713243416255	100	40.11383610241837	13.68	204.08468439352367		66	0.862	113.46584177973332	0.484629707106505	136.11783865394688	100	42.45215043975443	13.341067285382831	213.3688416280917	11.73913043478261	
9730	1	156.73981191211132	0.5660775849967028	106.82057419850572	100	40.833637213338086	13.638	201.9583759538133		260	0.708	86.3667414853216	0.4525411029648318	113.60036573961749	100	43.78889906677747	13.3954802259887	169.67784416856182	12.116438356164384	
9735	0.996	152.00073253341637	0.5665347001411852	110.99978329565778	100	41.042836719377775	13.616465863453815	207.68765474996445	12.5	254	0.704	84.64997715406766	0.48166042054536345	93.70517782640772	100	42.28602868845982	13.707386363636363	168.5466243474799	12.08108108108108	
9745	0.998	158.92732021162044	0.5494360373862412	102.47420514874945	100	39.97883264460428	13.555110220440882	196.4103368049984	12	157	0.974	144.5318296482958	0.48021877265143326	135.61285484494627	100	42.06700171755871	12.749486652977414	272.39558973527306	11.76923076923077	
9765	0.998	165.05689335785263	0.5287548311316448	137.15965876362856	100	39.834110616638476	13.16633266533066	255.7686100429221	11	46	0.98	144.00329150356146	0.47871414299985676	138.81604590274813	100	42.77419810392628	12.720408163265306	315.5040335859662	11.9	
9843	0.998	175.4879549848884	0.5515973604106522	108.18864032490092	100	37.36725800233893	13.490981963927856	210.91237329331994	10	21	0.968	145.7655704133402	0.4717008886430369	138.52953478649596	100	41.9480411619849	12.836776859504132	262.44905984242297	11.75	
9882	0.998	158.4076695978444	0.5476274099196411	104.45723116239617	100	40.99646861345085	13.39879759519038	205.7603879625124	15	97	0.948	147.2095406687988	0.481505982124933	132.15550782376278	100	41.05281278887969	12.839662447257384	229.903085685703	11.384615384615385	
9901	0.998	158.67968327677042	0.5261443158855624	103.882388180584	100	40.85866512255826	13.256513026052104	208.8525343897023	11	158	0.996	151.79687261851058	0.49185572971008834	132.97056841804954	100	40.31621680256039	12.82128514056225	303.40461789519924	11	
9906	0.996	153.45741402664146	0.5497278071693379	102.02604579853158	100	40.57694596916338	13.514056224899598	199.4153999064521	10	236	0.998	140.83712003602105	0.49486519806571666	136.15144996047883	100	43.47857156472003	12.755511022044088	302.08656916725346	12	
9911	0.994	162.63089005252948	0.5053932500545626	128.53035830327656	100	39.673692806755575	13.012072434607646	257.96816220229607	11.333333333333334	209	0.998	147.95706576549537	0.5227069036246218	133.3959147995187	100	40.909803245146044	13.114228456913828	251.4691183973382	11	
9921	0.996	159.5795815041759	0.5672325400108046	103.7672159704209	100	40.96048391555415	13.674698795180722	211.42711805390311	11.5	23	0.992	145.1438269978808	0.4754607539637774	142.49466440206496	100	42.40001604368417	12.627016129032258	326.71312946899957	11.5	
9930	0.996	157.16224319111532	0.5612726074000739	107.50023511576191	100	39.68044537943294	13.662650602409638	207.65214878099775	12.5	168	0.962	141.93814919732478	0.482263935261673	141.4194455114496	100	41.91148906866594	12.869022869022869	262.2640508550117	11.421052631578947	
9935	1	160.81307088607892	0.537466309438755	108.6074951732039	100	38.814397410203505	13.33	220.6765972488496		237	0.996	152.75605042791844	0.4895246477280491	134.0327684032022	100	40.83105076125239	12.837349397590362	283.1226294093902	11	
9937	0.998	153.10975422649133	0.546837511923101	103.9338130859992	100	40.88791140391254	13.521042084168336	202.23949230381905	12	241	0.966	147.49893116697248	0.4727414924619886	133.64750124993105	100	40.28471204709985	12.780538302277433	299.6132551959018	11.823529411764707	
9940	0.992	157.42533405283393	0.5448998199783113	103.24673602700028	100	39.605808157103304	13.512096774193548	210.25835584853974	11.25	159	0.992	146.94554719453228	0.4935122475563651	145.42479656508343	100	41.807233997291036	12.883064516129032	280.4062398079492	11.25	
9942	0.996	152.2097927745144	0.5360111737820711	99.64604618679766	100	41.58077849555693	13.39558232931727	206.93457858935028	11.5	284	0.994	153.46137219766027	0.4779301840240999	139.37805090649223	100	39.88498303977745	12.748490945674044	294.96378630738053	11.666666666666666	
9945	0.998	162.519541427607	0.5026648813221974	126.09935210315187	100	39.590673290031575	13.042084168336673	278.95242145696585	13	179	0.99	146.884272996921	0.4754434380236514	126.15417296575248	100	42.809790321745986	12.66060606060606	305.55110324926517	12.2	
9950	0.998	154.95450734399483	0.5521740985361724	101.64033289289469	100	41.05634838910449	13.695390781563127	196.90989971269022	10	160	0.996	146.9590108302855	0.49113241717334477	133.47860046465564	100	42.197930868283976	12.77710843373494	299.26625610654986	12	
9960	0.998	158.14661046500552	0.5700038580556583	107.04174191994393	100	39.961864186348336	13.785571142284569	203.5036807996472	10	36	0.998	148.68005482381722	0.4840073690112003	125.7308377190889	100	42.32576323152037	12.827655310621243	260.9747952646175	11	
9970	0.996	158.26103537051333	0.5557816389153349	101.13937003127602	100	40.340656355271605	13.516064257028113	205.51593076907764	10.5	134	0.996	153.44322908655946	0.5095494827245358	126.7895457186193	100	40.95632794279137	13.03012048192771	266.48768723403504	11.5	
9980	0.994	164.02640264032706	0.510990132288511	126.9848664160367	100	40.41062339291967	13.064386317907445	280.95677813876455	12.333333333333334	49	0.998	145.55318962752008	0.48178083884496636	136.11652763800984	100	44.801163738103405	12.763527054108216	291.3081880776134	16	
9990	0.996	157.4454631682176	0.5480459733788837	101.31713028342799	100	40.594759148382074	13.506024096385541	210.74717005320613	10	80	0.996	151.27582017004514	0.4615275370546445	148.4096543661337	100	42.20624683058325	12.558232931726907	352.8935694032351	11	
9995	1	160.63740923984395	0.5576641727295748	102.38888557829613	100	39.338473474801745	13.57	211.55038227982618		111	0.996	145.90413688022943	0.46877306094173493	136.67568970794213	100	42.70716660909269	12.56425702811245	332.6199383634642	11	
9997	1	159.3016216903487	0.5710017010681095	110.63693107099927	100	40.717293243432074	13.634	208.96155713396908		138	0.972	137.69265639160096	0.46208006670969615	140.0800806959636	100	44.542665314232856	12.7119341563786	315.5795961054291	11.857142857142858	
9998	1	157.62428674993006	0.5610695565872038	105.19456475587413	100	40.69248365061141	13.604	207.37310839622654		195	0.984	140.242859586254	0.4590607901583507	134.06756085311147	100	43.91708568227037	12.603658536585366	325.38371474405665	11	
9999	0.994	159.8122126115462	0.49183303775563264	125.47376710031527	100	39.719961699201	12.847082494969818	290.7331224733688	12.666666666666666	270	0.99	146.0866485655482	0.4778477414841052	146.28902135054346	100	40.87769385840466	12.642424242424243	304.8478389854678	11.6	
10000	0.984	163.7162252096582	0.5443309574548721	121.37397383232658	100	39.95375373326305	13.254065040650406	222.26900332230417	11.875	1	0.968	145.04480206169674	0.47969460807787184	135.46311805141752	100	42.45140177249282	12.77892561983471	293.13693686863706	11.6875	