index	success_ratio (division)	success_rate (division)	mean_second_ratio (division)	second_ratio_SNR (division)	probe_index (division)	mean_time (division)	mean_total_iterations (division)	total_iterations_SNR (division)	mean_total_iterations_failing (division)	order_index (division)	success_ratio (sequential)	success_rate (sequential)	mean_second_ratio (sequential)	second_ratio_SNR (sequential)	probe_index (sequential)	mean_time (sequential)	mean_total_iterations (sequential)	total_iterations_SNR (sequential)	mean_total_iterations_failing (sequential)	order_index (sequential)
1	0	0			64				101	0	0	0			64				101	
2	0.04	0.455809289396675	0.027227722772277228	9.526279441628834	64	64.04588876856435	121.75	23.442860612502464	104.02083333333333	15	0.1	0.9478403457719238	0.026732673267326736	16.768593092019238	64	61.92573870668316	112.6	53.233718712363725	105.11111111111111	
3	0.78	9.515328217828037	0.08604670927049657	28.538354859480297	64	55.788872959609215	104.42307692307692	306.75855687853743	104.18181818181819	19	0.66	6.274062455477669	0.05333950014076225	42.8653613495204	64	55.5808848334126	106.1969696969697	186.73696415044327	104.20588235294117	
4	0.78	10.011166300821637	0.11714339759767832	34.748718458922546	64	52.72484401561621	104.56410256410257	296.5423457061016	103.5909090909091	12	0.79	7.108599605823551	0.07536107477254392	30.794223577270323	64	53.36566394827998	105	236.81996464017539	103.80952380952381	
5	0.77	7.835953798429015	0.09437634478957403	31.139237018801918	64	54.60730549599296	104.14285714285714	275.82276929123725	105.08695652173913	49	0.81	7.770231380209855	0.10187470222369661	25.4700639011282	64	55.47911717017318	104.70370370370371	289.8929746591637	104.63157894736842	
6	0.89	9.643201542905631	0.11986504452365063	27.75599871405044	64	54.37549657193078	104.69662921348315	261.7659764834026	105.36363636363636	48	0.82	8.652527170980216	0.10198397985387822	33.10673074528657	64	55.54401826128449	105.1951219512195	269.87310376447465	104.94444444444444	
7	0.85	8.416591577473818	0.13627100475280574	27.205587469033233	64	54.75171120774763	105.15294117647059	227.83451710103682	101.93333333333334	50	0.81	7.268941875389555	0.13004132624729747	25.42618072913912	64	54.78558810587344	104.8641975308642	241.21992615929324	104.57894736842105	
8	0.81	9.7688049494574	0.1768012207166016	34.46788957956279	64	55.15045196394223	105.50617283950618	205.91183242220623	104.73684210526316	9	0.8	7.3024015772983795	0.13285874881419077	35.01878412352386	64	53.39404403301042	104.2375	254.31352027309052	105.05	
9	0.89	9.703868463516239	0.13325232748581345	43.52450935282967	64	56.60806245059662	104.11235955056179	278.9324965077298	105.9090909090909	35	0.9	8.871452651124534	0.14860291091051725	31.129966721991902	64	55.455627569391034	104.38888888888889	235.27027706725752	102.9	
10	0.96	11.774951244362143	0.19508446897621434	31.95775841844326	64	55.95311191246176	104.19791666666667	273.36418558593033	104.5	25	0.73	7.097508094083851	0.14601272036580742	38.805807841386276	64	56.426548148515955	106.5068493150685	178.37339523153082	103.88888888888889	
11	0.87	9.315074359978817	0.14933637305578107	45.90805487557239	64	53.96606911553639	103.7816091954023	287.9326567754737	104.3076923076923	88	0.81	7.995498830304157	0.1499107792688418	43.482852309398865	64	55.12552892727616	103.48148148148148	330.8174327909147	103.89473684210526	
12	0.95	12.003285109676744	0.2072472700507984	38.26234110786475	64	54.91989023848217	104.07368421052631	335.8511966183082	105.2	21	0.88	8.457147250522572	0.16465820557994182	42.56602167770927	64	54.29793014209215	104.57954545454545	228.35835589300603	103.41666666666667	
13	0.91	9.989461666849184	0.16462584791496757	58.697445412911925	64	54.642731345496195	103.7032967032967	363.02618563250775	104.55555555555556	56	0.89	7.931556902223052	0.18641150902933948	36.65855025444692	64	55.74069536633461	104.31460674157303	262.2562798304288	102	
14	0.89	9.265139133161622	0.17663996441442575	46.422039855685505	64	54.33054033706466	103.95505617977528	304.6269373469124	103.27272727272727	55	0.9	8.573061535513085	0.19100891058665018	36.608676418212355	64	55.07069000783048	104.83333333333333	215.27014433667998	104.4	
15	0.96	10.453644619662684	0.19282087825711533	43.81284615621488	64	54.94201529345065	103.6875	309.8524896477501	101.5	68	0.91	9.47630403321602	0.17732993259507276	59.30364498722981	64	55.583916686352566	104.12087912087912	257.7619244137495	102.66666666666667	
16	0.92	11.46074694169481	0.24201458643342524	46.55784890953674	64	55.62361892863087	104.15217391304348	300.6388044413561	106.125	8	0.9	8.44935550190231	0.1896298371158139	54.321047035149	64	54.20383562891713	104.7	257.9574485901934	105.4	
17	0.8	8.3069414880066	0.19110740980937696	62.44569512726793	64	54.63285062497484	104.0125	280.68899311608345	104.2	131	0.92	8.352322762751983	0.19169457280539112	66.85243336553079	64	55.60027594111544	104.77173913043478	211.80864933141856	103.75	
18	0.96	10.307728649060424	0.20972665032214255	50.00811211498252	64	55.832297494824786	103.63541666666667	374.19983224178026	103.75	129	0.9	8.453641171093489	0.2254594785369404	40.524203211705874	64	55.64972208031215	103.77777777777777	338.7175208675991	104.7	
19	0.87	8.492527551890083	0.20799645408631237	66.00638433792757	64	53.49639063535414	104.26436781609195	258.10427998595287	104.53846153846153	130	0.92	9.236020479862	0.2202992478430256	50.65413640555062	64	55.84985595150394	103.93478260869566	355.05271664527135	102.375	
20	0.9	9.231810768388739	0.2177115419635683	63.22548327306183	64	55.42472669014556	104.53333333333333	262.2620497180766	105.2	126	0.94	8.37036179549861	0.22491115481931714	58.16111227371992	64	54.40832463056712	104.29787234042553	328.5374977510053	104	
21	0.84	8.21845434349225	0.2253768115522187	56.66113102466161	64	54.40101033532861	104.16666666666667	283.2543450702848	104.5	132	0.94	9.137480194054762	0.22409529536670872	62.4322179110477	64	54.295088122439935	103.98936170212765	277.2224964279989	102.16666666666667	
22	0.93	8.274315811971446	0.247927840726934	55.439216745840426	64	55.49546412670355	104.70967741935483	280.5356394414066	104.28571428571429	127	0.87	7.894951768235523	0.23733023558138536	61.09583970818595	64	55.21167816446788	105.04597701149426	264.81080226114756	102.46153846153847	
23	0.96	8.768164256983873	0.25300166480564285	61.19302543574995	64	54.60465109580891	103.75	368.8608857397481	107.5	223	0.96	9.859400835976734	0.23551151452334418	63.807890252779515	64	54.99552892490067	104.1875	280.10651447891007	102.5	
24	0.93	9.383797309970873	0.2556435047571425	60.22995446155966	64	55.71637154742889	104.3763440860215	334.9650171874521	102.85714285714286	125	0.88	8.373137452663377	0.2381281178380326	79.29050106214025	64	56.01349646282975	103.98863636363636	337.39925757623683	103.75	
25	0.92	9.047281881744478	0.26452310827508063	59.23875031742609	64	56.44095619341549	103.94565217391305	370.23844435001234	103.875	199	0.86	8.12125218376551	0.2595056648123353	64.05782385176502	64	55.49964424972487	104.56976744186046	270.3310125665715	104.57142857142857	
26	0.91	9.040243987299853	0.27333777529958747	63.41875832136811	64	55.448231428160746	104.01098901098901	371.4827318524743	102.22222222222223	198	0.91	8.299663453213007	0.2584684095424945	72.50483602518754	64	55.269409289795846	104.16483516483517	322.977006456785	105	
27	0.88	8.098730892075267	0.26447788077613477	71.07210210175747	64	55.063210237268464	104.36363636363636	307.05941044086666	102.91666666666667	200	0.89	9.130452624233442	0.2630038205224142	73.24615081363437	64	55.124837506532124	104.20224719101124	302.2602208899551	103.36363636363636	
28	0.93	9.111751219768523	0.2707093812154449	74.6202516812323	64	53.87215111400412	104.35483870967742	343.03547747523413	105.71428571428571	128	0.93	9.229303535002165	0.27887167960054177	72.85253635341196	64	55.70995758875585	104.34408602150538	300.7259226720945	104.28571428571429	
29	0.93	9.02851262533662	0.2883041947877568	74.76696615931812	64	54.84966628286522	104.01075268817205	423.3116158422213	102.42857142857143	134	0.98	8.780968594598482	0.28817106061603803	71.46527118762722	64	55.46374261369935	104.53061224489795	290.7204387293704	101.5	
30	0.9	9.216967412904404	0.2836403299293702	86.34964779832666	64	55.815716492177046	104.24444444444444	424.967562812467	104.6	133	0.86	8.276233736274554	0.2827526065050376	91.20390808603405	64	55.27808611754138	104.75581395348837	302.2520113675166	104.57142857142857	
31	0.96	9.762844241962112	0.29466729328527025	91.02273125084915	64	54.347255569852514	104.34375	319.9868992249145	104	135	0.93	9.078219107192847	0.3039303818745224	64.6932596415484	64	57.825308230040854	105.05376344086021	276.39739688067914	103	
32	0.92	11.532290413011976	0.32067936631804533	67.6708681517656	64	54.9289251191445	103.90217391304348	387.90832419438215	102.5	6	0.89	8.460076045612398	0.29985686647898635	89.3361565054356	64	55.77736531790083	104.40449438202248	321.3471122502949	103.36363636363636	
33	0.94	9.709740729281252	0.2995069274909367	95.74845983909776	64	53.30865782214024	104.04255319148936	387.40114120224825	106.5	67	0.98	8.847080914683852	0.31147322504403274	82.62306625881902	64	55.43192193600408	104.8061224489796	350.90984452580085	104.5	
34	0.96	10.283877878991227	0.30905024259617697	85.28361240094046	64	55.137894212999356	104.03125	407.946353008747	105	66	0.91	8.824071290730476	0.31258869599851435	84.71261722506577	64	54.1713937036725	104.46153846153847	370.2956360626227	106	
35	0.94	9.115239905309407	0.3137102840734322	94.1237114379293	64	54.384560305855196	104.55319148936171	238.9959480203018	103.16666666666667	80	0.93	9.46035298313641	0.31359920916144646	86.17879534345268	64	55.548672132898346	104.20430107526882	447.41565940593017	104.28571428571429	
36	0.94	10.290881622110652	0.3226317913935479	86.18664752753074	64	55.20342248665764	103.65957446808511	618.2928002359557	104	59	0.93	8.844676075622976	0.32250772210766854	85.80356488179956	64	55.49038073245637	104.94623655913979	351.91253997722305	103.85714285714286	
37	0.96	9.259259259244288	0.3376249335762412	86.85942413331156	64	54.10459583338721	104.39583333333333	397.35370861723953	105	89	0.93	8.455852268095123	0.32960338584986	89.76528421204993	64	53.29741525255794	104.96774193548387	367.39654841226337	103.85714285714286	
38	0.95	9.971659494067538	0.33677270639940443	96.2439986431227	64	54.753951314853246	104.94736842105263	312.47059255888144	105.6	86	0.93	8.173955843054962	0.3355877558132066	80.46223003636516	64	58.34420474230886	104.75268817204301	377.62307245354157	104	
39	0.89	9.39105844613105	0.34288738790697415	88.34509163776646	64	55.737087717478325	104.35955056179775	423.38712890616074	102.81818181818181	87	0.84	7.46023428692337	0.3429423063493805	75.83621151738299	64	61.78956451229338	105.83333333333333	257.5053581515382	103.75	
40	0.93	10.05579343462266	0.3655132098349961	86.49827376514013	64	54.368971473619766	104.19354838709677	572.3342515818397	102.71428571428571	26	0.94	9.238874036781832	0.3442427299525403	92.94103212904365	64	55.809301387905826	104.8936170212766	318.01816563	102.5	
41	0.97	9.839524456896664	0.3638416932107804	93.47280021139449	64	54.82186646535495	104.65979381443299	412.3260878640814	102.33333333333333	47	0.94	8.963136716454692	0.34774736252770855	99.00018104778746	64	55.09265092289008	104.52127659574468	333.1241973255217	105.5	
42	0.86	7.455246846691854	0.3358660248677233	81.44647800105967	64	59.3497254116013	105.17441860465117	345.27673465791156	104.57142857142857	45	0.9	8.568164508793513	0.3561769636038004	101.44180263910998	64	55.577826027160434	104.91111111111111	314.52295404565064	104.3	
43	0.96	10.61430277297086	0.3660340128596275	97.65672021708633	64	53.87081461272586	104.58333333333333	417.86287544767856	108	46	0.9	9.43119419882951	0.3614563559588923	94.07432362013812	64	55.05070324488542	105.12222222222222	324.0344726002772	103.8	
44	0.98	9.376285651425695	0.38118587226050804	113.2448821801017	64	54.909874502361426	105.33673469387755	368.24586573279305	104.5	44	0.95	8.820716613616145	0.3593284832569735	115.08623296494187	64	54.2837395190069	104.77894736842106	362.4669582388596	103.4	
45	0.94	9.91916932227562	0.37290977963526006	91.53536622498491	64	53.85182333260425	105.19148936170212	382.3764002124968	102.5	57	0.94	8.430871339478289	0.3789876043840416	109.08471420086428	64	55.77488296189671	104.95744680851064	335.6253209561738	102	
46	0.93	9.673292351852023	0.37519885789695356	93.05406512708056	64	56.19473830009299	105.81720430107526	320.9782300628143	103.14285714285714	51	0.96	9.055749457577654	0.3846989701265607	106.827609163619	64	55.99776665603827	104.98958333333333	349.3765793853028	105	
47	0.88	8.682782437091182	0.38352259605492256	98.19667067838992	64	55.40993806136653	105.26136363636364	417.5618725473277	104.75	85	0.96	8.92782412189542	0.3825422329128239	111.97958861908069	64	54.24396862877855	104.45833333333333	394.1659998802253	102	
48	0.95	11.664170124991324	0.3990613221125399	103.61184573063743	64	55.59605390765595	105.28421052631579	358.67877484142093	102.2	20	0.95	9.807767752063214	0.3864262923352427	92.22003729242758	64	55.911091467303024	105.12631578947368	373.37060456582935	103.2	
49	0.98	9.468782005372868	0.39429070665813076	106.07207392278755	64	54.74836792887578	104.81632653061224	409.4169803975941	102	174	0.93	8.942393676796291	0.40326411827803343	104.48440364638253	64	55.896040523695795	104.96774193548387	532.4877431912681	102.85714285714286	
50	0.91	9.108106214544858	0.40100163917253406	97.41147520924372	64	56.190521877310516	105.13186813186813	386.14479958224297	104.66666666666667	173	0.97	9.683731331267152	0.39043618594477475	118.17930898925677	64	55.590158083752556	105.22680412371135	328.26173465385097	114	
51	0.95	9.142615172892976	0.4055252603366606	120.2336723859906	64	54.886057500598795	104.85263157894737	443.4773849826422	103.6	178	0.97	8.724512281712206	0.4035547847260279	107.03226049904438	64	54.40113657967685	105.12371134020619	410.4575141780218	103.33333333333333	
52	0.93	8.568269762351811	0.40932407039650226	120.94265441940182	64	55.03183474357581	105.15053763440861	425.0886656732053	103.42857142857143	172	0.91	8.569464455641725	0.40759143151148053	108.63500286892624	64	55.368046769246554	105.4065934065934	372.107388940541	104.33333333333333	
53	0.99	9.622393934953298	0.4084612041128359	112.35050298895557	64	55.21850170701425	104.9090909090909	502.75526354253566	101	176	0.96	8.847273933707175	0.4127787442947611	112.61998097788339	64	55.666057643174334	105.22916666666667	389.431214591946	104.5	
54	0.99	9.65806546025392	0.4179602671537136	127.19940717139475	64	53.44297891669261	104.91919191919192	545.4446576934187	103	175	0.96	9.627148558880632	0.4174854502309437	113.82627846842185	64	55.05887822579473	105.22916666666667	429.8112995674131	104.25	
55	0.97	10.432799862275095	0.41973398321045696	117.51903642238318	64	54.99172716345507	105.03092783505154	513.9376191150396	105	177	0.92	8.987798087179602	0.42131711122564974	128.82646766980469	64	54.56471299418953	105	537.510744667408	102.625	
56	0.95	8.932433194778485	0.43520625927773626	125.92961914713567	64	55.183817330543064	105.41052631578947	451.7977350005739	103.6	136	0.97	9.178565683490474	0.42174442828316056	106.68522192275715	64	54.995789285407085	104.8659793814433	453.2824446660644	101.66666666666667	
57	0.97	9.500861933810178	0.4294657216038773	108.92525208428923	64	55.64617221189321	105.24742268041237	559.542017810832	105.33333333333333	224	0.92	8.890950558601558	0.43323913933904284	128.45868472915572	64	54.24496312548208	105.53260869565217	394.3996716495269	104.75	
58	0.95	8.97208265648538	0.4366591464711669	108.17868019402108	64	56.03092442569701	105.83157894736843	428.3766595106642	104	180	0.95	8.5604094579169	0.4350133937065031	122.37093871656629	64	54.75595854055908	105.25263157894737	431.4137864474553	103	
59	0.97	9.691181025355739	0.4438166005889216	125.2370723604485	64	56.37662601398862	105.49484536082474	465.0503581913517	104.33333333333333	183	0.98	8.884940026683028	0.44439983889760154	110.83507679219166	64	54.97853875968315	105.91836734693878	338.1119770896866	107	
60	0.97	8.854566035021653	0.4463812378760424	130.46692538265495	64	54.596425408685484	105.78350515463917	311.5546219803282	105.66666666666667	179	1	9.859307679446255	0.44073583886357887	128.90369520164376	64	55.76651552334768	105.32	452.15591041209683		
61	0.99	8.668090918655812	0.44553750375047396	131.7305109289336	64	58.38565543927961	105.39393939393939	414.92849918352607	102	182	0.95	9.008581859554585	0.45110428107141054	121.43228686623605	64	55.089256130769016	105.6842105263158	398.8024879794034	102.8	
62	0.94	8.715728180562241	0.45580267112691814	125.04369421207022	64	57.51289011710832	105.77659574468085	393.70679169126356	104	181	0.88	8.408982322051994	0.4549703369089819	142.46464011777908	64	54.699545459500314	105.73863636363636	336.5859321541271	104.33333333333333	
63	0.96	9.244102070285402	0.45514273764593166	141.80250251391033	64	54.01696796839681	106.01041666666667	395.324093439614	102.75	184	0.97	8.570494526351819	0.4629394512733481	137.93913793555004	64	55.696305652040294	105.69072164948453	499.43557144588067	103.66666666666667	
64	0.95	11.471351808190537	0.45697786962188386	142.10927156223744	64	55.173122320296976	105.85263157894737	345.80471355503295	103.2	4	0.97	9.108408845535886	0.46514649963421417	126.50820971981992	64	56.06642831670929	106.04123711340206	380.4867509372315	103.66666666666667	
65	0.95	10.278715485168421	0.46438924380420304	127.52219689833304	64	55.40133162363255	106.2	360.8817247198987	105.2	90	0.98	9.6548870475824	0.46830249096660304	137.81669570392643	64	54.85661081077891	105.66326530612245	470.8233773263131	101.5	
66	0.96	10.456718986539737	0.4711718493558114	134.2621725355136	64	54.65848822855174	105.64583333333333	486.28673045142085	102.5	74	0.95	8.898880614481032	0.4705587201134391	134.1381644019645	64	55.64863461354785	106.16842105263157	392.25513986720256	103	
67	0.97	10.572437546413973	0.47342602030421865	132.03277146207088	64	54.93862252635423	105.41237113402062	550.8363735105062	107	81	0.97	9.163045531825631	0.47708636635772195	140.10780708875248	64	54.78653698905065	106.03092783505154	335.06168937059687	101.33333333333333	
68	0.94	10.22528255511846	0.47732352045977566	142.3486899930964	64	55.0059668029449	105.81914893617021	408.6590284245823	102.83333333333333	39	0.96	9.61134138281095	0.4748502506118062	127.36078772110646	64	55.15240310471467	106	406.3921262285803	103.75	
69	0.99	9.34808883508072	0.48561456415119775	169.51270457428043	64	55.60386291889593	105.87878787878788	484.5558488321058	102	225	0.97	9.158373774920173	0.4881999000547679	127.2849353510935	64	55.712459711576926	105.79381443298969	588.455385724763	102.33333333333333	
70	0.94	9.46874307468038	0.49308605096001956	162.21549899242254	64	55.131186358506945	105.65957446808511	572.0085287736513	102.33333333333333	52	0.96	8.99347972718256	0.48853759028541593	142.5022420196991	64	55.19474613400909	106.125	428.91888403059886	104.5	
71	0.96	9.693934222621172	0.49406674185923566	132.2624857701473	64	54.88829014971074	105.90625	522.9409511141318	101.5	69	0.98	8.772008342392299	0.49348225777517746	138.6051615799389	64	54.65287949910436	106.16326530612245	402.8658979114184	104	
72	0.97	11.232962375411297	0.49504134775228875	151.45505851745943	64	55.688988085139584	105.88659793814433	441.6474109624925	103.66666666666667	37	0.99	9.269315756004287	0.4960949748878397	143.32461747110855	64	55.00235421304332	106	472.1818181818182	106	
73	0.96	8.36980592515243	0.5068652152357054	139.06272285190747	64	55.8283536046452	106.40625	351.05289097371804	104	202	0.96	9.432386492036338	0.49752775803687316	143.07164141727063	64	56.928250742365485	106.27083333333333	407.1128831641612	102.5	
74	0.99	9.83274403083968	0.5053946559913017	138.70243181974888	64	55.54014796129345	105.84848484848484	336.06742835999523	109	201	0.97	9.570038872181902	0.5077225733405435	152.25235110786286	64	55.49370218756861	106.45360824742268	252.35053828232145	103.33333333333333	
75	0.95	9.108341323061692	0.502785779867988	138.39067207193327	64	54.47197854923588	106.3157894736842	476.1455102600965	103.4	203	1	9.002358617944168	0.5074996628739337	173.88966687854168	64	54.17603624580024	106.39	325.69700212618403		
76	0.97	9.925609094751243	0.5138029939167834	169.02883104108147	64	54.61799935000001	106.12371134020619	541.0857179259546	105.66666666666667	60	0.99	9.386199442481498	0.5133708202120814	151.33641935566874	64	54.711077000761875	106.17171717171718	371.58186083868753	105	
77	0.98	9.292622795396452	0.5206617319318045	204.92987995469505	64	55.06918133352678	106.4795918367347	468.2900267443405	103	82	0.97	9.61395510183677	0.5111566036336823	151.8368105076494	64	55.64776074395835	106.29896907216495	511.30358017182147	104	
78	0.99	9.601675928969023	0.5206224039035302	183.45022946137158	64	53.504546490039374	106.37373737373737	497.44298647197564	103	75	0.99	9.113252878986152	0.5226941494053473	154.98530679912932	64	55.94296434729395	106.8989898989899	344.0821761843642	109	
79	0.96	10.148527934883276	0.5287210212768035	153.39230441128575	64	55.55939619577838	106.01041666666667	489.6742993035615	104	76	0.97	8.732759552027517	0.5247861731132095	161.52884341124422	64	54.61140900380599	106.44329896907216	429.5414470625963	103.33333333333333	
80	0.96	10.23345059156447	0.5276368931583627	156.14267749342216	64	55.994114633437384	106.66666666666667	425.43496324521146	102	32	0.96	8.781076779493263	0.5303556072640019	146.0785653241232	64	55.80943404955684	106.61458333333333	374.16692314364775	102.25	
81	0.99	10.032733058418756	0.5302445898289082	174.94458303913913	64	55.26853919980652	106.4949494949495	508.79675002739754	115	142	0.99	10.09709530021813	0.5309841882738093	179.6253972698322	64	54.86919788457278	106.39393939393939	466.4616517929729	101	
82	0.99	9.68518264890431	0.53783933687572	177.75729811589855	64	55.89228012938209	106.65656565656566	467.2919893952265	107	141	1	9.495143234190179	0.5285391476639003	200.7833571595982	64	54.86480624840411	106.31	445.7893884184901		
83	0.99	10.437863084724555	0.5405738063891496	174.20957852480385	64	55.413069114767126	106.65656565656566	525.0357857320604	107	145	0.97	8.68599674057602	0.5401799670115593	153.7897584235793	64	55.005774376341286	106.29896907216495	513.8903151875817	105	
84	0.97	9.641572073155325	0.5471218138297056	152.93310938854643	64	55.501470187223255	106.57731958762886	506.7358087393296	102.66666666666667	138	0.97	9.189783234750832	0.5396609235718568	180.33701110452327	64	54.98373099214226	106.5979381443299	474.39966126628474	102	
85	0.99	9.319401299049268	0.5474945697663873	208.84356384274892	64	55.52388798320665	106.9090909090909	434.96934933651806	103	226	0.97	9.314295042251276	0.5406907383080557	169.69348629384552	64	55.197064446642145	106.3917525773196	594.5449980695229	101.66666666666667	
86	0.97	8.880262929010168	0.5540523660391559	178.26071370477067	64	56.59802846066064	107.0721649484536	454.9379186935662	102.66666666666667	143	0.99	9.146256963653746	0.5501954641825499	193.01380118654572	64	54.82222500147472	107.01010101010101	500.5224779833899	106	
87	0.97	8.60302791108368	0.5569230683677747	169.66947781648588	64	55.045396592550844	107.20618556701031	409.4256504504736	102	148	0.96	8.859521216802154	0.5591727207003827	156.9418782576336	64	55.612489360103694	107.10416666666667	439.09619969830237	101.25	
88	0.98	9.135484833252681	0.5657052671707588	186.22263776251705	64	55.413470030280074	107.1734693877551	370.79481805885825	105	137	0.99	8.879481222998002	0.5564712619429635	177.1239141329802	64	54.53999358388328	107.12121212121212	418.06456098011444	101	
89	1	9.45653304585706	0.5674374660459459	195.38003008570396	64	54.54989436269229	106.96	469.8866823535986		146	0.99	9.447376205974741	0.558942434227234	196.9050428889764	64	53.940227243703326	106.77777777777777	578.5745227815873	102	
90	1	9.572584119011259	0.5642844073323702	189.86046074478526	64	54.595426380340186	106.83	465.5403041978725		144	0.97	9.546586357231991	0.5636628145794318	170.55716004465813	64	54.62265275749377	106.98969072164948	378.8545795937521	104.33333333333333	
91	0.99	10.667758585408972	0.5645601044684643	187.92300814916337	64	54.174898948391345	107.17171717171718	426.6197913643908	107	149	0.99	8.916187834339544	0.5692083376884248	229.70080642689487	64	54.79341702293199	107.31313131313131	430.31378249928815	101	
92	0.99	9.765047049728912	0.5783130231022188	181.35358740567395	64	55.797838006111746	106.95959595959596	420.3461426445933	112	139	1	9.308820107007044	0.5776218811289554	168.8539946040011	64	55.83112160295111	107.29	499.27746314582174		
93	0.97	9.004492963485768	0.581437013207915	218.44393160820457	64	55.630411699692026	107.57731958762886	489.1985955497662	102.66666666666667	147	0.98	8.769496469835657	0.5794436122704135	186.92078437854656	64	64.86791882555819	107.86734693877551	389.5929936983546	102	
94	0.97	9.018557774526851	0.5866309011184332	218.5972368360948	64	55.156592399032306	107.81443298969072	400.2630784451614	102.66666666666667	140	0.98	8.539709649860955	0.5840627359422437	193.09196103252788	64	55.284340768948546	107.59183673469387	369.52045329529915	103.5	
95	0.99	9.914872308476566	0.5861510182770855	213.71322097934413	64	54.80094342995559	107.6969696969697	386.70333903401814	101	150	1	9.221009147272907	0.5886650193553584	198.38269325503353	64	55.333133806600344	107.59	345.9070525371436		
96	0.96	11.564035848502568	0.575544331938799	212.6013868193202	64	55.720646169597295	107.23958333333333	443.57981894739356	104.25	16	0.98	9.763679113676934	0.5854330203517392	210.88166588818694	64	55.261728923384815	107.26530612244898	547.5402366513084	103	
97	0.99	9.269923312471027	0.5969693510948411	188.04556101606522	64	54.57123064874406	107.8989898989899	370.85221720794766	105	70	1	9.112945850861523	0.5879801486746092	208.4318244302094	64	54.54515329612649	107.05	533.4095622698965		
98	0.99	11.085853778843939	0.5975894133702415	189.08495221810992	64	55.05620993559411	107.72727272727273	418.7428201881113	104	43	0.98	9.45279870368428	0.5883157965836812	187.1571195886156	64	56.30207823797642	107.3265306122449	424.46568962160933	106	
99	1	9.52326533719298	0.5994659804453999	256.16477360088595	64	54.41275948000791	107.65	494.35568125166606		91	0.97	8.579515301534853	0.5982807465100528	205.80472943495258	64	54.492686606754056	107.90721649484536	428.6017852576317	101.33333333333333	
100	1	10.563454672297478	0.6051198955234612	203.17510366372596	64	55.136829218513455	107.61	484.3500873488574		40	0.99	9.386733416761182	0.6021925746331507	200.56985114414098	64	54.02364796002755	107.66666666666667	480.60006387051874	107	
101	0.99	9.985576389596721	0.6048341568003315	215.9106168184991	64	54.65496297125575	108.01010101010101	497.33175360504305	102	71	0.98	9.211045735674363	0.6061176330511978	184.0325830347796	64	54.84226071625283	107.61224489795919	434.4558976567129	103	
102	0.97	9.186388991525234	0.6170399021705129	234.9332025500956	64	55.0953950686113	107.54639175257732	538.1691965772329	104	62	1	8.87697401712817	0.6078205444866492	198.11497100606059	64	55.18542203407115	107.77	414.1368700610257		
103	0.98	9.704027171292726	0.6125088002700502	193.1448153420271	64	55.34620118808954	108.13265306122449	405.43956384316874	107	92	0.99	9.010484927937354	0.6111276901202544	214.71318100074512	64	56.16722741911763	108.1919191919192	324.84338300480874	101	
104	0.98	10.27566031607454	0.6192364243894953	212.6160703453074	64	55.00954458674999	108.15306122448979	331.3020775796881	102.5	24	0.98	8.870544361726424	0.6205096092261805	210.32391549607053	64	55.089716120723274	108.27551020408163	421.94889937466144	102.5	
105	1	9.282034621980314	0.6278204789267869	242.04979569244344	64	55.19287506067069	108.18	493.6082328141489		205	1	9.395582197254306	0.6144644665476896	218.74584038409742	64	54.91954158476241	108.11	335.48412335174766		
106	1	10.05884423872252	0.6227535304687616	247.71134012870937	64	54.45288996692162	108.14	437.05033619278953		204	0.99	9.314052930145792	0.625040087656285	222.3787077203434	64	54.588650657040205	107.98989898989899	549.4499877798487	107	
107	1	8.963464917015974	0.6289208233601201	258.81966947603735	64	54.41639117036493	108.37	421.68495831665933		206	0.99	8.653014133303188	0.6289166229946871	239.79505152580776	64	54.90513878109167	108.57575757575758	450.37170834245	104	
108	0.98	10.464160251199369	0.6291699149493232	219.44361948323	64	55.0259789607017	108.5204081632653	431.0154003134743	105	41	0.98	9.651844191643885	0.6338271194633116	191.64365911167363	64	55.83740001999448	108.71428571428571	377.58179754977726	104	
109	0.98	9.320196294742491	0.635801680998566	235.26336252928198	64	53.43920042009311	108.48979591836735	460.38558796778455	102	93	0.99	9.071084315190227	0.6304486395710942	230.04876534746788	64	54.454164393447584	108.87878787878788	431.1220069149787	103	
110	0.99	10.547399373473889	0.6347738059690947	274.9462524235132	64	55.01831116250691	108.47474747474747	403.32967704404086	101	63	0.98	9.15947772286018	0.6403477085547307	263.61180950507776	64	54.75706254613969	108.51020408163265	439.1381368766715	105	
111	1	9.482627825864462	0.6425262867616527	236.8958583274543	64	53.88656567903763	109.01	399.1588992682932		94	0.98	9.131058643768094	0.6426931782493881	258.5489716768581	64	55.119788021862526	108.77551020408163	422.70511308233256	110	
112	1	11.200089600814941	0.6433183805441649	230.94575338092176	64	54.55846142163318	108.7	359.30934878888183		23	0.99	8.750375647436673	0.6381632621905184	252.18772265436786	64	54.26150310444177	108.47474747474747	414.8351588987055	105	
113	1	9.342301943175231	0.6528325737413523	228.10248558615834	64	54.225244030259226	109.06	345.6653832486413		227	1	9.266552379244104	0.64272155201451	261.9358208660219	64	54.72033191094543	108.64	423.4787555132694		
114	1	9.80094285077327	0.6563928394406474	240.622114233343	64	55.098047570633206	109.09	449.9220502247221		77	0.96	8.963418050106327	0.6503232394287615	240.61166130213908	64	55.657016286112025	109.3125	372.6385221318449	107	
115	0.98	10.17896278439161	0.655082000120981	275.1298259852038	64	55.799235763512236	109.13265306122449	452.50506029884656	104.5	95	0.99	9.096672823019793	0.6547954137889785	261.26143907343993	64	54.80983707814745	109.56565656565657	335.49187730328964	114	
116	0.99	10.479961044157726	0.6589570747318746	270.7028041519445	64	54.58216832191547	109.29292929292929	354.9579947694578	105	42	0.98	8.504803478304527	0.6607335301190607	219.35121779254342	64	55.86747330890836	109.68367346938776	336.58041325320687	103	
117	0.99	9.065186935120753	0.6641187594833062	233.36648155157235	64	55.54286648447707	109.42424242424242	419.90909435332685	101	228	0.99	9.197837114719373	0.6608641233625825	223.54153639946182	64	54.89560226400433	109.08080808080808	412.5710801718312	101	
118	0.99	8.651955429316995	0.6779007948644139	222.52684298931842	64	54.891376132466085	109.31313131313131	485.2922500339741	108	78	0.96	8.319467554077077	0.6715858738207593	210.9250339975885	64	55.47901256575233	109.55208333333333	438.3338208105517	104.75	
119	0.98	9.17628772345617	0.6730389991025223	230.5804562503557	64	55.61796134670804	109.74489795918367	314.3734442157058	106	96	0.98	8.88091419045661	0.6762553095206791	228.8862374421637	64	55.87424334566744	109.74489795918367	374.8184160021261	104	
120	0.98	11.044618002767223	0.6701378478591887	280.23442405008194	64	54.70644576091352	109.29591836734694	393.8954383292019	102.5	34	0.99	9.354006632877118	0.6729727766253766	247.42362121204437	64	56.36412805326479	109.73737373737374	413.26748048211005	106	
121	0.99	9.12736827549311	0.6781914129004442	228.40295618811263	64	55.57376941076438	109.5959595959596	455.5608056017927	105	188	0.98	8.57355321288275	0.6799842175345521	247.57412466895113	64	55.49762385204851	109.78571428571429	358.47610246355777	102.5	
122	0.99	9.09374827762793	0.682468352877082	298.9638984216822	64	54.59513787773841	110.12121212121212	391.322186298864	106	186	0.99	8.953361127954087	0.6888731263467411	241.4163931766582	64	55.72412721763995	109.74747474747475	360.78313683803475	107	
123	1	9.685230024256755	0.6860417866904749	236.30775491145397	64	54.78090958786659	110.14	409.2030471818049		229	1	8.658458448044362	0.6870684647806313	259.82264068911553	64	55.47903048234682	109.61	404.4664171601101		
124	0.99	9.68982763852102	0.686275183475195	262.98764420959213	64	54.45345179975059	110.41414141414141	332.03539833055623	102	185	0.99	8.457129189089862	0.6918266178080247	266.238046706115	64	54.76333277004644	110.91919191919192	348.4155000391948	107	
125	0.99	9.19834987175845	0.6912856085907114	231.86296592663385	64	54.39723398677761	110.1010101010101	449.1933041638288	106	189	0.99	8.442200770839001	0.6909291845117119	244.11046193885025	64	54.59792903656201	110.08080808080808	394.0889923461982	109	
126	0.98	8.9262130085995	0.6945688895840002	265.4800630007641	64	55.829548641777635	110.31632653061224	357.246822982663	111	187	0.99	8.938567662263127	0.697423262876297	276.56118346381606	64	55.8085792979496	110.58585858585859	401.65571839483084	106	
127	0.99	9.161576901736268	0.6971897361220708	266.31865855617696	64	54.897936060578644	110.43434343434343	361.08871308042313	102	230	0.97	8.42825986843845	0.6961196602755265	261.73496176400187	64	54.853769621031724	110.94845360824742	352.16250371600944	112.33333333333333	
128	0.98	11.432971289280768	0.6968624812638666	263.01155573727664	64	54.719626218708775	110.68367346938776	368.42735781904906	104.5	2	0.98	8.58684985284745	0.6989778575260484	267.6744995026555	64	54.80131378624952	110.22448979591837	398.16562267931846	108	
129	0.97	8.606004684536789	0.6997097481198186	270.90867391349155	64	53.76281581212392	110.71134020618557	411.2462222714196	107	231	1	9.052968921223641	0.7096968854871452	245.74933245541348	64	55.83094409817957	110.9	395.4026282217523		
130	0.98	8.436857012516606	0.7105611520043984	273.51110675568407	64	55.154857922233816	111.03061224489795	350.3641552830978	103.5	207	0.99	8.652333508098371	0.708020172166548	308.1012092993275	64	56.23920324772456	110.8080808080808	343.85309910333007	104	
131	0.99	9.198178946459656	0.7064844556748496	291.8456609904365	64	55.18685133184904	110.88888888888889	422.43317533995355	107	232	0.99	8.946483760790903	0.71409413641106	267.1499457443269	64	55.150766229411026	110.73737373737374	395.95942176614824	102	
132	0.98	8.893809726997858	0.7192305573545171	269.9420399454888	64	55.47711174238083	111.45918367346938	348.51707473488057	105	152	0.99	8.617988091512535	0.7150723392973264	254.5716210371441	64	55.3956694020615	111.68686868686869	334.71859752721093	108	
133	0.99	9.264284778502441	0.7171240170671672	270.0355494910707	64	54.164787171978986	110.96969696969697	382.8407616547098	103	158	0.99	8.943008644898876	0.7184132866667676	258.12338288199663	64	54.91859682149689	111.23232323232324	332.9885262150869	101	
134	1	9.510856642927914	0.716082487370958	314.41063869785637	64	53.4726176232774	110.66	471.2508188195021		155	0.96	8.078292114404887	0.7259750274425536	265.2454692837956	64	55.9997629310216	111.71875	301.9567734200084	102.75	
135	0.99	8.984073687510604	0.7298285177658007	282.4236508551385	64	55.10818536025373	111.72727272727273	349.82659637772775	108	156	0.99	8.484453738326522	0.7280892852856412	250.4096852521103	64	54.93190357151802	111.5050505050505	360.90737207746935	101	
136	0.96	8.255933952592521	0.7354382844422384	306.1362299952143	64	54.78563670875787	112.23958333333333	311.5304019491255	105.5	151	0.96	8.093343225234387	0.730012080090285	271.1727272826892	64	55.371426086157726	112.27083333333333	309.0596210161351	107.25	
137	0.98	8.677250551145717	0.7308964329271016	293.4705307128323	64	53.240859956664565	111.75510204081633	367.9159367461374	108.5	160	0.98	8.49993494951725	0.728135198992852	279.1281998475692	64	55.01433507951067	111.59183673469387	356.15982178149795	104	
138	0.97	9.74169445230832	0.7330239886649504	307.5121266230284	64	55.41566982932744	111.82474226804123	347.92526106437145	108.66666666666667	154	0.99	9.15717034187069	0.727508590309254	316.541553539993	64	53.43236615219498	111.87878787878788	361.76246311690323	101	
139	1	10.264095168626431	0.7328054008600797	310.05506383192295	64	56.3947325093125	111.47	407.6316267296044		159	1	8.904005912194654	0.7418277376841081	270.85429815036827	64	55.79278196800523	111.97	321.4862351906164		
140	0.99	8.495083148865335	0.7454603030439871	280.21022164371715	64	55.368057580619144	112.48484848484848	336.57003064722323	109	153	0.97	8.174478771604237	0.7381393785223443	341.69337287005953	64	55.257370391460846	112.79381443298969	330.1226698044944	109.33333333333333	
141	1	9.596100144983957	0.7441851079841365	292.7670708377904	64	55.894518037889036	112.14	367.61125827813817		233	0.97	8.458835122465098	0.7453392341122651	317.93603819595796	64	56.750300647267395	112.4639175257732	323.7485935147572	105.33333333333333	
142	0.99	9.076240419494864	0.7473712533180382	347.526984517417	64	54.35077367564362	112.36363636363636	382.01032921271764	112	157	0.99	9.133009834067163	0.7458651455499415	301.25739820603485	64	55.046337068182254	112.54545454545455	353.30760445396396	102	
143	0.97	8.86289917311422	0.7501413149779286	309.70575796221874	64	55.657087887959044	112.47422680412372	334.14533811256985	107	161	0.99	8.663463810363163	0.7545688276615491	276.8882282255303	64	55.528657787421814	112.64646464646465	330.36172323060526	101	
144	0.98	8.876168393534169	0.7570393704019376	344.3951705689138	64	54.75064651972808	112.70408163265306	370.1254757240232	109	99	0.98	8.662064576620795	0.7545837936347974	327.50926920983363	64	55.60482935495247	112.90816326530613	350.8964123615794	101.5	
145	0.99	8.602711157432708	0.757838557196869	338.69416849601646	64	54.11865347535457	113.41414141414141	334.20408594689644	101	234	0.97	8.726317493995005	0.7530675902416782	302.94344078774736	64	54.24908423733052	112.97938144329896	337.9562692626649	105.33333333333333	
146	0.98	9.733133373662927	0.7642996655814449	342.55545873900314	64	56.281662007612134	113.5204081632653	326.06621700065233	107.5	117	1	9.025189303328494	0.7581772903569076	265.4594344392772	64	55.05497352340581	113.16	308.8820076984203		
147	0.98	8.838065004863719	0.7660909593498849	303.2801495451854	64	54.80561538259241	113.16326530612245	307.6074645372342	104.5	121	0.98	8.69372366372249	0.7600686588677279	330.5927034186414	64	54.94814455428763	113.63265306122449	356.3443322220679	108.5	
148	0.99	9.219679825707896	0.7694148190070321	306.01635046288635	64	55.9712130316899	113.97979797979798	340.84740128196137	106	111	0.99	8.656873032450601	0.7623400688474996	322.4337572785912	64	55.132471444786084	112.87878787878788	310.34396860819294	107	
149	0.98	8.529378486792911	0.7706624980138709	281.3422203771535	64	54.84964395947687	114	283.44529956402675	107	235	0.99	8.604206500917023	0.7691226896206982	315.82403792715854	64	55.35778690162185	113.29292929292929	378.0489692605093	103	
150	0.99	8.643042350920311	0.7741939068105165	335.75700847251693	64	53.62149161627179	113.93939393939394	304.6204857318194	105	208	0.98	8.398248365299654	0.7750118460503694	333.0315080860733	64	55.52777540323913	113.63265306122449	337.7892731088705	109	
151	0.99	9.013109978200474	0.7747555290247192	305.5358125351296	64	55.23442973993029	114.1919191919192	285.59937394713427	114	236	0.99	8.357815824144303	0.7784115883309359	312.39978704578346	64	55.19754276711558	114.26262626262626	264.7306740183345	111	
152	0.99	8.794918491524397	0.779221491368312	354.0142337496281	64	55.307433279050194	114.72727272727273	307.8747208693494	109	102	0.99	9.074909250911984	0.7818482287371644	320.45761696201015	64	56.22351281828412	114.3030303030303	309.38377357066076	102	
153	1	8.738661586599648	0.7874599915043718	299.45198921446894	64	55.44920922229536	114.5	307.94349442139145		210	0.98	8.511081775874006	0.7816093818485191	361.37374444391236	64	55.21943650477649	114.3265306122449	300.09916923661973	106.5	
154	1	8.65388775906321	0.7893394005377388	249.15471175153425	64	55.3575554926336	114.6	308.5542028951483		209	1	8.29675845646439	0.7885098623259391	326.9911302629644	64	55.268047930547425	114.85	276.356563060898		
155	0.99	9.604749985401874	0.7926062298243326	320.68207010450396	64	56.10390029471089	114.25252525252525	345.4261651745992	107	211	1	8.434903631263781	0.7898609696183947	329.7077104066135	64	55.611091809235404	114.75	267.8566823107328		
156	0.99	8.903998704836669	0.7915552388143309	327.85824885388683	64	55.361883620736656	115.07070707070707	298.3664364415194	111	103	0.98	8.299528281902875	0.7917296799600205	349.91201116111887	64	55.62377343867978	115.43877551020408	294.0489140175199	105.5	
157	0.98	8.447838904965208	0.7954218736780055	347.4690200982788	64	52.98519848775802	115.16326530612245	273.24177409687013	108.5	237	1	8.763473840969073	0.7971052294470037	334.048835448941	64	53.85044947169772	115.09	261.5188176530159		
158	0.99	9.20399397561444	0.7974882855569855	298.28117194822784	64	55.008255940699584	115.58585858585859	295.641068326652	105	109	0.97	8.039118183253066	0.7998727662557903	345.5454750732272	64	55.41481776095122	115.41237113402062	304.32167539770796	107.66666666666667	
159	1	9.189149452324806	0.8050272613450095	323.8619592492843	64	55.49594786142386	116.47	292.22510006013374		116	0.99	8.893600201164496	0.7988616637186853	344.6478993692591	64	56.048053614747914	115.34343434343434	273.1656453852979	116	
160	0.96	9.028496191077073	0.806775109112536	369.4429825235075	64	54.429100224790716	116.13541666666667	246.74926447169204	111.25	98	0.97	7.9965705429330765	0.8024028362037691	333.7580737055207	64	56.13255668507605	115.61855670103093	264.3544275682412	109	
161	0.98	8.186518975131548	0.8121107427513822	343.5559261569098	64	54.55345681575337	116.85714285714286	240.4667150364694	104.5	114	0.96	8.128979813088211	0.8039267624731332	309.59797011835303	64	57.11402454268502	115.47916666666667	268.2961998636567	111.5	
162	1	9.240094618614695	0.81179685171059	405.25930886440796	64	55.650183928087905	116.42	273.0015268600921		107	0.98	8.480663222545111	0.8089053079459617	371.5786409924551	64	55.416169764218374	116.9795918367347	252.72078885425694	107	
163	0.99	8.565718092696516	0.8163160740928093	384.84259984603955	64	55.84344576828619	116.4949494949495	291.2271894972834	101	238	0.96	7.225487908577927	0.8134686069964561	355.04506863983187	64	57.6202740371842	115.82291666666667	283.15949350218705	110.75	
164	1	10.192952592545367	0.8134865005178795	403.59394345374045	64	54.2542211986656	116.26	301.09582746539974		104	0.98	8.034103951484015	0.8150088698584527	356.7739460911246	64	55.574081837785826	117.3265306122449	222.3589077756723	104.5	
165	0.97	8.533323949625343	0.8206719653768231	362.91481664620613	64	54.71213371408711	116.88659793814433	303.8562398535859	110	122	0.98	8.211762931462797	0.8128893588847717	433.4306984979904	64	55.02813297536325	116.60204081632654	262.99840475385224	106	
166	0.99	9.156154045310064	0.8223518848603933	403.13514929280444	64	55.242401085198246	117.08080808080808	262.30959405591955	115	118	0.95	7.452266273389225	0.8212262585313626	390.89366663752935	64	54.85866217789184	117.51578947368421	260.67777326669375	107.4	
167	0.98	8.493084202877915	0.8271026204105161	306.7879348113697	64	55.67193894240732	118.16326530612245	240.49639893488416	106	239	1	8.65695932960758	0.8236547161023922	376.7241973952143	64	56.082056452867974	116.96	251.9660620269367		
168	0.99	8.78438331853029	0.8260130919200468	489.4541381756057	64	54.499137604148636	117.68686868686869	258.326238519627	107	101	0.98	8.315655494249379	0.8290844180825957	417.02558424268057	64	55.77225204039908	118.27551020408163	258.3815090428126	102.5	
169	1	9.0415095704359	0.833458641380514	387.20501536856756	64	55.67878858462196	118.02	247.20264233421457		213	1	8.128957786353478	0.8305180829332127	397.376150730416	64	54.21177853654535	118.51	260.85149177037033		
170	1	8.400325932608858	0.8348605770762668	367.7599209174083	64	54.966682011555605	118.55	227.2718258734436		212	1	8.373386029795341	0.8301041611401697	422.9749001172711	64	54.85736820743363	117.69	260.7013750503194		
171	1	8.635354869885601	0.8370855960581912	386.91770259486594	64	55.09555886125794	118.83	255.49481704000186		214	0.98	8.031009530662192	0.8314268083560405	377.93132257531516	64	54.54122044844777	119.16326530612245	221.0871530080356	102	
172	0.99	8.789842848236608	0.8392211808209341	419.795808463435	64	54.91681213795163	118.34343434343434	252.46184636105517	115	190	0.97	7.57617176826792	0.8399136064710081	378.357492267499	64	55.703179720483305	118.94845360824742	232.47409575268472	106.66666666666667	
173	0.99	8.53279091212632	0.8404715152509803	393.253925685002	64	55.607669743953615	119.38383838383838	215.8683753935722	101	240	0.97	7.9656409877517875	0.841928254755671	372.5443898073758	64	54.7446243835986	118.5360824742268	273.4213036485242	104.33333333333333	
174	0.99	8.26246254766683	0.8449402700209502	412.5527914693956	64	54.132689095395286	119.4949494949495	278.28981376806854	113	215	0.98	8.330783093565554	0.841986959831495	491.8986067260024	64	54.99136413529444	119.44897959183673	241.58342845414572	110	
175	0.96	8.39865621503954	0.8435689458784812	420.7154588371848	64	54.21351766194633	119.36458333333333	233.3120235475969	103.75	241	0.99	8.296460176944011	0.8443428870536558	430.8116716791115	64	56.136421389399835	120.16161616161617	230.52622089502628	104	
176	0.99	8.699166988928942	0.8462381154021067	440.00148110411124	64	54.919739710451495	119.22222222222223	258.48616033778427	107	100	0.98	8.110702817244798	0.847414169734834	406.7950670621922	64	54.07270363352484	119.06122448979592	284.8653974392391	113.5	
177	0.98	8.332979039942131	0.8506276414907186	427.08483725060336	64	55.31835657770796	120.3265306122449	231.06331548863238	115	242	0.99	8.41464658482665	0.8495386913000202	407.41688749084494	64	56.235707906367736	119.95959595959596	282.00472004239344	112	
178	0.99	8.00258669466148	0.8542247186183741	466.63827103936416	64	55.11591184800276	120.96969696969697	237.81947495652082	113	216	0.99	8.058608058663042	0.8520190196422482	544.1999578297122	64	54.637071548895335	120.16161616161617	276.07434702232973	115	
179	1	9.151558968093923	0.8518589770383527	542.4808469724626	64	54.52920171347533	120.84	239.5777324538043		243	0.99	8.002069221963229	0.8567574845230105	403.2687941739053	64	54.82567638687538	121.60606060606061	196.1957125805498	116	
180	0.99	8.40371800857814	0.8582966216753893	482.5318276819897	64	55.622445415028345	120.54545454545455	271.26595201551163	101	112	1	8.034451729004152	0.8574155308432558	456.33242583017056	64	55.96685977916875	120.74	244.85133508439418		
181	0.99	7.801787318529643	0.8606395711503726	503.25179156911753	64	53.67602290735487	121.5959595959596	226.17683978395095	110	244	0.98	8.063454449735955	0.8587734905174641	414.7517660978948	64	55.60169465203798	120.96938775510205	252.89163523052707	107	
182	0.99	8.375492800489793	0.8629375209260036	499.33308735311374	64	55.430892017500305	121.39393939393939	218.38245240993143	115	119	0.97	8.028073427927733	0.8634838746798765	504.5667294026408	64	54.99283752032367	121.44329896907216	247.10881800902348	115	
183	0.99	9.07283008142634	0.8651996505107336	497.38616437772447	64	54.394115291770945	122.54545454545455	235.04859144954207	112	123	1	8.159601811373935	0.8647117067233183	473.9321833985919	64	54.56673785586119	121.24	224.6652370225224		
184	1	8.435045928786781	0.8686909683279572	581.9821092991972	64	55.224249095733555	122.61	243.36281941296005		105	0.99	8.339932269624212	0.8698215518830559	578.7886713495119	64	54.99002245784348	122.01010101010101	246.81198911634982	105	
185	0.99	8.305926572250446	0.8733487932723538	485.76486920333593	64	55.65905448534372	123.46464646464646	231.12332954362898	120	110	1	8.410499667819916	0.8710008068835445	452.6963446504147	64	54.76443414543159	122.15	229.98564659349296		
186	0.95	7.804990264334942	0.8719255612115524	509.2386460556433	64	54.00216467156442	123.51578947368421	179.07423950037554	109.6	108	0.96	7.933556464646758	0.8732506749307007	584.8503255203805	64	55.226104407553755	123.36458333333333	235.80041398061212	110	
187	0.98	8.46272085113161	0.8750712393142815	519.5477754775069	64	53.5813346268987	124.01020408163265	195.41929340557516	126.5	124	1	7.873085856022041	0.8765571951447804	499.8726693291461	64	55.29978181586993	124.22	197.19632375331523		
188	0.96	7.988483269986659	0.8797730803519488	545.0787873273755	64	55.63025561683284	124.375	215.99297162102877	109.25	106	0.99	8.16878862639213	0.8771257891759233	547.0529098578547	64	55.650527482270135	123.96969696969697	192.98989082755233	101	
189	1	8.128627399954349	0.8821865639330428	525.968170857327	64	53.93699244283009	123.87	205.89782576701347		115	0.98	8.02220021122202	0.8807235318417694	513.5384554302617	64	55.398741435158286	123.98979591836735	225.80252423629003	123.5	
190	1	8.841185779812623	0.8816543659539241	629.9993257546789	64	55.4590345400173	123.99	226.887847659281		113	0.96	7.936704779419119	0.8826621100706356	557.4865764006092	64	56.42638303160795	124.79166666666667	248.61645862505367	113.25	
191	1	8.584280465622216	0.8846090619206421	529.7403060852129	64	53.520857128457266	124.83	224.3564214075178		120	0.98	8.232319414037187	0.8845743705431283	526.2058424226525	64	54.64322870955305	125.63265306122449	194.27382257970118	106.5	
192	0.98	10.271675331128106	0.8844010942436202	667.2468717445801	64	55.19801144554795	124.84693877551021	196.0222580088447	110	3	0.98	7.951382972676873	0.8860983197134829	618.2578063986502	64	55.95100896634395	126.01020408163265	214.90226440785094	119.5	
193	0.98	8.179412918474908	0.8881070834911539	551.9990554983717	64	54.40161865715972	125.74489795918367	188.86942962597192	119	245	0.99	7.892471060954913	0.8895784610500145	586.3424795309891	64	54.245624868774435	126.44444444444444	161.9784274814183	112	
194	0.98	7.51234170426581	0.8943229747600133	562.4886503509294	64	53.72613750796685	127.62244897959184	180.09286005098653	115.5	169	0.96	7.916742260598571	0.8924735146246423	566.3509298314962	64	54.69644558689881	125.5625	198.32240769266366	112	
195	0.99	8.617613008274331	0.8960260546382056	716.5767841937252	64	55.90913913281647	127.58585858585859	179.61227183284586	117	171	0.99	8.22819528250341	0.8932600830439505	612.3038825255877	64	55.508291519419615	126.57575757575758	216.4527036648749	101	
196	0.99	8.322964656818446	0.8973623546852321	614.3654724175359	64	53.64632977042605	128.17171717171718	184.3579755029927	108	163	0.99	8.003363029322486	0.8981063428032912	614.1340519237194	64	56.47170968800624	127.56565656565657	216.75924008813018	104	
197	0.99	7.800189095469184	0.8977308050501547	657.3787907771544	64	54.95111109764404	128.21212121212122	200.26152816856876	103	246	0.96	7.842496528036969	0.8966721498208653	606.6297079371747	64	55.39562670210731	128.94791666666666	182.84190186409833	120.25	
198	0.99	8.09590788654473	0.9008025475803129	564.778646491486	64	54.936868999444165	128.4949494949495	201.67384597102904	106	217	0.97	8.432802733305321	0.8997617831485016	630.4329577680089	64	56.85382313602762	129.20618556701032	179.18503660323577	114	
199	1	8.720296490059416	0.9051796561628795	723.6147197096116	64	54.608789101416825	128.06	178.51579646740834		247	0.99	7.489220062008708	0.9039999908642774	627.929363158762	64	55.819387676625965	129.58585858585857	182.20237261108136	122	
200	0.99	7.7699467876732715	0.9072012110155517	709.59218736827	64	54.74308325256509	129.35353535353536	185.21105440862198	114	162	0.99	7.574656271278515	0.9068128522009714	620.281666626035	64	55.723533915498	129.91919191919192	194.49393280160092	106	
201	0.96	7.818608287681255	0.9077199515159742	781.0198160053898	64	54.549418113156015	130.54166666666666	195.79487383106238	114.5	248	0.99	8.777529524440105	0.907837866552699	649.7454038056884	64	55.738808829106326	130.34343434343435	209.31075893159505	123	
202	0.99	8.473850894405972	0.9108970098629793	662.3577161073872	64	54.961439893000424	130.87878787878788	183.44484453712087	123	165	1	7.69254438599235	0.9088095207185751	800.956067483508	64	53.93969371836845	132	177.2431263203585		
203	1	8.141797546087037	0.9131470889490221	696.7787220644989	64	54.17801459993023	131.53	200.7128580401342		168	0.98	7.767544346367983	0.9139868813612368	716.7817485467514	64	55.55897869028256	131.48979591836735	158.02419313184848	118	
204	0.96	7.534198196556706	0.916374030924357	684.9931251210896	64	53.89845092200802	132.125	170.64356080284907	109.5	164	0.96	8.506942906030028	0.9141939268786922	715.9904458113317	64	54.68847970813192	131.59375	164.99059360280762	107.25	
205	0.97	7.755656832112188	0.9188835205989707	673.3216383506013	64	54.370544151123646	134.27835051546393	143.50080386343035	111.66666666666667	170	0.99	7.860948554472624	0.9197185783289619	747.1175110488888	64	54.22654970364944	133.85858585858585	168.82043983795367	111	
206	0.94	7.195015538148978	0.9213052237403544	714.0460653878746	64	53.82478897455544	132.9255319148936	174.81776498307462	126	166	0.96	7.893828013233406	0.920936791270209	639.8757324028415	64	55.06070018044923	133.25	171.47174670984364	125.75	
207	0.96	7.679262790737074	0.9226862470312094	766.5147334643233	64	54.58863036532332	134.0625	162.6193829997702	118.25	167	1	8.43326755384787	0.9223653343339074	715.2641768032527	64	54.23554745034962	132.82	176.39564171898306		
208	0.98	8.396809212473386	0.9247907483448587	805.3539105251574	64	55.46594146242027	136.46938775510205	156.30557893666546	124.5	33	0.96	7.991076631059099	0.9243125347039157	739.8405859122054	64	56.40424490375855	135.65625	146.83005619528305	124.5	
209	0.98	7.305963306217093	0.9290539057100953	717.9415787375589	64	53.859006596554664	135.90816326530611	162.2951018904313	118	195	0.98	7.977792430910312	0.926696366827352	821.1903132775437	64	55.11221769846182	136.70408163265307	161.27476934467614	128.5	
210	0.99	7.515258251623946	0.9310547456513122	805.0858326561539	64	53.52444935621628	137.58585858585857	161.45751854349513	105	192	0.98	7.956805910797781	0.928972455294458	803.4532700338588	64	54.780287939388806	137.6326530612245	144.08830893676057	114	
211	0.98	7.195089718356054	0.9339283231454829	872.6514002036741	64	55.6041834299729	141.0204081632653	135.05890311799737	126	196	0.98	7.6632546938044435	0.933351431530555	734.812831712147	64	55.224829445306966	138.16326530612244	166.59639963758883	109.5	
212	1	7.1817927191265944	0.9363696524575906	890.3534208217001	64	55.62631667152696	139.12	146.88149805837202		191	0.98	7.914970601560628	0.9343809185998473	885.6330494963146	64	55.88772914378451	138.5408163265306	139.64843946654005	124.5	
213	0.97	7.440076701834955	0.9355874361933875	860.5321010024993	64	54.16266490736563	139.91752577319588	153.73970394683394	120	194	1	7.533353924473349	0.9371115600183231	874.5035674232389	64	54.58819688228792	140.58	155.83189792904292		
214	0.98	7.424579905189427	0.9399891641494142	782.492751797805	64	55.03495070385318	142.3877551020408	141.8440841770319	109.5	193	0.95	7.342030419244563	0.936544306107585	794.4172582325101	64	56.37663021803848	141.49473684210525	171.74102673272117	118	
215	0.99	6.546709782405928	0.9405523086611132	986.662091258932	64	54.94309771046476	143.2828282828283	143.237489785337	116	249	0.98	7.856782086565706	0.9399020329112204	939.6575158201324	64	54.368175109261216	142.3469387755102	128.51027955067696	116	
216	0.98	7.438612471081503	0.942424090399211	953.646389124682	64	54.04461489526239	143.37755102040816	143.31640355564699	137	38	0.97	7.804014642530379	0.9421967827395099	879.2332308020174	64	55.546446033788875	145.36082474226805	159.08603075939877	122.66666666666667	
217	0.95	7.002904362389979	0.9436349665877067	1015.3239002296777	64	53.32189730928522	147.02105263157895	137.67789251035703	124.4	97	0.97	7.561112496940309	0.943357703907992	1005.2644812287075	64	55.40794835049453	144.2164948453608	143.1758694303151	134.33333333333334	
218	0.97	7.3870429743136246	0.9466942335996881	1016.1486942893143	64	55.81705875615126	145.61855670103094	125.04095772088078	133	79	1	7.83760482798803	0.9476887150085872	971.3040744719744	64	55.15113685345062	144.46	142.53982526584193		
219	1	7.711408257385488	0.9508505184698233	936.6614929239904	64	54.86226109428353	147.65	136.80356040357236		83	0.99	7.232718186960354	0.9488384869893389	988.4859994921233	64	55.49060853911689	150.65656565656565	111.37803388094858	125	
220	0.99	7.737578841257424	0.9505495206981777	1087.4169693080196	64	54.088673678405634	149	154.43423627335142	142	61	0.94	7.5112869071585955	0.9491130011254563	1022.8681579126813	64	55.454964320118854	147.38297872340425	139.80367589846813	139	
221	0.97	7.031584136117653	0.9534803463239399	1090.461929309145	64	55.217022886361896	152.4020618556701	132.51722832070126	139	219	0.96	6.9367169097232395	0.9552398121572767	1022.4295859807434	64	55.442546165471974	148.67708333333334	136.9874532527922	110.25	
222	0.97	6.196776398584741	0.9552777952287574	1147.7774199964358	64	54.4477847600697	153.4020618556701	126.12512866242541	126.33333333333333	218	0.96	6.948364962869113	0.9529505629169024	1035.9061146439935	64	64.82624328238613	151.3125	119.78646299558903	137.25	
223	0.99	6.343185560589879	0.9568347844000501	1128.1375280782381	64	54.850399581246094	154.45454545454547	130.80599098801275	138	220	0.95	7.062881953230905	0.955670096265706	1187.4683507619775	64	54.49478950226816	155.0842105263158	130.5072596411528	122.6	
224	0.99	8.494500025734393	0.9579822224695398	1307.9868895807338	64	54.28742613894207	154.87878787878788	135.48359635868013	128	5	0.96	6.895214290333831	0.9591112397395314	1079.7872353746163	64	56.14652526114832	155.22916666666666	132.66035042897516	124.25	
225	0.96	6.4776453758732115	0.9614561772091745	1251.5568309596956	64	54.707956111422455	160.11458333333334	126.9437895569143	106	250	0.98	7.241343638724509	0.9597864497182543	1111.534064333554	64	56.30202462530537	157.4591836734694	121.30136578537646	123	
226	0.99	6.700825081369455	0.9625312085470764	1344.7379154384023	64	53.94063667585817	159.33333333333334	129.23675295452426	111	64	0.94	6.447453255995031	0.9611525504261121	1142.108780871456	64	55.00820828120015	160.35106382978722	132.78176997801964	117.16666666666667	
227	0.97	6.531062947319287	0.9636469695691664	1216.1797036594369	64	53.88142002160017	160.81443298969072	146.84624836625233	112.66666666666667	84	0.96	7.134469894025469	0.9632095606992732	1259.6708713841097	64	55.63010671720244	160.52083333333334	118.948096130161	101.25	
228	0.97	8.025814992546564	0.9658365693420349	1529.6868735028563	64	54.081572985857754	163.72164948453607	116.56352542964864	112.66666666666667	22	0.96	6.594221813149654	0.9655458847479524	1298.3398225840801	64	56.098301662142774	164.34375	126.9629828501447	113.75	
229	0.98	6.4928181480798015	0.9685521862179848	1396.8366359472311	64	54.83207196503981	163.21428571428572	147.61611865765715	105	72	0.98	6.873719945013743	0.9671275365633775	1305.2548121734085	64	55.36318626553286	163.6122448979592	127.58409924373478	100	
230	0.94	6.32975320698734	0.9687587918993305	1449.886680779024	64	54.54249112893404	168.68085106382978	131.19117541500603	127	36	0.93	7.1074291740773585	0.9681213138862096	1485.2522433272827	64	55.10929649399113	166.68817204301075	132.685232862153	119.28571428571429	
231	0.91	6.084189131347268	0.970420255649357	1670.645119046019	64	55.4423414050261	168.85714285714286	132.82296321495755	115	65	0.93	6.688915101143437	0.9707390002972623	1469.9839362637001	64	55.78828820141669	168.69892473118279	133.22480645679218	101.28571428571429	
232	0.9	7.2500543753881255	0.9716026458458341	1454.1560372071358	64	54.470555927123	171.26666666666668	146.22983679809008	102.7	10	0.88	5.824921396686016	0.9717404081543876	1606.0294203052583	64	55.16604438021384	172.5909090909091	124.43355271157372	109.83333333333333	
233	0.96	6.220154596784864	0.9748071408394762	1602.2076849350096	64	54.87133880694909	175.3125	133.7623429978116	100	53	0.92	6.455868524821132	0.973388392348949	1591.5976680226302	64	56.047353054662814	171.69565217391303	137.79161510556162	100.75	
234	0.84	6.2212083956743465	0.9751284552074098	1727.2938378977244	64	55.13997597910394	173.3095238095238	133.8359624379638	110.0625	27	0.84	5.956221769966812	0.9754403779594965	1592.6400618832745	64	53.99698128772228	175.47619047619048	127.78379867456519	103.625	
235	0.83	5.453852522563188	0.9777747435688086	1385.929550160118	64	54.407201714327734	178.04819277108433	139.4728239307063	100	58	0.8	5.792735909187324	0.9755436353392446	1553.8918338596282	64	55.99358638854021	179.525	148.96809913850265	103.55	
236	0.79	6.155140711213869	0.9779160347149417	1558.1076818305517	64	55.87333793485894	181.62025316455697	107.69065083054502	100.04761904761905	13	0.74	5.361697194525783	0.9771212238448275	1852.0656962581938	64	55.77622342555259	181.1216216216216	143.83587988712173	107.88461538461539	
237	0.66	5.25435872940598	0.9810213075523886	1583.6450710600232	64	54.01759849184568	179.56060606060606	142.24730837962565	103.1470588235294	28	0.77	5.302226935310383	0.979088270462912	1839.9058504294112	64	65.44420991813685	181.8181818181818	151.07970595785076	101.3913043478261	
238	0.6	5.220569042017966	0.9814726971511202	1592.734588633577	64	54.8383258928055	183.6	102.05448732842255	101.525	17	0.62	4.580513608537498	0.9816481239378908	1724.4623831058243	64	54.80675506229093	182.79032258064515	152.3816705528558	104.34210526315789	
239	0.48	4.059711591342832	0.9827086956066253	1260.6286386655195	64	55.081505125015106	186.83333333333334	139.4597493853161	101.34615384615384	29	0.49	3.818221488017344	0.9834050071465739	1220.6723999544886	64	56.24980833169378	186.9795918367347	157.26349608934564	100.07843137254902	
240	0.41	3.858460380224536	0.9837569616234918	1489.6075655844616	64	56.069120304681455	186.34146341463415	121.53605995453552	101.1864406779661	7	0.39	3.282690122477828	0.9845660549339856	1373.0142868344865	64	56.02018398733107	187.92307692307693	152.29087636113354	101.27868852459017	
241	0.31	2.742028216350806	0.985703856006433	1440.912583208944	64	55.99477063835192	189.2258064516129	69.81588813721302	101.01449275362319	31	0.36	2.952683250905432	0.9857579217479037	1361.2456104121616	64	64.65345399923716	189.55555555555554	131.4617963486467	100.640625	
242	0.22	2.4395382619435044	0.987845932282686	939.5860628934395	64	54.349828686764276	189.6818181818182	132.28048357000554	100.02564102564102	18	0.16	1.5326404521320782	0.9869927761881382	853.3359576779302	64	57.06176559962332	192.0625	95.55795036188084	101.47619047619048	
243	0.05	0.5537037242128138	0.9904974732705825	445.34831725309016	64	54.90807742027706	189.4	58.242470266888276	100.08421052631579	30	0.14	1.383535922513202	0.9904443341330624	890.1241406516579	64	55.44030893410227	194.64285714285714	249.06454991567102	101.80232558139535	
244	0.03	0.38183970369219983	0.9878678764995952	177.11818425990256	64	52.816769305717564	193.33333333333334	45.359589446333445	100.0618556701031	14	0.01	0.10677030504304393	0.9898477157360406		64	49.37309644670051	197		100.17171717171718	
245	0	0			64				100.02	73	0.01	0.10703085699542544	0.9895287958115183		64	50.16565772251309	191		100.13131313131314	
246	0	0			64				100.09	54	0.01	0.115141047782794	0.9948453608247423		64	51.63720199742268	194		100.03030303030303	
247	0	0			64				100.16	251	0	0			64				100.12	
248	0	0			64				100.06	11	0	0			64				100.05	
249	0	0			64				100.08	252	0	0			64				100.13	
250	0	0			64				100.09	221	0	0			64				100.08	
251	0	0			64				100.05	253	0	0			64				100.1	
252	0	0			64				100.14	197	0	0			64				100.06	
253	0	0			64				100.05	254	0	0			64				100.23	
254	0	0			64				100.07	222	0	0			64				100.06	
255	0	0			64				100.06	255	0	0			64				100.02	
256	0	0			64				100.11	1	0	0			64				100.13	