index	success_ratio (division)	success_rate (division)	mean_second_ratio (division)	second_ratio_SNR (division)	probe_index (division)	mean_time (division)	mean_total_iterations (division)	total_iterations_SNR (division)	mean_total_iterations_failing (division)	order_index (division)	success_ratio (sequential)	success_rate (sequential)	mean_second_ratio (sequential)	second_ratio_SNR (sequential)	probe_index (sequential)	mean_time (sequential)	mean_total_iterations (sequential)	total_iterations_SNR (sequential)	mean_total_iterations_failing (sequential)	order_index (sequential)
1	0	0			101				1.64	0	0	0			101				1	
2	0.14	27.38118521386136	0.4523809523809522	9.840715550186479	101	39.87323288690476	3.357142857142857	14.3774656029846	2.941860465116279	16	0.12	23.090244371879137	0.4444444444444444	8.981462390204985	101	53.22515190972222	3		2.784090909090909	
3	0.41	63.50681536521016	0.45000000000000007	26.983140803851065	101	29.200519245426833	4.609756097560975	28.535007233107212	4.033898305084746	25	0.14	23.423121967598814	0.5035714285714287	16.77350921208478	101	26.41095145089286	5.642857142857143	14.061897822794144	3.9767441860465116	
4	0.5	65.04488096782252	0.4013333333333335	32.285041655697526	101	33.698351562499994	5.94	38.61285465850156	5.06	11	0.44	54.22726152289473	0.44242424242424244	30.117864643795343	101	25.42239456507034	6.75	24.508729209949486	5.125	
5	0.28	33.46480219912209	0.36139455782312924	25.709061687000915	101	26.398231558248295	7.892857142857143	19.399160056539873	6.125	70	0.46	51.74353205833007	0.4285714285714285	27.120805972388247	101	29.00057724346531	7.565217391304348	34.511815255602784	6.444444444444445	
6	0.42	39.7802614130745	0.34254535147392307	35.0080807041782	101	28.20419512205924	9.047619047619047	25.851453577812816	7.379310344827586	31	0.26	24.100852799504537	0.36385836385836384	19.686407613055977	101	37.60798915169032	9	19.733805434408158	7.121621621621622	
7	0.29	28.786976374762414	0.3261494252873563	26.950112855696997	101	32.835454831178154	10.862068965517242	20.53073515649204	8.380281690140846	84	0.3	22.939287352764584	0.3799074074074075	21.70441861313841	101	36.83150101273148	10.233333333333333	25.506992312244016	8.257142857142858	
8	0.35	23.392594572896034	0.3567676767676768	22.383311605474997	101	21.78472740800866	11.8	25.09461283053078	9.184615384615384	10	0.21	16.051364365919117	0.32669922669922663	18.320186712740806	101	27.774838392221206	12.095238095238095	18.67394670674047	9.39240506329114	
9	0.07	5.468322787266926	0.34632034632034625	13.202866158236905	101	52.64243016098485	15.428571428571429	7.88837356258893	10.150537634408602	42	0.35	24.050024050000193	0.32666666666666666	26.2311739398522	101	29.03545183982684	11.142857142857142	36.07578994673947	10.446153846153846	
10	0.15	10.759629868694061	0.3271561771561772	14.59970431681135	101	37.473155837218336	14.466666666666667	14.403119589163765	11.211764705882352	41	0.36	21.622920295469093	0.32156500906500907	21.972311043040435	101	36.98115147114171	13.86111111111111	30.664143931545482	11.296875	
11	0.21	12.515644555731784	0.25702075702075705	27.096797181401406	101	21.83524114774115	16.19047619047619	17.685320544750173	12.721518987341772	62	0.38	24.76538060484702	0.3188644688644689	24.53623294696922	101	37.51086040296053	14.236842105263158	40.53602612864844	12.338709677419354	
12	0.26	13.818761626392298	0.3133136094674556	15.35609200329934	101	25.29735120148281	16.307692307692307	23.877265496509963	13.567567567567568	17	0.45	27.18376223275953	0.27392857142857124	20.75424382080802	101	34.033302645343674	15.977777777777778	32.122650365782796	13.618181818181819	
13	0.15	7.733952049495436	0.326984126984127	13.494031386169267	101	40.35642485119047	17.866666666666667	13.570707518921129	14.741176470588234	39	0.53	26.214264516833047	0.2575022461814915	32.68641689833616	101	35.52221267302617	16.58490566037736	38.00742355819368	14.680851063829786	
14	0.07	3.5690613368767927	0.38084733893557426	12.265903871728456	101	29.299026309742647	18.142857142857142	8.327993192620912	15.526881720430108	38	0.24	11.837821840787278	0.28407883986928106	17.035425248543355	101	28.55658126531863	18.958333333333332	22.518345897335973	16.13157894736842	
15	0.14	6.402048655581916	0.29338818860877686	13.003143869988003	101	18.2864950342116	22.214285714285715	20.504622759364093	16.941860465116278	66	0.3	12.926020078424857	0.28620642701525056	20.46755636385515	101	24.62614629076457	20.333333333333332	25.220011572952103	17.65714285714286	
16	0.17	8.079463903791073	0.2012687427912341	28.005077967718126	101	53.85767117815263	21.647058823529413	15.94417350841678	17.50602409638554	9	0.39	15.271360325778994	0.2621126723293906	29.114846618155664	101	35.73417147518589	20.05128205128205	28.842303419633947	17.950819672131146	
17	0.19	7.273562514346769	0.20677131425053863	21.57732986685261	101	43.17109867940137	23.68421052631579	21.474610750432493	19.098765432098766	61	0.2	8.216589293764187	0.26352339181286555	16.314299686960965	101	46.320256990131575	21.8	30.60182729938086	19.0875	
18	0.03	1.1490730810470118	0.3436507936507936	5.951362959273601	101	13.67316158234127	31	9.566807697649699	20.15463917525773	59	0.28	9.704027171277959	0.2584810239885428	24.626641528104095	101	37.699993216859106	23.785714285714285	24.12372496765312	20.26388888888889	
19	0.25	8.62366333219113	0.2552727272727273	18.780792181220086	101	36.03443621482685	24.64	33.17434308731559	21.36	95	0.34	11.555978519484551	0.23377896613190735	24.811295644822252	101	39.378996545351086	23.970588235294116	34.264232626970305	20.78787878787879	
20	0.07	2.5987525987538564	0.27103331451157536	9.535636823024783	101	16.16073886323304	24.571428571428573	13.474376182277785	21.86021505376344	58	0.33	10.228435049430644	0.2209104027285846	28.061089485627434	101	29.19773398555359	25.727272727272727	25.872384955824444	22.71641791044776	
22	0.04	1.3622586247993567	0.3160869565217391	8.322003149245397	101	21.80541949728261	28.5	16.454482671904334	24.229166666666668	60	0.29	9.38723982779327	0.23919790104947525	18.804593902324722	101	36.419185944137304	27.17241379310345	33.685456925077474	24.971830985915492	
23	0.06	1.8752930145321562	0.21305555555555555	6.929136382431779	101	21.735767144097224	33.5	13.791731740676356	25.29787234042553	67	0.16	4.8052377090999645	0.20429487179487177	19.56769654520649	101	41.26627813877204	27.375	23.796851574027016	25.511904761904763	
24	0.14	4.006868918146794	0.2151770451770452	15.07671045992837	101	33.685048347196776	30	16.908644405720338	26.372093023255815	20	0.2	6.07588783912089	0.2601096866096867	20.393546787362773	101	34.44298921607906	30.1	25.684246854962616	27.175	
25	0.21	5.94463001754086	0.23257514971800686	14.870523588061674	101	26.274199565866233	31.476190476190474	29.901544432779517	28.20253164556962	87	0.22	5.944339367736954	0.2188875938875939	21.102324089804327	101	45.107768389018396	31.454545454545453	26.800680123132114	28.115384615384617	
26	0.23	5.808080808082003	0.20668237309916468	17.526469500723273	101	41.825905034833774	31.17391304347826	28.348045775254054	28.428571428571427	85	0.2	5.505395287382622	0.1906746031746031	24.622868113311572	101	38.443459356398805	32.35	22.376073207263033	28.9125	
27	0.15	3.9348390650793785	0.23588153013440366	14.134668909469937	101	27.09830866003011	34.06666666666667	17.988734320912798	29.44705882352941	86	0.1	2.4184381726254474	0.19261083743842364	16.244470420498356	101	33.15557987607758	35.5	18.68133581123972	30.366666666666667	
28	0.11	2.802048042387461	0.20664374557589243	12.120653953617765	101	51.20874689522449	36.45454545454545	24.104199417152252	29.674157303370787	43	0.16	4.298417645011369	0.21264367816091959	19.487244229027944	101	31.588009327855605	34.1875	20.169509264812824	30.202380952380953	
32	0.1	2.321424426029122	0.20837789661319076	9.865986221159595	101	22.618396627116756	38.4	17.01823065385409	35.08888888888889	6	0.15	3.5301593278570063	0.18449197860962566	26.872527981252038	101	29.938972677139034	39.86666666666667	22.752856383206044	35.92941176470588	
33	0.14	2.84137035233089	0.21459953350709654	15.759508074617573	101	35.08197045358121	38.642857142857146	25.142562869630016	35.872093023255815	80	0.13	2.807411566537574	0.1864899806076277	16.683076176850687	101	48.529801127181635	41.46153846153846	29.88174421635093	35.98850574712644	
34	0.13	3.0275507114766174	0.23049487624386408	12.341710232099066	101	36.609054180152675	40.38461538461539	21.31177484307107	35.81609195402299	90	0.1	2.117343157805314	0.1642063492063492	11.914795780659208	101	31.32498604910714	45	16.506567705269255	36.53333333333333	
35	0.2	3.9308948682177207	0.18337087087087087	16.462383512397842	101	40.48949183558558	42.8	26.822074356002428	38.125	78	0.11	2.2950135614413196	0.20163225426383322	21.111157433961132	101	30.748819108245506	43.27272727272727	15.29748119611349	37.87640449438202	
37	0.2	3.876945742144374	0.20216767881241568	21.277263553415406	101	35.710256028065956	46.05	27.01505411549551	39.3375	88	0.19	3.73420333719798	0.18238112809425555	20.799634212809263	101	40.9173029695293	44	21.983044313473407	40.098765432098766	
39	0.17	2.9295192141996695	0.19718521554963447	13.987185953736521	101	37.94379756380448	50.11764705882353	23.112123695009508	41.963855421686745	77	0.16	2.7849335097136065	0.1774390243902439	17.367985009762858	101	42.75447402581936	49.75	16.038191464449675	41.01190476190476	
43	0.18	3.327356415325616	0.2011137949543746	13.907820238352638	101	23.46945199275363	51.22222222222222	25.02161532426056	46.21951219512195	79	0.12	2.14965157730611	0.19201800614844092	11.309947531094767	101	33.70298674299608	55.583333333333336	15.271503665062305	45.39772727272727	
44	0.17	2.8969207436556528	0.1769536800227337	19.529662366526804	101	32.6317346458511	52.294117647058826	33.29477094974185	46.83132530120482	82	0.09	1.5496401391246024	0.21524422973698332	17.448419515441138	101	28.768721484165326	54.333333333333336	16.02202590216549	46.505494505494504	
45	0.07	1.2730050192766527	0.1974207847537059	7.635269412955006	101	28.48934873688474	54.57142857142857	16.501597381822535	47.354838709677416	81	0.13	2.113683662851629	0.17075009040120706	16.188229213145803	101	30.230528915361596	57.46153846153846	16.796887195142936	49.10344827586207	
47	0.11	2.2615131578940875	0.15228818800247368	15.340622876782495	101	14.370508839189084	55.63636363636363	19.76271679922173	50.47191011235955	14	0.2	3.1930009419373193	0.17574404761904763	18.772283115896133	101	35.95573140877444	56.85	26.010348717588172	50.9	
55	0.11	1.639417559652583	0.19533257124001224	11.571283158757755	101	23.48803929795345	62.54545454545455	48.43869453222833	58.42696629213483	22	0.13	1.8456733158231604	0.13493448475299652	16.702359084979346	101	30.526648932042885	60.69230769230769	78.18654515247675	59.40229885057471	
56	0	0			101				59.59	65	0.1	1.2526462151298483	0.1564833328206548	22.06237297041558	101	44.168331293834015	73.5	18.79671008587627	60.12222222222222	
57	0	0			101				61.15	64	0.09	1.1604817288596263	0.1751737125787389	17.21812316566785	101	35.494147474064874	72.22222222222223	18.971028161189015	61.934065934065934	
58	0.07	0.9675724988256075	0.1774143611320605	13.154867581179934	101	20.491807253213526	70.57142857142857	14.917279509465747	62.38709677419355	91	0.04	0.5067909993917581	0.14646892655367233	28.702388742223235	101	34.14359165342515	76.25	8.939708321848373	61.354166666666664	
59	0.06	0.8273465616858224	0.15095628415300547	8.40075154216975	101	25.64601512693534	83.5	8.926525479874973	62.87234042553192	35	0.04	0.47873804650923846	0.15993742288031024	4.5357609725824855	101	32.955846731158005	77.5	8.844716836561702	63.208333333333336	
60	0.17	2.552514226512812	0.17643333994976448	14.693141220303144	101	31.66527263548869	68.41176470588235	28.019266945526923	63.25301204819277	92	0.07	0.9588515697769802	0.17834509090080594	8.19416777741441	101	26.809965739446664	76.57142857142857	8.27871222235645	63.096774193548384	
61	0	0			101				64.28	36	0.03	0.3999306786825578	0.19243898276156338	10.06962372719041	101	31.012435795890937	72.66666666666667	12.714018188731766	65.58762886597938	
62	0.04	0.4541532313002359	0.13357753357753357	5.732788260222479	101	64.70102735805861	87.5	5.64418250205509	66.05208333333333	44	0.06	0.7884984361446332	0.1880615333740334	6.02513852573905	101	34.28492353887251	75.33333333333333	11.238358082201248	66.29787234042553	
63	0.16	2.084066012790137	0.15117642773892773	24.671592520243696	101	29.693072383498258	83.875	18.29383254072151	67.52380952380952	5	0.04	0.4936686989362518	0.14747596153846154	6.720152583528932	101	38.19952439528245	83.75	8.047471521968664	66.35416666666667	
64	0.04	0.5460452671525368	0.18615662944021152	6.7289261894951995	101	41.2521144074753	75.5	15.305451620748357	67.54166666666667	37	0.06	0.7754643092550918	0.1435897435897436	13.862065601673441	101	28.141235977564104	82.66666666666667	10.948187070228887	67.27659574468085	
66	0.03	0.39830587235615117	0.16747146619841968	6.422772814670884	101	26.06741710793459	87	26.848782893403992	68.6082474226804	33	0.03	0.36853225885722096	0.1568585643212509	9.90787497280918	101	38.77387948649609	98.66666666666667	5.812307531054287	69.38144329896907	
70	0.03	0.36831960319727314	0.1423483342497427	5.085376423531264	101	23.545556167688375	86	8.846725397826603	72.8659793814433	32	0.05	0.5880900012939365	0.1333049285055845	38.91862920222381	101	37.99599482926622	93	6.5495393893026765	74.6842105263158	
74	0.04	0.436962672463717	0.1510281385281385	5.568731436626323	101	25.342252877844473	101.5	10.02273958435174	77.6875	34	0.05	0.5808280284375194	0.13564912280701755	13.66666585386182	101	25.038517817982456	91.4	11.683433330108294	77.70526315789473	
76	0.01	0.09960357776052656	0.15384615384615385		101	36.07481971153846	128		79.9090909090909	40	0.03	0.31907425921579546	0.17660117660117658	3.9362682727662364	101	33.889230994699744	95	21.513263648747316	79.65979381443299	
77	0	0			101				79.93	56	0.01	0.10626766699965762	0.11392405063291139		101	33.810769382911396	81		81.13131313131314	
78	0.13	1.2250744468313284	0.13829867075853491	18.00812357628423	101	43.92178823587581	103.53846153846153	16.681874015543826	82.22988505747126	12	0.01	0.10328551214125517	0.189873417721519		101	50.080646756329116	79		81.63636363636364	
79	0.02	0.21857206867531506	0.1375		101	34.0395263671875	146.5	15.937098991358342	82.71428571428571	57	0	0			101				82.36	
80	0.01	0.10746563786229435	0.1728395061728395		101	20.563030478395063	106		83.56565656565657	52	0.03	0.345196589457735	0.17946401686239086	6.958278367398501	101	19.946715346783098	89	15.733125881400682	83.78350515463917	
81	0.2	2.2088464299523554	0.13854203038841165	17.918520895446527	101	25.19327138157184	93.25	34.695205518551106	86.5375	94	0.01	0.09875567845147463	0.10843373493975904		101	32.3629047439759	95		84.91919191919192	
82	0.06	0.605064388935564	0.12899890880046797	10.021731583086568	101	28.65669997918846	102	15.158176606082984	86.02127659574468	27	0	0			101				85.84	
86	0.05	0.4395565753266268	0.12618749418079045	15.262247154528948	101	34.80093269727496	104.6	8.639761084750505	91	26	0.01	0.10125659433571663	0.09195402298850575		101	22.974631824712645	147		89.11111111111111	
90	0.04	0.38225934385192645	0.12228260869565216	11.4095824388349	101	40.964663298233695	124.5	11.689010132788278	94.13541666666667	45	0	0			101				93.31	
92	0	0			101				95.45	68	0	0			101				95.91	
93	0.02	0.17646487907750938	0.13829787234042554	4.596194077712567	101	35.67844082446808	123	6.6903180066111805	95.8061224489796	69	0.02	0.19963466855647563	0.11170212765957446	4.949747468305832	101	23.03147855718085	112.5	12.238386597459478	96.48979591836735	
94	0.09	0.8056719303899544	0.14852408799777217	10.897609224872097	101	27.664072403735343	113.33333333333333	20.034692133618844	99.41758241758242	7	0.02	0.18821403700277325	0.10873067010309279	5.132226637644303	101	23.385818953366623	113		98.20408163265306	
95	0	0			101				98.49	63	0.04	0.34724935107784255	0.1440723841082825	5.88409972714269	101	31.926586797205797	114.25	12.874516480364402	98.80208333333333	
97	0.02	0.16637689357707772	0.10204081632653061		101	24.73911830357143	155	3.9143411101398167	100.53061224489795	49	0	0			101				100.85	
99	0	0			101				103.32	50	0.03	0.2619126608580216	0.14953795379537954	5.832917465514483	101	23.594181879125415	124.66666666666667	16.634548677177143	103.4639175257732	
100	0	0			101				103.58	54	0	0			101				104.65	
101	0.13	1.11741447481537	0.1309142028730835	23.99953396850139	101	35.63741475223864	115.92307692307692	44.78213548454069	107.183908045977	23	0.02	0.20385697394709712	0.13658861602893585	144.9568901429762	101	26.99084340198458	128	4.763666736414636	105.86734693877551	
102	0.01	0.08330695279829073	0.15384615384615385		101	23.645244891826923	112		106.28282828282828	55	0.01	0.09619917076320103	0.125		101	21.923001802884617	108		106.88888888888889	
103	0	0			101				106.59	53	0	0			101				106.65	
104	0.08	0.6827394922125706	0.13966032277837956	12.20794047025262	101	32.10107535610898	133.125	14.598240537762353	108.29347826086956	93	0.02	0.18017044123732595	0.10893980233602875	5.62207850615533	101	15.709336393755617	119.5	15.363501882144078	107.58163265306122	
105	0.06	0.4705808536335864	0.14493881365410263	7.636155648513051	101	34.59799936659675	136.16666666666666	10.636938842989576	109.41489361702128	24	0.01	0.09088430428061611	0.18691588785046728		101	42.626168224299064	123		109.38383838383838	
109	0.04	0.32067469956801925	0.136015561015561	14.636040917256086	101	25.47187755937756	123.5	20.80935318097911	113.80208333333333	15	0	0			101				112.33	
125	0.04	0.29778965627628046	0.11882889638795151	11.907421418421752	101	25.997139822854177	150.25	11.535907660333109	130.19791666666666	4	0	0			101				128.42	
156	0.04	0.22033590208272824	0.12377045875997743	8.826555867241417	101	27.88298875051651	214.5	10.078089144014454	163.42708333333334	13	0	0			101				161.09	
157	0.04	0.21982853374372494	0.11506025595095931	4.70217704246096	101	21.468331102812027	227.25	7.481939049593127	163.59375	89	0.02	0.11172372956155446	0.08828914895310883	5.059234969908885	101	30.818545653461108	234.5	10.697841302467445	161.07142857142858	
159	0	0			101				162.72	51	0.01	0.05831005790190665	0.09937888198757763		101	21.161272321428573	178		162.57575757575756	
163	0	0			101				167.49	47	0	0			101				167.23	
167	0	0			101				171.59	73	0.02	0.11426743149666084	0.125	1.8561553006146867	101	23.28935314360119	212.5	3.9028621039517235	170.51020408163265	
171	0.02	0.10609967003006283	0.11560693641618497		101	22.464008309248555	238.5	2.6558262568975053	177.10204081632654	21	0.01	0.05288654777770622	0.0872093023255814		101	25.95192132994186	222		176.1919191919192	
172	0.05	0.26064608952679036	0.13659944759247128	12.153963433049233	101	28.60000294400823	201.6	18.199868346335883	181.25263157894736	99	0	0			101				176.1	
173	0.07	0.3931325362103774	0.14812048489764112	33.86146910808314	101	27.17240337538069	190	15.225736328192488	179.56989247311827	98	0	0			101				177.44	
175	0.06	0.31192975341956236	0.11882062146892654	10.101120043973653	101	35.30039487165083	189.16666666666666	29.317303253927104	184.88297872340425	96	0	0			101				179.59	
177	0.02	0.10783938402144198	0.13723243989705608	12.101073975492154	101	23.23327737096698	224.5	5.039538805599363	183.46938775510205	97	0.01	0.049622127499090264	0.12359550561797752		101	29.442152387640448	214		182.46464646464648	
179	0.01	0.04806536890170552	0.09444444444444444		101	27.324674479166667	218		183.76767676767676	71	0.01	0.04830614502470685	0.14444444444444443		101	21.486501736111112	229		186.66666666666666	
187	0.01	0.04979534114788939	0.10638297872340426		101	44.8067029587766	202		192.8080808080808	8	0.02	0.09971680427586443	0.09574468085106383	3.1819805153394625	101	34.489060422207444	216.5	61.235447250755016	191.08163265306123	
250	0.01	0.03645311218444927	0.10714285714285714		101	15.489516427865613	352		255.9090909090909	2	0	0			101				257.27	
257	0.01	0.03539159025031912	0.11583011583011583		101	23.997179657335906	318		264.45454545454544	75	0	0			101				268.47	
265	0	0			101				269.87	46	0.02	0.07194995161366755	0.10861423220973783	20.50609665440927	101	23.624107560861425	314	6.938485290392997	272.7551020408163	
281	0	0			101				289.21	28	0.02	0.0688769272625297	0.11524822695035461	5.106882308569526	101	22.746931792996456	367	129.75409434773147	294.7959183673469	
288	0.01	0.03257764066210152	0.07241379310344828		101	19.000471443965516	413		292.5050505050505	76	0	0			101				297.43	
296	0.01	0.0322745141071912	0.09395973154362416		101	19.6135040897651	402		302.9191919191919	29	0.03	0.10582047908457831	0.1075746277088559	4.0406290126841755	101	19.762414486141243	362	8.010888769883627	306.5257731958763	
304	0	0			101				308.2	72	0.01	0.031629154489443215	0.07540983606557378		101	31.158414446721313	363		312.95959595959596	
308	0	0			101				318.82	74	0.01	0.03133941526918972	0.1774193548387097		101	19.692237903225806	426		317.45454545454544	
312	0.02	0.05867081273742433	0.12085228996057021	5.310965070005246	101	21.366849203189766	404	3.2835763172340826	318.11224489795916	18	0	0			101				321.86	
315	0	0			101				322.05	83	0	0			101				320.47	
319	0	0			101				322.23	48	0	0			101				324.44	
327	0	0			101				333.66	30	0	0			101				334.15	
343	0	0			101				348.46	19	0	0			101				349.6	
375	0	0			101				383.85	3	0	0			101				380.2	
500	0	0			101				508.14	1	0	0			101				504.47	