index	success_ratio (division)	success_rate (division)	mean_second_ratio (division)	second_ratio_SNR (division)	probe_index (division)	mean_time (division)	mean_total_iterations (division)	total_iterations_SNR (division)	mean_total_iterations_failing (division)	order_index (division)	success_ratio (sequential)	success_rate (sequential)	mean_second_ratio (sequential)	second_ratio_SNR (sequential)	probe_index (sequential)	mean_time (sequential)	mean_total_iterations (sequential)	total_iterations_SNR (sequential)	mean_total_iterations_failing (sequential)	order_index (sequential)
1	0	0			109				1	0	0	0			109				1	
2	0	0			109				2	25	0	0			109				2.06	
3	0.02	7.241129617167489	0.8		109	63.311328125	5		3.0306122448979593	32	0.05	17.409470750835837	0.8	151850024.99880248	109	74.91328125	5		3.0631578947368423	
4	0.24	53.35704758335148	0.738095238095238	43.882116534131896	109	62.57584635416665	7.083333333333333	83.21032588166848	4.065789473684211	8	0.28	56.86433793799205	0.7482993197278912	51.56063513806731	109	64.83371864370748	7.178571428571429	60.96598405266109	4.027777777777778	
5	0.7	106.95187164755745	0.7108276643990928	83.67641632981329	109	60.75111762152779	8.471428571428572	126.23053357392467	5.033333333333333	18	0.63	93.70816600059388	0.7118606701940037	73.89540673952145	109	60.28211362670068	8.619047619047619	85.72658778042127	5.27027027027027	
6	0.86	94.01989723768435	0.6880549682875265	100.68366203100263	109	63.48319691968745	9.895348837209303	114.39827796645726	6.928571428571429	9	0.88	98.88751545661789	0.6869289485766757	83.85591357302866	109	63.79505871929519	9.977272727272727	118.17267794392087	6.916666666666667	
7	0.91	90.70972887493308	0.6677719716181254	102.82565924554267	109	63.0103016091147	11.175824175824175	110.27950966853665	8	82	0.92	64.9717514138823	0.6794821120908076	94.37366622130996	109	56.35914290433865	11.16304347826087	97.49905296716288	8.25	
8	0.92	85.02772643750906	0.6606760992630555	107.2073277023287	109	59.130695230381036	12.195652173913043	119.34190014590291	10.125	7	0.93	50.26211965809852	0.6671513074738877	95.20271050499544	109	54.8560950872884	12.46236559139785	90.89254785862211	9.428571428571429	
10	0.93	72.43554793769539	0.6236420512511598	101.31039249839097	109	61.463048389734965	14.387096774193548	111.83994107396951	13.142857142857142	85	0.95	75.79988829598292	0.6391999228841336	94.86285699390008	109	59.06284759773087	13.957894736842105	132.65030135585084	12.4	
12	0.95	64.34134778236313	0.6013500469439853	102.55567635975106	109	60.22927564558694	16.178947368421053	147.74454517867	14.6	38	0.96	66.02475928350535	0.6068549514103888	103.97906526233827	109	57.70811962080385	16.239583333333332	110.34093937635932	13.5	
14	0.95	58.63835565494805	0.5863016145768308	109.98803335719191	109	58.17962305086029	18.4	132.34323411465027	16	47	0.95	57.677129502303714	0.5857267958807805	106.88999449743466	109	62.10198114688644	18.13684210526316	133.44473346733514	16.8	
15	0.97	56.57626130060928	0.5723400048398353	112.46745731176308	109	59.860463530586166	19.298969072164947	150.1110867466051	17.333333333333332	74	0.95	40.48065450928186	0.5834242283879202	106.88283535243485	109	61.699447526840665	19.273684210526316	136.22225298660683	17.2	
16	0.88	46.250065696677474	0.5626010234218317	106.95957430698051	109	60.566633496875674	20.397727272727273	152.68846816848801	19	6	1	54.174115605419814	0.5658733493813586	126.2600293406436	109	60.46328342978067	20.35	145.1116949380101		
17	0.94	47.32417056864202	0.5658190368065485	99.40453698005402	109	60.85894938807073	21.46808510638298	200.25057360680333	20.666666666666668	75	0.97	31.144646010344147	0.5646467039609129	93.8874542901263	109	57.73918651122101	21.443298969072163	161.7663753768453	19.666666666666668	
18	0.95	47.88789192349207	0.5562331642423182	116.87988782991553	109	60.617054176024574	22.557894736842105	156.56308386468945	19.6	56	0.94	45.71539733507181	0.5477051571616794	117.15075353086677	109	62.43181406321991	22.617021276595743	108.73242040894804	19.166666666666668	
20	0.93	41.13406165697414	0.5368436824374179	110.91161079919095	109	60.72228073724046	24.70967741935484	144.59879580399064	22.285714285714285	26	0.94	42.59754384412253	0.5445421319453185	116.33364588861686	109	59.54679727982909	24.45744680851064	149.54720032901272	23.333333333333332	
22	0.93	26.151510038865737	0.5412998298204086	110.28055040072138	109	59.183335384334065	26.49462365591398	168.50610443815677	24	86	0.98	32.91794027724938	0.5422207106496343	115.45678345709821	109	59.36969045453062	26.540816326530614	186.60561323284313	24.5	
24	0.96	39.61376578409088	0.5287950101662385	125.89530894633839	109	58.31384784768316	28.697916666666668	148.67897419178757	26.5	16	0.98	38.27975469704594	0.5293186907824421	108.9857320471428	109	59.280418869075866	28.316326530612244	211.16227106810922	25.5	
28	0.98	36.00823045357932	0.5123971420365381	123.1797201012201	109	57.14845181474551	32.42857142857143	256.83483164925144	29	64	0.93	25.708362129005113	0.5073656084157553	115.71442035488717	109	60.77108747281319	32.806451612903224	129.34263736799508	30.285714285714285	
32	0.98	31.916625956365117	0.4994446882992931	117.10604763908908	109	58.132093783586434	36.89795918367347	182.41276504879056	35	5	0.95	21.380505479955897	0.49896036092711993	117.37445520160277	109	58.9971922693432	36.526315789473685	257.5783190052102	35	
39	0.97	27.57953996146517	0.48661931054502805	134.41352639071306	109	55.50334593290969	43.70103092783505	241.28057955059842	40.333333333333336	43	0.95	23.523585489520958	0.4740540392440423	146.85722151909562	109	63.46191816423053	43.54736842105263	269.01699448145644	41	
43	0.98	25.679995807340102	0.47646546962911007	123.9141327894994	109	55.8605369702626	47.734693877551024	300.7033247865686	44.5	51	0.98	20.19952180701938	0.46377204253170135	154.25046563607117	109	59.457297058746676	47.46938775510204	322.05959815533305	44.5	
47	1	24.52723749727094	0.4757253390374048	132.2117891936904	109	55.99877732293518	51.57	312.73433964644516		22	0.96	16.26953191218716	0.4637229698918263	116.31978619110467	109	59.505588835717425	52.229166666666664	185.56511521719474	49.25	
48	0.92	22.06923021545163	0.4695702808051975	123.16246309155886	109	55.784304360838654	52.78260869565217	276.5534071076307	51	60	0.94	15.708818663434519	0.4584122380157517	124.1527479891223	109	59.68628275672191	52.8936170212766	268.785099852899	50.833333333333336	
49	0.91	21.134774833231514	0.46577948817218967	128.78611785418875	109	54.058165357918	53.824175824175825	331.7719986889953	52.111111111111114	52	0.92	20.258516283701496	0.46243004654434666	144.21558277581696	109	57.67460594697304	54.01086956521739	215.74633687142136	52.125	
51	0.94	20.759258850309195	0.4722702384959384	133.9525680410967	109	57.074365073957296	55.61702127659574	325.6920377179882	53.5	39	0.97	18.95604932469351	0.46978303707972435	102.44839141616218	109	56.13779842279248	55.75257731958763	305.93670023265315	53.666666666666664	
55	0.96	20.171457387917847	0.46227975867668564	123.14386086597632	109	55.906936439128124	59.697916666666664	456.6514689661272	56.75	23	0.9	18.85843600743647	0.4596164927774869	131.94803190680324	109	55.51042011841744	60.333333333333336	318.6310955307464	58.6	
57	0.95	19.167137438368318	0.4593891889575404	123.53964438844928	109	58.19460982668697	61.526315789473685	390.20186599990836	60	91	0.99	16.153507269075327	0.4678387021864667	118.81844529420513	109	54.40184018283759	62.23232323232323	283.23301986058965	59	
59	0.91	18.165485577666356	0.45406744858506487	148.8046082809381	109	55.776349909589854	64.06593406593407	313.8091666909411	62.333333333333336	90	0.91	18.138329679118026	0.4550147149822419	126.76388149194807	109	55.62640501891688	63.72527472527472	395.64735353384964	62.22222222222222	
61	0.9	14.464569839733098	0.45915958793274364	134.82943589127564	109	53.79330299052013	66.04444444444445	321.71304851849595	64	92	0.94	16.60689362757958	0.46316360587104227	130.0333871795038	109	56.04814091861655	65.68085106382979	402.39856263676893	64.16666666666667	
62	0.98	18.92622634195155	0.45517307277780106	138.2163523074451	109	55.98291265993215	66.63265306122449	416.5361359705409	66	93	0.97	16.727598813577718	0.4591802553253631	120.03457679930213	109	54.38172543102707	67.0618556701031	361.2325007299517	67	
63	0.95	18.15090085789667	0.45008894515920095	126.38188672316379	109	54.80538367962496	68.25263157894737	213.39203779880165	65.6	4	0.96	14.925373134259202	0.4600100454899751	103.98015151346067	109	55.543399126823125	67.97916666666667	449.9971438780293	64.5	
70	0.95	13.994254990006796	0.44538205557231136	138.40326740097544	109	53.82785499212928	75.15789473684211	299.44601609281403	74.2	73	0.96	14.016030835264408	0.44811552157211554	112.07892735647098	109	54.247354892145644	74.9375	433.55353006970927	71.5	
74	0.97	13.357937644653452	0.45507819936771354	114.43651398932589	109	55.40506128018921	79.15463917525773	367.01244135328733	76	94	0.99	16.15113547380443	0.4430333456994639	143.1907471980505	109	55.398991885242886	78.96969696969697	399.69025663281946	77	
78	0.96	14.816872713810085	0.42955582299704625	159.37329929744317	109	55.31105096944444	82.97916666666667	376.6832225091814	81.75	19	0.98	13.007871089477266	0.4421734874055604	124.6722520813832	109	54.587279462048684	83.10204081632654	337.3441091063578	80	
82	0.94	14.148529456115911	0.4325942380250123	155.82101271629728	109	54.12724713437729	87.36170212765957	346.5295915564959	84.16666666666667	95	0.96	14.19530372054253	0.43664614332483437	152.9434430408298	109	56.22880484998575	87.29166666666667	404.72304353127186	85	
86	0.95	13.71088788824604	0.43049276245723944	153.09685328207868	109	55.06526523202325	91.53684210526316	403.1084368914557	90.2	24	0.99	13.422454817893218	0.4336171946308943	127.82482817900768	109	53.21442873526137	91.13131313131314	489.1934727792223	89	
90	0.96	13.16312679105868	0.429417472639992	165.50581937192604	109	55.93935944316581	94.94791666666667	583.7767971138596	97.5	41	0.97	12.354169850831294	0.4296752622139389	156.76423471769135	109	54.09270711621791	95.1340206185567	498.78993724697705	91.66666666666667	
92	0.97	13.185618160820184	0.4268263965943956	150.28061423768906	109	54.8745488351752	97.3298969072165	334.67651080260845	93.66666666666667	59	0.99	11.542631953289382	0.4323537826849692	116.87435836377814	109	54.94266566965246	97.32323232323232	403.1640493210927	105	
93	0.98	11.249110402071544	0.42513776108983015	152.8608687979527	109	54.654363173880455	98.12244897959184	407.87676238285746	95.5	83	0.96	11.896942733609167	0.4321110194354408	133.74304791814617	109	54.63012970795783	98.58333333333333	420.8025147346522	95.75	
94	0.91	11.90974767050146	0.42480262068211744	144.19346995625028	109	56.3258762119358	99.89010989010988	355.1153884039618	99.33333333333333	15	0.98	11.390051138938539	0.428158737096522	120.48609924161417	109	53.473982113160645	99.13265306122449	520.5181783366942	99.5	
95	0.96	11.012584171681246	0.43499126216761314	127.36482155442641	109	54.034674879702635	100.36458333333333	500.96356220953567	98.25	89	0.99	11.384806458307523	0.43241275284036307	136.04579408854488	109	54.25202223736375	100.36363636363636	503.9550424730777	103	
97	0.94	12.401219013424555	0.4231977423099622	159.64171903583022	109	54.254256831102865	101.72340425531915	566.5664075546512	100	45	0.93	10.452256788317223	0.43149058314560673	108.98135438251933	109	53.942231574311805	102.39784946236558	399.42211594774915	99.85714285714286	
98	0.94	11.902048671728963	0.4247156926662856	151.6829544475218	109	55.2653543186487	103.62765957446808	394.77272244117165	101	87	0.98	10.825499574712294	0.42909674001450804	132.52553338947232	109	54.68138515636164	103.42857142857143	481.57883934086374	104	
99	0.99	12.39715992324272	0.42223078692562427	154.57056292339382	109	56.573636750511355	104.03030303030303	457.3487202059188	101	57	0.94	11.917137858425853	0.422635452831269	154.00552359821464	109	54.98492259980995	104.44680851063829	457.2747219356452	104	
101	0.99	12.590294027842095	0.41710107347533637	169.82908164264202	109	54.190515717361855	106.07070707070707	531.4996130165232	104	44	0.96	11.02054873147596	0.4230089342389216	161.80976575340335	109	54.529039453289464	106	457.72727272727275	103.5	
105	1	11.98753296579328	0.4213038414194299	143.9723572457472	109	56.07566532559269	109.94	594.0925017357378		46	0.96	10.810567329547416	0.4242170809474217	130.81690554361163	109	54.37015036703898	110.41666666666667	401.27484378426135	110.5	
107	0.96	11.20775202845225	0.41725201827340475	177.06799079417718	109	54.75702172240137	111.97916666666667	424.51732840177465	109	48	0.95	9.893566057814699	0.4264584717353825	155.93795234479484	109	54.07000473197646	112.30526315789474	519.9980294208053	114	
109	0.93	10.962456533305366	0.4195462485274052	158.77212731923973	109	54.12302900124885	114.47311827956989	502.5377386314324	111.14285714285714	42	0.97	10.546688122410968	0.42204695968547384	167.0507313200158	109	54.293659767254745	114.88659793814433	420.5566348106223	112.33333333333333	
113	0.94	10.700178715787871	0.41194035394858003	169.38275563960863	109	53.46533419429809	118.3936170212766	485.4510996149521	117.5	63	0.95	9.419370191171817	0.41987227456705756	137.1726401001371	109	54.89168875497111	118.43157894736842	464.1370091841771	118	
117	0.96	10.46766472938074	0.4123922931722062	170.88694160290817	109	54.33443204417379	122.32291666666667	547.2026320287531	120	61	0.91	8.931375628137602	0.4212268345702574	143.16853679530092	109	53.152460073075524	122.78021978021978	509.92327945833625	119.88888888888889	
119	0.96	10.485500518821294	0.4113874276073748	177.37508811511367	109	53.67717981679985	124.23958333333333	619.0669323962094	124	70	0.93	9.32751617265896	0.41341500474939424	144.44681347182848	109	54.675918783090836	124.39784946236558	554.3109277510102	121.71428571428571	
121	0.92	9.784111453739984	0.41042405759595046	182.36742114630306	109	53.16866151178539	126.58695652173913	606.8699024894144	125.75	62	0.95	9.33835310769228	0.41309526897870746	143.29838413577394	109	54.509748012828126	126.38947368421053	520.704184437799	126.6	
125	0.92	9.33460500414164	0.4122773853508544	141.61500934090802	109	54.53914343850084	131.1304347826087	466.4570986844041	128.75	3	0.97	8.011166078936297	0.4207301034235123	138.99384584765016	109	53.505747697939114	130.7319587628866	536.5955426862691	126.66666666666667	
128	0.94	9.558188011594561	0.40866926757128313	167.1662897110137	109	53.596555980217126	134.1595744680851	452.4021266705773	132.83333333333334	34	0.98	9.760567308133862	0.41128593546092884	170.41041429869085	109	56.31207567052982	133.6122448979592	576.5782502734999	130	
130	0.97	8.628434695185327	0.4125647623287531	150.99750062704862	109	54.41582410542082	135.5979381443299	544.6089345575145	135	79	0.94	7.806660576384619	0.41947801496926346	122.96680440475407	109	54.47229053029848	136.1595744680851	456.1575139036147	135.5	
132	0.97	9.40141118093925	0.40337502716302964	191.04168828025234	109	55.09448682835121	137.28865979381445	662.3743939249265	136.66666666666666	29	0.94	8.192649276189872	0.40960483936319814	156.20370006927865	109	54.34758656059357	137.2872340425532	554.9896102105886	136.16666666666666	
140	0.97	8.749774490340101	0.4034413827931589	169.00232013601297	109	55.464487594230505	145.4742268041237	605.3767597994071	141.66666666666666	27	0.96	7.594696370348218	0.4131005673347273	126.40592395230416	109	54.521047148624795	145.67708333333334	542.4101693437784	143	
142	0.94	8.582828863874797	0.403727597012311	173.58737674113394	109	53.87053418269763	147.1595744680851	641.8797980215452	145.83333333333334	80	0.95	7.776113416660883	0.4087552876045801	134.6162802242072	109	55.27799665953953	147.55789473684212	580.2406960442022	145.4	
144	0.94	8.497789670694639	0.4058709410536531	168.80525593558352	109	54.28751892812386	149.9787234042553	524.2144933202151	150.5	30	0.98	7.97896159508967	0.4075401314708943	157.0520003091716	109	54.29370120290814	149.0408163265306	760.0123107724099	151	
146	0.95	8.48206712438826	0.40116960397334267	178.86017464196937	109	53.83813095667803	151.38947368421051	624.9016683156359	152	53	0.99	8.0656987827459	0.405088350212102	153.06106948069055	109	53.695594996754124	151.11111111111111	575.6604393409176	148	
147	0.95	8.011333929252686	0.39866723841251994	160.9862772422871	109	53.425889574635185	152.7157894736842	533.0219305961125	151.6	76	0.98	7.8953304759564435	0.4075144938660669	143.14279249237276	109	53.96268146949323	152.60204081632654	592.8174169755757	153.5	
148	0.88	7.741299834619207	0.4001886814866852	179.37656931577288	109	54.125214259000956	153.85227272727272	593.2398888707927	152.25	28	0.97	7.670652242719326	0.4072394601026107	141.284311303488	109	54.980489091734704	153.2577319587629	687.0638601789352	151	
149	0.99	8.324784312405017	0.3994674511111596	161.59778867230713	109	53.66261876821205	154.27272727272728	686.056105394406	151	77	0.95	7.534300896152431	0.40634063488647876	145.7987178200303	109	53.87814333282661	154.2736842105263	685.996973206871	153.8	
150	0.95	8.377794435379373	0.40001495992008007	190.7877700094935	109	52.89708475945314	155.78947368421052	502.35449209365794	153.6	66	0.93	7.302021011018662	0.40722884639587903	129.02084773461743	109	54.1174378428392	156.01075268817203	430.2262203968454	154.85714285714286	
152	0.95	8.153876524554859	0.3994054407230688	214.70690392061	109	53.44190795917297	157.81052631578947	498.1986386892881	158.2	65	0.93	7.207514414995952	0.4019680922849897	180.7488392181134	109	53.229785575188025	158.7741935483871	488.4682162382517	156	
154	0.96	8.025682182959558	0.3998876668278521	197.56896930936406	109	55.70265052220579	159.67708333333334	374.01121098804776	158.25	67	0.96	7.056281192787468	0.40433067498527836	132.23521691408672	109	54.31869297838642	159.92708333333334	588.5033496317458	157.25	
155	0.96	8.127121729051684	0.39983394102788644	202.05605539475158	109	53.81419889955384	160.80208333333334	625.0877449560968	161.25	84	0.95	7.280586125518398	0.4065300913306871	142.7582566033796	109	53.29563269710822	160.68421052631578	537.2085190460621	161.2	
156	0.9	7.567285782754122	0.3992659319743683	149.49941256403898	109	53.65702264002321	162.27777777777777	523.8734508863865	158.7	11	0.99	6.916450673160047	0.40275896029424124	139.50167127395613	109	53.63697973718126	161.56565656565655	563.2131045581948	158	
157	0.92	7.702096309655334	0.4004300855405482	189.10018906493278	109	53.2363483335511	163.33695652173913	446.02165312303634	161	50	0.99	7.473390201504104	0.4037323651639454	152.50427027526766	109	54.20355465658103	162.42424242424244	742.0141678449676	162	
158	0.94	7.9349000539990255	0.3970384440060786	184.93039617310185	109	52.77182288216877	164.18085106382978	566.7080938862708	162	78	0.95	6.851043882737135	0.40540521482515485	128.99770016920178	109	54.09048771269549	163.85263157894738	641.7913272434363	161.2	
159	0.99	8.18689270214797	0.3943490898384109	189.1086031818285	109	53.92973711899903	164.4747474747475	754.2512555808111	163	49	0.95	6.738544474394422	0.40183623830708126	171.1556240477763	109	53.98848537721855	164.89473684210526	546.3247869773408	161.6	
160	0.94	7.701130591508845	0.3974089766518404	161.75287430103106	109	53.81758362602772	165.30851063829786	683.4080302343781	164.33333333333334	68	0.9	6.6950835769529355	0.40528440946131	138.03167942096957	109	53.583919656070854	165.6	651.6059948146744	164.8	
161	0.91	7.273831790619552	0.4005177782780293	191.08223656216535	109	55.56156066377291	166.76923076923077	524.736104424457	165.11111111111111	58	0.96	7.100066563150438	0.40143726995996687	144.03631405294698	109	53.9295221041086	167.03125	493.73155438037236	164.75	
163	0.94	7.4220292143484805	0.3991760708552602	175.7361577585793	109	54.996909200399045	168.72340425531914	701.1685491936024	170.83333333333334	20	0.94	6.9330737118648	0.39887562846166036	133.43966594411287	109	53.22835657352029	169.27659574468086	591.310244613596	169.16666666666666	
167	0.95	7.279805054527858	0.39779494146967165	167.46359160649365	109	54.97129863385687	172.78947368421052	636.1967763564985	171.6	40	0.95	6.87320030674474	0.4011261288383098	157.13123777254125	109	53.57349888443534	172.22105263157894	1048.5745735788269	168.2	
169	0.99	7.3371377751335505	0.3960319397618494	171.776593176272	109	54.80127295695531	174.4747474747475	841.6825609272395	171	81	0.92	6.396796039552117	0.39995593146938085	147.75947914563162	109	52.291742894754755	174.72826086956522	608.7607075655579	173.5	
171	0.98	7.663134847700234	0.39029619789157977	175.570172570835	109	52.91989643508247	176.9591836734694	649.7823744521522	172.5	13	0.95	6.588848893411315	0.39814402498659973	147.38664336983902	109	54.81773433186442	176.78947368421052	636.4424085405295	175.2	
187	0.98	6.571139288073613	0.38537807335648067	170.46928342539414	109	55.45722997983311	192.91836734693877	628.200943652221	191.5	10	0.94	5.787999137931686	0.3976841907810884	143.6426355727763	109	52.499492780112014	193.04255319148936	694.7092931651276	190.16666666666666	
190	0.96	6.682630728954711	0.38972078436712293	178.91242744377612	109	54.00663485214386	195.91666666666666	574.5637917868567	193.25	31	0.94	5.813593914282422	0.39735790391601045	141.48556561776542	109	53.69935744909372	195.77659574468086	693.9883042113483	196.83333333333334	
192	0.98	6.76375181169141	0.38973123523611936	208.29495350311456	109	54.3081486192091	197.37755102040816	928.6656567352153	195.5	54	0.93	5.478225526181098	0.40126828591875663	134.34219672048874	109	53.6592361893055	198.36559139784947	646.2042247869955	197	
193	0.99	6.6096942181854414	0.3901410213928659	160.7254428290651	109	53.40512555907923	198.62626262626262	862.6420229142958	199	69	0.91	5.660541670291546	0.3962764188491476	139.26349045833535	109	54.550769977407334	199.63736263736263	658.2586702957618	197.44444444444446	
194	0.9	6.090340043951244	0.3859335174297524	192.12449248299012	109	54.12627366556204	200.5	541.3641818632905	198.2	17	0.95	5.828828773544477	0.39396665058138003	157.25790710077862	109	53.70365661092659	200.4842105263158	604.5553185253029	197.6	
198	0.92	6.177523216085747	0.3909571819486586	178.8138590878876	109	54.15644770257821	204.1195652173913	779.6010234623242	201.75	96	0.99	5.880885340583012	0.3955451412506016	148.63699263676102	109	53.504214071679215	203.6060606060606	687.7879001429395	201	
200	0.92	5.673094117864893	0.3937109636455863	145.4910967414118	109	53.39885220260014	205.80434782608697	656.2301641491997	206.375	97	0.96	5.824500518736482	0.3942254168447536	155.0325006609867	109	54.9249545860036	205.88541666666666	715.2765795894862	204.5	
202	0.89	5.815625081685932	0.381447280610074	198.53371618397856	109	53.783761220525335	209.03370786516854	436.8748198024765	207.54545454545453	14	0.94	5.48898698992992	0.3906904147210456	158.9914418326128	109	53.694067625992744	208.03191489361703	653.336356828138	204.33333333333334	
204	0.92	5.987283530424403	0.3886484329363219	195.95727691901183	109	53.47756353459866	210.6413043478261	624.8165074896124	209.875	55	0.91	5.171923842008781	0.39360679545206545	145.15998676198703	109	53.01493602794156	211.3186813186813	475.80047156201204	207.11111111111111	
206	0.95	6.187635150973343	0.3852700270795954	196.82191324985948	109	53.22490172356215	212.01052631578946	755.9553838047119	211	36	0.96	5.623605082355061	0.38628384998308035	194.08779569795183	109	52.957434860107945	212.35416666666666	672.4704277364849	210.25	
210	0.96	6.027689699534783	0.38472830805108355	168.4297434155183	109	54.518184157669886	216.42708333333334	606.4328127817214	212	35	0.94	5.331578827947262	0.3933512620811539	143.27019705701437	109	54.00358237146498	215.8404255319149	813.6684670787153	211.66666666666666	
214	0.95	5.927090547227949	0.38572027559782107	168.20851603832176	109	53.92069415836082	220.2	764.4233422349802	222	37	0.91	5.126500628141629	0.39242154916826166	145.05995797021671	109	52.823342072065174	220.5164835164835	617.5770729486469	220.22222222222223	
216	0.96	5.930135590104624	0.38754840918297145	219.70925965211998	109	54.132426885741154	222.14583333333334	634.0157738759945	220.25	71	0.91	4.923043631144966	0.3873966061745503	163.79003822985078	109	52.581548564140164	222.8131868131868	582.8271806484993	222.55555555555554	
217	0.92	5.437641482093494	0.3886463813608224	184.8418558397831	109	53.889915069418905	223.69565217391303	647.7913784917051	221.5	88	1	5.396450215047673	0.3889805653783655	146.2575750724972	109	53.31642415700707	223.3	660.8590997166373		
218	0.91	5.573521485599315	0.38171006229345283	207.58963219118593	109	53.11629084845593	224.27472527472528	826.7071110104097	223	12	0.93	4.952366752037239	0.38839028995487546	153.6860669910432	109	53.48295015178383	224.63440860215053	565.9215303129118	222.57142857142858	
220	0.95	5.446716776471422	0.3866597991989339	190.9551931353911	109	53.07947699198699	226.09473684210528	778.0473009966909	224	99	0.89	4.707873786678003	0.38781959726964294	166.2420960098898	109	53.04953147187209	227.14606741573033	509.8432505976147	224.0909090909091	
222	1	5.539797908176253	0.3873617806718053	154.2201104553706	109	54.058405091931824	228.26	860.7554291149419		98	0.97	5.109781280316714	0.38936094568083784	153.0843015370996	109	53.52879777436433	228.39175257731958	557.7909585995623	226.33333333333334	
226	0.92	5.274957140959597	0.3844715550579565	174.4706048426222	109	54.7689925846218	232.8586956521739	731.4938481609729	232.625	33	0.92	4.716231525946047	0.3907793594337166	123.19347028937746	109	53.737549513096326	232.72826086956522	678.5236664445216	230.875	
230	0.93	5.2213457597758755	0.3865625985800861	179.5595444196564	109	54.06257212910291	236.69892473118279	684.0018267494237	233.57142857142858	72	0.96	4.794103252997786	0.3925479506944616	148.35561654991648	109	54.673436934786245	236.19791666666666	760.205257227193	234	
234	0.94	5.3516427835410685	0.38164091840889786	194.31470575692998	109	53.48528197289346	240.5531914893617	615.000882636904	238.5	21	0.97	4.8401744458589935	0.38842792375632046	153.7468092559036	109	53.91835440648205	240.93814432989691	667.8106496112163	241.33333333333334	
250	0.94	4.907206807446007	0.3789195949932642	219.40023892336413	109	54.81910545287778	255.80851063829786	1017.6108301733943	253.83333333333334	2	0.91	4.327871971076632	0.3843284061045601	152.2658870884542	109	52.671772328467505	256.4175824175824	815.8485135519627	255.77777777777777	
500	0.94	2.498704129505324	0.3569458849086573	242.33172066150405	109	55.42572508369071	508.47872340425533	966.1876980193725	509.1666666666667	1	0.92	2.234365513051511	0.36150643043077463	149.6594513815913	109	53.4436822066321	508.0978260869565	1049.722440405618	506.875	