index	success_ratio (division)	success_rate (division)	mean_second_ratio (division)	second_ratio_SNR (division)	probe_index (division)	mean_time (division)	mean_total_iterations (division)	total_iterations_SNR (division)	mean_total_iterations_failing (division)	order_index (division)	success_ratio (sequential)	success_rate (sequential)	mean_second_ratio (sequential)	second_ratio_SNR (sequential)	probe_index (sequential)	mean_time (sequential)	mean_total_iterations (sequential)	total_iterations_SNR (sequential)	mean_total_iterations_failing (sequential)	order_index (sequential)
0	0	0			250				11.012	0	0	0			250				11.008	
2500	0	0			250				11	3	0	0			250				11	
3750	0	0			250				11.008	4	0	0			250				11.022	
3828	0	0			250				11	8	0	0			250				11.07	
3837	0	0			250				11.026	37	0	0			250				11.054	
3839	0	0			250				11.008	69	0	0			250				11.096	
3840	0	0			250				11.014	87	0	0			250				11.038	
3841	0.862	265.0187542274082	0.38711887493790154	120.29589381741765	250	41.72958774144701	12.445475638051045	232.79322067242666	11.73913043478261	114	0.846	247.86124458019106	0.40283621028302025	116.34915004980803	250	41.60203669966386	12.69739952718676	213.60416139830238	11.779220779220779	
3842	0.8	223.18937618571022	0.3942195165945172	120.41872947428814	250	39.72949052379913	12.8775	186.7485470670277	11.94	53	0.948	288.9715295977438	0.41107967278853424	133.77830116670444	250	43.17967488867532	12.396624472573839	270.0560180904212	11.692307692307692	
3844	0.718	210.8663729809825	0.3905056874416203	105.72113147303673	250	42.423257480529564	12.732590529247911	181.27101041943942	11.936170212765957	128	0.874	259.62452471490786	0.4010736403184919	122.14065944578347	250	41.450620844535536	12.574370709382151	229.86898369017257	11.968253968253968	
3845	0.592	178.3454841236293	0.3837764150264149	92.62475278258316	250	40.821891223746675	12.97635135135135	140.0755827409207	12.02450980392157	259	0.742	209.65189873422136	0.4130287951042674	108.09628846414671	250	42.69001420817433	12.851752021563343	173.07517454628444	11.891472868217054	
3847	0.536	146.81713597007473	0.4094040443387454	83.32650604466129	250	42.55894248318878	12.988805970149254	137.84472651122826	11.818965517241379	17	0.654	190.99351673376032	0.4126456961319349	91.09903065336826	250	41.7948016667806	12.923547400611621	164.60737567439833	12.080924855491329	
3849	0.684	195.49559849084352	0.39032351663930576	113.07417148716812	250	41.75159822720986	13.002923976608187	171.42860559176555	11.829113924050633	112	0.786	229.42206654994362	0.3809621534812374	112.07731955059498	250	39.749490452031026	12.71501272264631	190.84674393870537	11.934579439252337	
3850	0.918	284.68647274069406	0.3899407781760728	125.94602629456013	250	40.815354522531315	12.352941176470589	270.07905061565674	11.804878048780488	213	0.936	277.66241471381153	0.40908754532434805	124.45183398750106	250	41.632438878431884	12.489316239316238	268.1942718006448	11.84375	
3852	0.896	265.78073089747255	0.4061407342657345	127.8643962200319	250	42.89933018902828	12.497767857142858	231.96732565227302	11.826923076923077	111	0.84	245.74337370544563	0.39491730491730515	120.46638754751439	250	41.08650935412863	12.595238095238095	227.69644619693844	11.825	
3853	0.738	226.32482826274114	0.3937034961425205	101.02662742798239	250	42.39501155549646	12.555555555555555	179.1581838047583	12.083969465648854	241	0.504	147.59283120539982	0.37814262457119574	97.64660940404055	250	41.61361882165455	12.896825396825397	135.90751342485856	12.060483870967742	
3854	0.586	174.76886370437612	0.38705769486486225	89.00614953515911	250	41.03584971415903	13.081911262798634	148.2377619645345	11.966183574879228	159	0.664	198.98112076718388	0.3966777700211436	97.40608172156341	250	42.38048555556205	12.801204819277109	171.7169466382119	12	
3857	0.704	203.5741137007137	0.40447607136068037	91.02891657459422	250	40.762141788263826	12.985795454545455	179.2038649572021	11.844594594594595	55	0.648	188.3392431551693	0.3887252151141039	102.66976620801026	250	41.93008686332798	12.92283950617284	156.31263694836537	12.011363636363637	
3859	0.69	204.456560388902	0.40560248929814124	99.47452017091972	250	41.41614149126465	12.8	179.28243651412282	11.870967741935484	195	0.844	244.89322191266098	0.4084252403112172	123.7188061941614	250	42.440276345508764	12.651658767772512	216.40492467700471	11.935897435897436	
3860	0.844	250.38566512369144	0.3946659185995685	122.6949142842368	250	40.40029406501379	12.623222748815166	213.24272720902556	11.76923076923077	264	0.88	254.20301577181343	0.42147759437532206	115.22970754705814	250	43.489313464830815	12.522727272727273	231.53220679662354	11.833333333333334	
3862	0.86	252.05158264973042	0.4127052308156973	102.89948363115698	250	41.836919182213734	12.748837209302325	226.53763912508188	11.871428571428572	181	0.708	197.44547939088986	0.4012567940534043	101.2196667545208	250	40.3901061664361	13	176.5	11.86986301369863	
3867	0.792	221.68728657003538	0.4036637604819428	111.97279121849456	250	41.16889147833308	12.792929292929292	195.65799615980328	11.932692307692308	14	0.742	208.77884074260615	0.40370554871902614	105.79112243855357	250	41.55250170602364	12.870619946091644	174.1451702587328	12.077519379844961	
3871	0.838	259.6839169508219	0.41290475634151047	113.3609433412129	250	43.26307682519227	12.365155131264917	238.12494258738874	11.938271604938272	147	0.648	192.52480836653416	0.40515935110842544	92.34845476210849	250	42.07639332228907	12.82716049382716	163.47712624267078	12.181818181818182	
3873	0.968	291.39072847680075	0.4347070543093272	118.01514813126556	250	43.45862038353261	12.506198347107437	248.47662238888276	11.8125	263	0.786	226.082954611184	0.3852438062361726	132.15750659464092	250	39.61320593584878	12.837150127226463	190.25528825863324	11.97196261682243	
3876	0.942	280.8754248908036	0.4440590381421758	101.76711749357827	250	42.51913134659133	12.598726114649681	243.95411477062368	12	145	0.812	221.79732313575525	0.40013622119533443	127.10297956391649	250	39.66075771266813	12.913793103448276	182.8676030912363	11.840425531914894	
3881	0.936	290.2145603372638	0.4232068857068859	104.88561592922035	250	41.721382492179565	12.408119658119658	281.7263330599165	11.875	242	0.856	252.67135013897274	0.3966659897734671	116.08160770742472	250	40.964872877651686	12.55841121495327	233.0307881454381	11.791666666666666	
3886	0.88	251.52918310188076	0.4077046872468	92.1703838302021	250	39.31109889890121	12.752272727272727	221.98535849725718	11.866666666666667	143	0.89	259.14279058946147	0.41158939650347554	109.95839959055682	250	41.42887221094727	12.44943820224719	257.6919038566177	11.89090909090909	
3896	0.898	260.32003710575316	0.41255344507014957	131.34915767859925	250	40.311070248263405	12.650334075723832	236.11857180428095	11.745098039215685	144	0.948	273.798521256626	0.4157681365750989	127.40827495095878	250	41.07945727661629	12.561181434599156	250.46280469109206	11.615384615384615	
3901	0.944	290.783637260055	0.3966605075715243	132.295372357744	250	41.11415736218561	12.417372881355933	255.30716858510254	11.714285714285714	146	0.846	246.61847014942782	0.4081389060112466	113.1261418323746	250	41.74621384036695	12.69739952718676	226.17386927797827	11.818181818181818	
3903	0.958	288.033674083527	0.41456939893787476	118.17029902301162	250	40.39866781519387	12.421711899791232	299.58203157660483	11.80952380952381	175	0.836	236.4119676487361	0.40191046991286195	110.79934436265063	250	40.35469723373558	12.660287081339712	239.04308052930566	11.439024390243903	
3904	0.966	277.28342614373247	0.43485753664325066	113.16092762654975	250	39.81793915836404	12.530020703933747	262.25996208758136	11.588235294117647	246	0.926	267.1975992616271	0.4272415076982477	116.29858071381545	250	40.404666702199954	12.59827213822894	232.02323272739815	12.054054054054054	
3905	0.87	244.2173815403493	0.4318772734289975	96.97633262284596	250	40.95394527205612	12.740229885057472	219.31045840124293	11.923076923076923	293	0.884	251.12209533556208	0.42087794868604106	113.51263200259574	250	40.541532938482206	12.81447963800905	211.07869703307338	11.689655172413794	
3906	0.762	219.748529242361	0.47102298401511017	77.03927074728834	250	42.971238286655485	12.958005249343833	173.51432134965287	12	7	0.906	261.6682070237199	0.41578965552475516	120.12525491215396	250	39.86910183583661	12.57615894039735	256.6331261917737	11.808510638297872	
3908	0.94	275.5143912303002	0.46225329878020766	83.55033240111162	250	40.48541133713004	12.846808510638297	213.1585706319323	12	184	0.694	188.13706354351936	0.4224046726568341	111.45299565199457	250	40.34779002461427	12.85014409221902	195.69149195114716	12.019607843137255	
3910	0.97	292.82134878905066	0.46199470531489906	102.14074064887221	250	43.23902145122451	12.6	269.93585444924173	11.933333333333334	129	0.942	270.0997820850582	0.42071032293962296	118.70449135417847	250	40.66112238404207	12.488322717622081	264.1658442826087	11.96551724137931	
3915	0.906	259.0495796877534	0.40854731555939205	108.5759963991713	250	39.05997722348839	12.536423841059603	241.91611692737408	11.957446808510639	77	0.966	282.45614035041564	0.4261124141558919	123.4732559059204	250	40.41377012182011	12.51552795031056	297.6932606477555	12.058823529411764	
3925	0.928	267.3581100543537	0.44654063608804995	107.83708570939423	250	41.41472090336467	12.54094827586207	255.312971502614	11.555555555555555	70	0.962	275.707898658446	0.42295929988237735	129.1021718380087	250	40.725704121234486	12.492723492723492	287.1066965490221	11.789473684210526	
3935	0.908	262.86839210235394	0.48369888875098827	74.10044118529231	250	42.495902878156095	12.944933920704846	179.30095500809048	11.282608695652174	127	0.912	254.72014300085493	0.42794322818993885	118.07392489083435	250	40.07805419695806	12.697368421052632	256.77234274218483	11.704545454545455	
3940	0.924	270.1596397871138	0.45861977711194624	101.54895359430107	250	41.367305831583295	12.716450216450216	244.29256973104205	11.947368421052632	279	0.986	293.4174503037467	0.46012158985402	116.6648960882167	250	43.25574040733333	12.586206896551724	282.76563467543633	11.571428571428571	
3945	0.862	234.43024204493395	0.46183119138114304	99.01573844297434	250	42.017992160142455	12.844547563805104	199.74433408850308	11.898550724637682	24	0.968	285.5962707269983	0.4268256192842974	118.16941242231876	250	40.37377453226617	12.452479338842975	287.41670386671916	11.6875	
3947	0.744	212.64433520056664	0.4443036624191748	86.57253913745205	250	40.965846673398	12.846774193548388	181.6727547130879	12.296875	265	0.982	288.75558692107643	0.4516353470019452	129.2077049406003	250	42.35908289202498	12.641547861507128	291.7092714967618	11	
3948	0.972	279.8571922146386	0.4585920334876395	108.91335593889723	250	42.058369105997585	12.724279835390947	230.78399263047868	12.142857142857142	268	0.986	296.54135338306406	0.42514625334097933	122.60341627782468	250	42.293294005333856	12.2920892494929	342.4174327007855	11.857142857142858	
3949	0.984	305.1352021834292	0.45477943150557915	100.62021561573414	250	42.72018641693503	12.613821138211382	251.87481553522363	11.375	214	0.962	303.96865520740977	0.42969775829087536	108.19276485307712	250	40.75700456649168	12.401247401247401	260.6482313234636	11.368421052631579	
3954	0.932	269.1619014608428	0.453065288321288	97.46986826112547	250	42.81035639929788	12.641630901287554	247.27105739143772	11.794117647058824	113	0.962	281.9956616054255	0.4306599595626745	131.34398474036365	250	39.931181882116505	12.496881496881496	271.4712504686566	11.789473684210526	
3964	0.95	264.81574399257	0.45030634673204334	96.12527813981306	250	42.23099372020037	12.682105263157895	219.94293002463468	12.04	79	0.978	285.7977790760773	0.434754016583681	115.05053798883931	250	41.77209286751867	12.462167689161554	296.20256380807905	11.272727272727273	
3984	0.94	249.31041799318464	0.47036283074455737	108.16756736624981	250	42.84988819871043	12.75531914893617	225.96855460911155	11.6	18	0.976	276.15867805995657	0.4392361139543516	125.35497148611151	250	40.77346811017225	12.495901639344263	254.8955502850673	11.833333333333334	
4003	0.97	288.38149601644466	0.47965843829054405	105.22826554445841	250	42.38061010178072	12.775257731958764	229.0864130172579	11.4	299	0.992	289.80426526419086	0.46478092047500286	110.17067938772684	250	41.66834878879251	12.647177419354838	273.67913052204665	12.5	
4023	0.95	274.5982194471797	0.4870119242461592	87.49023575691845	250	41.193665744024216	12.833684210526316	195.53440466336093	10.36	123	0.944	266.185427475792	0.45621467992791476	107.09150149263087	250	40.49503342960052	12.64406779661017	244.72158593283476	11.928571428571429	
4062	0.958	258.8349724411497	0.454655260182206	100.63557239971894	250	41.65228441694753	12.705636743215031	242.06291805563313	11.095238095238095	6	0.974	263.4141064474685	0.5049257842963055	101.7699948188662	250	44.129839007625996	12.901437371663244	220.681146568432	10.461538461538462	
4081	0.978	252.6740040302476	0.512323793385162	101.70408634283551	250	41.7302928520816	12.993865030674847	203.49449938077927	11.363636363636363	104	0.986	272.24032249152276	0.4916693368481242	97.0362642391892	250	41.069534664144456	12.801217038539553	219.33905028258064	10.142857142857142	
4091	0.944	262.51390433831494	0.5546832129487126	91.56795300911455	250	43.96372557316701	13.345338983050848	179.3188171124877	10.321428571428571	125	0.978	263.3704960413373	0.5266352300633576	104.72632976783778	250	42.64801017077772	13.130879345603272	212.93141387960878	10.909090909090908	
4101	0.91	228.74666934765446	0.5769986633423506	83.53240967824273	250	43.28409487476857	13.558241758241758	159.13417037130085	10.4	98	0.952	250.22341376208257	0.5149679756236423	90.44965780683526	250	41.2852538112954	13.096638655462185	180.217299264146	10.958333333333334	
4105	0.96	250.67892208081182	0.5288439786710393	92.18261452704016	250	40.73859096372809	13.208333333333334	183.7781264716502	10.75	291	0.936	248.47358640829782	0.5465513975005318	93.61228727224018	250	42.206799113930224	13.320512820512821	177.23358818538864	11.75	
4107	0.944	258.5876294307224	0.5510961109429683	90.25549752026811	250	42.31629610500206	13.336864406779661	172.15279487937016	10.178571428571429	292	0.964	260.6532554617295	0.5175012642049651	93.96540714647635	250	42.506748555605014	13.074688796680498	180.54702352452702	10	
4110	0.864	222.1650809979385	0.5865218389265943	90.46001564934885	250	42.20300858083786	13.872685185185185	149.57180274352166	11.897058823529411	141	0.948	258.6912623481252	0.5033776949632058	94.24360572538434	250	42.4798366908918	12.90295358649789	213.71191868260885	10.653846153846153	
4112	0.968	262.2169249102209	0.5345738418127626	92.56134314155986	250	42.79317594014154	13.22107438016529	179.94571569134547	11.375	243	0.976	258.14642403771455	0.5345453072303832	87.65292551455671	250	42.92762957327265	13.260245901639344	169.0097388502284	11	
4115	0.986	252.8983276908705	0.5567916810287554	105.74435297621513	250	45.46467260990653	13.294117647058824	198.08020227625897	10.428571428571429	151	0.974	252.97387148713736	0.5087062704567515	106.23978239694297	250	47.75448244769967	13.010266940451745	196.16676577787982	11.384615384615385	
4120	0.974	239.500344250978	0.5413903465517088	109.4690858848643	250	46.77683545661477	13.158110882956878	216.95194157980671	11.384615384615385	99	0.986	257.33375091360665	0.5012905597756043	107.76566862777747	250	47.577818359477064	12.864097363083165	231.74251293189266	11.142857142857142	
4130	0.946	234.6579352086178	0.5369895415552864	88.16198560046035	250	48.86812632977475	13.363636363636363	177.8772885319756	11.222222222222221	294	0.95	236.6716492275383	0.5220829261083455	91.5481701991223	250	47.623967682656996	13.282105263157895	192.26834338969033	11.52	
4135	0.97	242.93728711680743	0.5104456106736597	97.38785443884362	250	50.79580385355211	13.065979381443299	198.2153082513673	11.466666666666667	295	0.934	227.37231608171427	0.5095092497967043	92.47920245702974	250	51.45622464928815	13.113490364025695	178.5782448525982	12.272727272727273	
4140	0.994	227.1065618717813	0.5660333524878378	110.56350437223112	250	57.940695722540156	13.46881287726358	200.89968784689918	10.666666666666666	97	0.978	236.7809413130886	0.5056705190501654	105.89636110470784	250	56.566722980385464	12.952965235173824	215.3059323685138	11.818181818181818	
4149	0.98	228.40628350345534	0.5122434292433348	108.13550996467812	250	60.362674644994854	12.922448979591836	221.34042720326062	11.5	199	0.972	223.39692024846985	0.5150810521109225	102.80359864658791	250	60.96637196673679	13.12962962962963	205.21951428478508	12.214285714285714	
4159	0.956	206.31015581182422	0.5264087335449398	107.70695017591834	250	58.80665785138952	13.127615062761507	219.04629910977627	12.136363636363637	103	0.988	243.7339648707826	0.5140122050160153	100.68723092009887	250	57.84402350967373	12.878542510121457	217.6818477011646	12	
4179	0.944	199.40853400912775	0.5171488857042391	101.76961578738066	250	61.74565827015109	13.23093220338983	216.8535054062301	12.071428571428571	102	0.972	216.0096004264375	0.5282127156310155	111.03547421423252	250	64.52621425751224	13.170781893004115	230.37721244285402	12.071428571428571	
4183	1	228.56098006936335	0.5475664088491491	132.27198702168076	250	61.559174231818375	13.074	228.62669719550695		266	0.98	216.78538247152753	0.5278372757694486	116.6134007355227	250	63.699503639223416	13.112244897959183	217.78091268539504	11.3	
4188	0.998	235.58849912661069	0.46969931910990526	121.40986780281821	250	67.03836827615356	12.607214428857715	301.71541492868346	11	158	0.92	199.5142262318157	0.48838625426860716	111.98532049715779	250	66.91256925234475	12.889130434782608	243.2851497489521	11.975	
4198	0.996	227.6675505167138	0.48892183786762117	119.1688267978213	250	73.86945060314699	12.686746987951807	277.8095554606834	11.5	156	0.998	220.83554611423364	0.4972924689165996	115.19513930407567	250	68.75040639568499	12.763527054108216	271.0071359779361	11	
4208	0.99	215.6674799581342	0.49252321213410366	126.88894747495968	250	70.42573985533872	12.703030303030303	270.7119911907381	12.8	261	0.998	217.8183246759004	0.5363313280102743	122.93082520176252	250	72.90765355730265	12.905811623246493	251.20921838121228	10	
4218	0.97	191.61629331119713	0.5258026257146936	126.34295881464973	250	81.91006310257285	12.991752577319588	241.49537723452215	12.066666666666666	32	0.964	192.7229108356478	0.5130395685390192	122.8999585586066	250	78.34412910747851	13.004149377593361	242.7424328049834	12.222222222222221	
4237	0.984	203.49919344816578	0.5071320137631116	154.1086040270403	250	80.61985038657757	12.778455284552846	271.295874393723	12	154	0.98	193.80611478054524	0.4971912439634535	143.7331906946173	250	83.73908013521704	12.812244897959184	259.0941997892096	12.3	
4257	0.998	205.23155383718534	0.5311283248952713	158.51928618449338	250	89.8587807683993	12.765531062124248	262.7119831234899	12	90	0.972	194.31450161918983	0.49249601866704285	142.17124689828998	250	82.6314444012575	12.679012345679013	260.8066731305091	12.142857142857142	
4296	1	204.29009193037132	0.3893176490176503	130.5791498281125	250	99.17278712472425	11.482	360.32709054389574		72	0.996	198.6834230999863	0.3884611038225509	129.3836819057748	250	103.38628478491049	11.590361445783133	331.23654952015676	11.5	
4335	0.998	187.72101422028382	0.35974709992746173	125.09003181839691	250	111.23565609967761	11.723446893787575	401.12997502670635	13	269	1	190.20808764806705	0.3565617715617724	137.76928601761136	250	109.92439716338333	11.722	394.0377691745896		
4375	0.994	167.99621416964172	0.41713668723669917	121.96469139438464	250	117.36438625255458	12.340040241448692	337.1697975231117	11	5	0.996	169.90788126915766	0.4139863684822933	128.6260325652911	250	116.78539754739678	12.27710843373494	354.7998840624273	11	
4414	0.998	180.33971810625985	0.4155483461094683	138.35249898769467	250	116.0867630499876	12.202404809619239	426.973597475046	12	107	1	173.37633066329445	0.4034030802530807	134.8940111614288	250	120.46476058967082	12.214	386.939733915647		
4433	1	180.93652746617477	0.3946852813852816	149.9421042221411	250	121.75929720904087	12.184	442.1573277570948		157	1	173.49665151460334	0.3936015651015656	149.02134172464122	250	123.0811835768398	12.108	455.2075388558205		
4443	1	176.4353011749707	0.44339914350355475	122.42004062751757	250	116.56941301269761	12.266	374.14728662276985		250	0.992	169.87464894857573	0.417774597714114	121.93144122193107	250	117.47244313448113	12.195564516129032	394.6127526277842	11.25	
4453	0.972	170.49042306873326	0.4307757057757059	127.21291694275907	250	119.42494424594393	12.390946502057613	350.6544373600181	11.285714285714286	84	0.982	166.95569383534476	0.3964709764098774	140.7404046414484	250	121.08508556293286	12.209775967413442	425.83153367776254	12.555555555555555	
4531	0.968	169.02392177386892	0.41511604786398165	125.25864397915849	250	120.34709744379374	12.349173553719009	317.02224046721466	11.4375	83	1	171.83902120492422	0.4003205461205462	136.33305198098566	250	120.35498868735426	12.18	438.85750780929		
4540	0.968	165.28925619823144	0.4221423892911499	124.3908145128938	250	115.57640049841793	12.458677685950413	327.22709779977004	11.5625	287	1	180.20615584224728	0.41654237429237456	136.6549035034056	250	108.56651636709645	12.262	380.43644099424347		
4550	0.99	170.9431225609831	0.4050351668533488	138.76892274859557	250	119.43505465822588	12.191919191919192	399.95253062689204	12.4	140	0.998	174.2683523085423	0.433831006511662	121.2846058338378	250	117.20783695291793	12.294589178356713	393.8303487552588	11	
4570	1	172.64001104900686	0.40201581751581783	138.2143465289522	250	121.07024012120692	12.156	447.38423981788975		91	1	173.641257162751	0.41050502830502833	140.38050823119238	250	117.92091888580167	12.202	381.59622736482106		
4609	0.998	172.04523513984637	0.40073854001709713	140.50600219614293	250	120.35822035020233	12.23246492985972	397.3542964243253	14	85	1	173.45452022474942	0.4236440226440225	126.528576911078	250	118.76612433851953	12.266	358.42093127947453		
4648	1	174.52006980792865	0.39922740592740624	138.25188532184276	250	120.31259574253878	12.21	455.4601220684845		169	1	175.62346329482546	0.40822475759534615	140.92455978760117	250	117.1179027019702	12.158	404.8900480726436		
4667	0.988	168.00435314925667	0.3992807209659439	137.43525638765203	250	119.6039706636196	12.226720647773279	367.7883880517132	12.333333333333334	253	1	172.68174753936148	0.4107680456798103	126.87751705406234	250	117.30429743789448	12.224	401.412262569322		
4687	0.986	166.430355816524	0.41506797799901246	125.57843770854397	250	119.88875040595363	12.247464503042597	365.49304037992175	11.428571428571429	21	0.998	173.47470884764905	0.4024549098196396	138.1245828174002	250	116.78275647002981	12.182364729458918	401.42860676653584	11	
4706	1	174.82517482513924	0.39626536796536815	147.00008212649047	250	120.17846370556532	12.152	470.01207547812606		254	1	174.72131949532238	0.4007885198135204	132.29936877528812	250	121.27245450730905	12.162	402.026189069913		
4726	1	174.44700300047003	0.4077269064269071	122.64080291962236	250	120.59455230017387	12.204	397.0923056856415		226	0.998	172.4137931033054	0.4110861499889558	125.25068219560515	250	115.41654597965763	12.216432865731463	395.49701689190124	11	
4728	0.996	174.1624116946888	0.4094584130728713	140.86800849539162	250	118.30890208757422	12.174698795180722	428.07075912790697	11.5	283	0.998	173.14365024302677	0.411868025094478	140.73593206241944	250	120.3888769822101	12.208416833667334	402.35767707020017	11	
4730	0.886	144.9702205642592	0.4314797692901529	110.65979491354206	250	117.64875571472233	12.805869074492099	251.30253320541954	11.578947368421053	231	0.996	173.90089744049735	0.4138921653981891	134.03520043869986	250	119.68315994489635	12.188755020080322	428.0769598339301	11	
4735	0.928	157.69439912996694	0.4471756514943364	110.20319012685769	250	116.62063865371196	12.506465517241379	286.67896181084586	11.805555555555555	228	1	173.7257218302702	0.39996660006660023	139.1487368308883	250	117.86910316532419	12.136	447.9659909863457		
4745	0.92	161.01368616338817	0.4054754213178128	129.68631184890722	250	115.09353865305738	12.445652173913043	300.39405358069337	11.775	227	0.994	173.30962095043563	0.400155511825532	147.39395491413362	250	118.36481260410977	12.167002012072434	407.6670250412549	11.333333333333334	
4750	0.994	168.39466016117842	0.44255675857788535	104.97965886815665	250	117.24190537950155	12.33400402414487	362.6622890194497	11.333333333333334	230	1	173.89489792371324	0.40097402597402615	136.16446312172212	250	120.43517487590536	12.148	477.6696641188132		
4755	1	172.25341923023632	0.44674135864135806	106.79516938468257	250	118.57760666384388	12.32	376.37289608252297		229	1	174.0947075209337	0.4050284382284383	137.90935142788933	250	119.28427600511468	12.18	429.9818183669205		
4765	0.978	162.21595621158423	0.4089182460348103	115.86069606645219	250	121.61379662536669	12.243353783231084	338.2318182318776	12.636363636363637	100	0.998	170.07498295856024	0.42637646156743164	115.15784124784764	250	119.97142451694089	12.312625250501002	343.18463991257994	12	
4774	0.992	178.97737523903191	0.4133061830642475	131.40444276444424	250	114.90065386326339	12.316532258064516	371.5111857678512	11	288	1	172.15259606118173	0.42972431734931693	127.32537305729224	250	117.24863825273052	12.292	377.9563048000137		
4784	1	173.12419930056916	0.45699493839493777	102.27460612318237	250	115.5160769446265	12.334	340.23833335865413		182	1	178.26583000559796	0.4213618714618709	133.1239072577471	250	109.75714355150053	12.198	462.2395829582837		
4804	1	172.73543840234953	0.4423015734265731	120.51788383946577	250	116.34127505837262	12.364	371.53540576213953		115	0.97	169.27855921264245	0.4254057540397747	129.55908438251097	250	115.88365350164769	12.307216494845362	374.32784414599394	11.666666666666666	
4843	0.998	183.0050977372415	0.4468650198610119	88.67046959740709	250	114.34609040291785	12.364729458917836	299.8843151285594	10	39	0.984	168.22813376175608	0.4158714591641427	123.74314344145913	250	114.25920886111791	12.325203252032521	381.2442796023052	11.375	
4882	0.998	170.05179934579232	0.3995153810785076	146.189418316078	250	118.05951541191675	12.146292585170341	409.37911422357934	11	232	0.988	170.88695170880482	0.4196496401708949	127.72918484279298	250	117.3176556567418	12.346153846153847	383.56953605529594	11.666666666666666	
4921	0.99	175.14684028026488	0.4155057064147975	123.72356671662153	250	109.77789548769313	12.323232323232324	392.72650926419584	11.6	48	0.996	174.1076110899414	0.4044638289500092	141.7975444464421	250	117.36602105522927	12.20281124497992	410.2745685597592	11.5	
4960	0.99	171.55928326333566	0.4252980268889358	125.63531288946898	250	119.40363031752693	12.33939393939394	364.94954640931024	11.4	88	1	177.59465795248906	0.40848772893772856	140.7624534081763	250	112.54812000525514	12.146	412.06279335562544		
4980	1	178.1768940204418	0.41950339660339653	122.1197080243526	250	112.30455755605074	12.284	394.3003706391056		142	1	173.24417033369065	0.4373971278721276	122.73131464818894	250	115.84415281915342	12.31	395.7264993387452		
4990	1	174.24638438748156	0.40400882450882447	145.21485387890525	250	121.26013325632697	12.166	434.49419541051725		185	1	172.61021162005287	0.39960809190809243	135.57486034493553	250	120.50515444685513	12.218	436.33343332144955		
4995	1	172.6280900427271	0.4113323343323344	143.0230036325003	250	117.43906489815522	12.198	442.2842562730963		297	0.976	169.5268533314751	0.41388271353766753	128.35681739082233	250	115.37653504300829	12.327868852459016	349.2272383392821	11.5	
5000	0.96	163.43763832629497	0.40559506465756484	132.27704221752455	250	117.77294150781935	12.26875	339.1060737532828	11.6	2	0.968	165.72504708096608	0.41500238741974277	133.37862397279878	250	117.485036567255	12.440082644628099	321.5099969971221	11.5625	
5009	1	173.14218436177418	0.4628413224030868	111.35433905835238	250	116.9756568867732	12.336	340.1220425989267		200	0.988	172.69104383696572	0.4243789948243387	131.73005326685004	250	114.5828376008902	12.327935222672064	366.5810759612856	11.333333333333334	
5019	0.998	176.3063986151263	0.43645812270561735	114.86842092911881	250	116.8576960649727	12.202404809619239	400.2077618841223	11	117	0.996	173.69467406093443	0.41637362509527637	126.89444534250127	250	115.90106911009406	12.210843373493976	397.6978604908859	11	
5039	1	176.4664360838862	0.3984403596403595	151.58704178521856	250	121.47865629188516	12.186	441.4949747033319		78	0.998	177.1639565434468	0.41167433101300877	135.35172994997862	250	110.48376240167124	12.218436873747494	412.88081070551783	11	
5078	1	171.35611227250288	0.4616591442870849	105.4880890963982	250	117.55983331050074	12.32	370.8539330706137		46	0.998	177.6496137277997	0.402769708581332	141.95465226997547	250	113.6212637566748	12.140280561122244	436.11755036425615	11	
5156	1	179.417252763152	0.4345506963624615	110.11634805202709	250	120.72164676719585	12.224	383.5563427048274		36	1	175.83963425361836	0.4209869796869791	129.39315287146155	250	115.01506425475564	12.234	445.6841005496905		
5175	0.998	174.83620055378356	0.42152202120559956	110.96311942423863	250	111.29119495654751	12.196392785571142	403.35155801982006	11	203	1	179.34646149436566	0.41809848484848455	140.2262660751775	250	111.07346338541007	12.242	436.65409382086864		
5195	0.982	170.3264300827942	0.40190301890912866	142.48367280791646	250	116.82153179196798	12.329938900203667	370.0562504320538	11.666666666666666	164	1	178.67352773015233	0.40874825174825224	132.81933831944252	250	111.10603106229706	12.198	405.42837955353815		
5234	0.978	168.9235871216309	0.40519143433253874	137.9055713474996	250	113.41744278695488	12.265848670756647	366.0197399932082	11.454545454545455	163	0.996	173.5191637631366	0.4173012897410493	121.43532955759153	250	118.94323469414357	12.204819277108435	406.0969689827416	11	
5243	0.982	173.18002257350136	0.42347543834305557	132.1888372544787	250	117.02245173135057	12.329938900203667	359.4259480740957	11.333333333333334	289	1	172.33059902123688	0.40994668664668654	134.92985933044974	250	117.06877895437903	12.192	420.2551219916764		
5253	1	169.37669376687086	0.4144775224775221	121.19127556420887	250	123.33618544320258	12.218	408.05302799023144		183	1	173.76798498636737	0.4126920190920197	123.38481469063731	250	119.00661466016626	12.222	398.3849591435047		
5273	1	172.6102116200494	0.42338797868797867	118.71836710644266	250	118.9186522812475	12.21	404.4372195653253		165	0.998	171.9207579672696	0.3964684947650884	138.5526948889501	250	119.40213484067282	12.182364729458918	410.5157664921058	12	
5312	0.994	176.19115144631527	0.4456280984714744	101.16995552372062	250	118.62511240389463	12.319919517102615	306.24962799979295	11.333333333333334	25	0.998	176.27525787765785	0.3986658965616886	140.25342709560786	250	116.84513602642872	12.160320641282565	433.47394657887924	11	
5390	0.998	172.0748991344308	0.3972313591552074	147.83029162714905	250	121.36912130485995	12.16633266533066	455.15995680550014	11	166	0.984	171.23764443814875	0.406530427567013	136.869434410858	250	116.1118238704153	12.270325203252032	405.22431820699285	11.75	
5468	1	174.34359635963884	0.41306736596736626	133.21641728115236	250	118.50873566615674	12.222	408.993537184709		73	1	174.1310858814572	0.4146150516150517	123.8745817136065	250	115.26596158997243	12.194	392.62369677589487		
5546	1	171.8744628922584	0.40207309357309373	132.14822291491387	250	122.37525369643384	12.16	432.0964171571941		80	0.992	170.558096351537	0.39423949706207745	144.18780096362676	250	119.42712763415818	12.129032258064516	418.5717747197741	11.25	
5585	1	173.71365041863305	0.3991634448884455	146.54535444462954	250	119.55125936908149	12.122	421.8981621534481		122	0.988	165.33904545155173	0.39770010691063334	139.6098716429115	250	116.80613479898456	12.309716599190283	341.5995454934864	11.166666666666666	
5595	0.984	175.26985144823146	0.42185230081571523	121.20749644046948	250	114.38685630996895	12.268292682926829	393.29204526761214	11.375	209	0.998	177.8839298444149	0.4147432950038157	120.13377858245211	250	108.11423869786098	12.224448897795591	376.92370598667725	13	
5605	0.968	162.04633721715547	0.43805105878969536	112.91713668910822	250	118.0282248010294	12.46900826446281	300.92532642083637	11.5	201	0.99	167.39373034393913	0.40375325011688695	126.0225671848062	250	115.7805874621748	12.218181818181819	387.64541522886867	11.2	
5625	0.982	169.87855931915382	0.4124001931537575	116.32801406886115	250	114.41682511668478	12.20366598778004	399.86929602435	11.333333333333334	15	0.988	164.01606959054018	0.3929480438589754	130.19940877769747	250	115.88966410258199	12.192307692307692	375.140430526973	11.666666666666666	
5644	1	171.40898183057269	0.4217003330003332	114.18780211689034	250	119.46809319053351	12.188	452.8990484005815		237	1	174.4165765515233	0.4025133200133206	135.63014935192794	250	114.28520760814713	12.164	430.7644195461686		
5664	0.998	171.35400570026601	0.4155116259825686	114.79889184848778	250	120.65403093176702	12.198396793587174	408.30414047800934	12	219	0.998	168.68936141442938	0.4133307685411896	130.14836909233028	250	118.2423405753868	12.248496993987976	389.55069033119366	11	
5703	1	175.42628587462815	0.4148092525121939	128.64470242765532	250	120.7727115692136	12.198	395.04870885502544		217	0.958	160.63044936285627	0.3975313482620375	139.38599119421295	250	121.51774562166374	12.254697286012526	312.6958627826096	11.523809523809524	
5781	1	177.41191498428068	0.4284118881118879	119.09605629529051	250	109.87713300384516	12.238	409.23459352216094		216	1	177.14164245711305	0.4065070929070931	130.39850292521277	250	114.59555752814897	12.128	426.0107367026459		
5859	1	174.9046769510218	0.4191543206793213	119.49046120799237	250	117.67817512224114	12.188	369.9026780025482		218	1	173.130193905873	0.3999377289377291	147.57272938882176	250	120.64225428152581	12.156	440.25725898330523		
5898	1	174.47135180405928	0.3990535464535469	144.090548945523	250	119.19896197448378	12.134	443.93806174523684		220	0.992	170.20108434566154	0.4040725739314452	135.473442515714	250	120.94587234972897	12.247983870967742	434.72263429079186	11	
5917	0.994	168.87529731570436	0.3936264942301164	149.2712491015182	250	124.41687800522652	12.14486921529175	447.0469846655508	11.333333333333334	238	0.996	171.12225963861138	0.3965991839485821	143.53829703299346	250	117.93348871141728	12.180722891566266	414.0870896960295	11	
5937	0.984	174.97066040751594	0.4216063182526599	113.60129904751462	250	121.9195816668798	12.25609756097561	344.1624310033901	11.375	33	1	175.60495908396987	0.41010872460872466	134.54007598093548	250	114.53025211247089	12.176	465.29427697591655		
5956	0.978	165.68408213062412	0.4414549663015919	114.21386034606994	250	117.31392853249821	12.404907975460123	334.3414337201463	11.636363636363637	239	0.998	171.20702669319428	0.41240092572757875	125.0235063521882	250	116.00547897899939	12.190380761523047	416.0491890449515	11	
5966	1	172.3900151701885	0.4058366300366305	145.1970830651024	250	118.89170655867572	12.232	426.21417865376293		284	1	173.79818554699074	0.418631701631702	126.66662970250268	250	117.85973613508878	12.144	403.4242104210204		
5976	1	171.33849633335208	0.41998747233158973	125.7019394559106	250	120.98896852005419	12.244	389.36025730574704		108	1	180.64889081571616	0.4205324009324008	126.84525932074752	250	108.59680103490255	12.264	440.33487433279237		
5995	1	179.5396603108111	0.4028360972360974	148.6632113276807	250	115.63396559872423	12.132	457.2533061828549		119	1	173.93724344239124	0.3921241425241429	162.6491085217823	250	122.88154445762565	12.132	454.6668355277525		
6005	0.99	171.30991521018188	0.4196904274177003	114.36995074329137	250	116.5041679319078	12.18989898989899	393.53235377599896	11.2	197	0.998	169.6067434825277	0.4043019438811022	135.14680506197752	250	112.14886581784633	12.152304609218437	357.58775840992365	11	
6015	0.962	157.42619624265964	0.4033195667811051	122.54725428685782	250	117.00704566891085	12.32016632016632	303.8878764220493	12	101	1	172.860847018053	0.40210422910422905	141.93958138035117	250	116.05759127695222	12.182	433.7169438527287		
6034	0.968	168.05555555549444	0.4176882948318899	128.18947398101062	250	118.25442736310909	12.332644628099173	334.3256052915873	11.4375	190	0.998	171.77871871657408	0.4184838374718131	123.32298092958106	250	117.67816222212723	12.192384769539078	390.68929081138447	11	
6044	0.998	180.64656264717303	0.4084864367429494	135.07723036762562	250	112.02678302734867	12.134268537074147	450.403603996243	11	210	1	173.35829692806578	0.40583484015984034	131.66295399143848	250	117.5556540779533	12.108	389.8660223561747		
6054	1	172.6280900427271	0.4405085359085353	117.1465255168102	250	117.18592014923003	12.248	361.87153221104154		189	1	171.927652843576	0.41294765234765246	127.02679087054402	250	117.19390451696744	12.222	408.993537184709		
6063	0.998	171.52481781922472	0.405380457885468	124.48922198835875	250	123.38320340053647	12.2124248496994	386.59709915132873	11	208	0.998	175.02016765459803	0.4288145471762704	122.54289683155395	250	112.41981925361881	12.274549098196394	379.5429917694049	11	
6073	0.966	168.24578514696051	0.4177218226907671	127.14326474730363	250	119.10161273202084	12.387163561076605	342.1004658945121	11.352941176470589	191	1	177.22954771028492	0.42132464202464215	122.91428023785934	250	113.03909227764427	12.258	410.7898331126518		
6093	0.972	164.45587439108817	0.4331112988520393	124.60786488628625	250	116.37160017301794	12.508230452674898	308.9896744286784	11.714285714285714	56	1	172.46731744320044	0.40032438394938397	155.49855115682547	250	120.83479228229466	12.198	403.641539860456		
6112	0.978	171.33847231958995	0.4050161239578421	131.88712357879493	250	117.21424470056542	12.177914110429448	418.6316552808738	12.181818181818182	155	0.998	175.21682643347518	0.40943282669234643	130.65939087761384	250	114.67163565715116	12.196392785571142	414.46762526959577	11	
6122	1	169.98130205672666	0.4284334332334329	117.60958109291796	250	117.98408025151946	12.22	409.44067132875347		285	1	173.16017316013128	0.4258733266733264	125.44622996062854	250	116.98807491753045	12.216	419.9776320606855		
6132	1	177.41191498427335	0.41363605561105554	126.50491846533315	250	119.93746981030037	12.222	405.3637425766887		95	1	173.08824038497895	0.40676806526806536	142.07095215769883	250	122.769701803405	12.184	412.65634967357903		
6171	0.998	170.972384019684	0.40163359475668314	131.87793920058166	250	118.90295104264234	12.190380761523047	378.7502025978461	11	59	1	177.73985994079325	0.41648654678654645	135.60932469006016	250	109.35721452577377	12.204	421.0466425013438		
6250	1	169.96974538535605	0.4203823691014868	118.75315666481451	250	121.09862171744273	12.178	383.44493663203394		11	1	178.9356905129758	0.4147800532800537	129.92029684215177	250	111.82361173422922	12.192	432.8298437677066		
6562	1	169.62377446819363	0.44902238039738	107.44591408172683	250	116.22619219108788	12.332	316.9771138563596		19	1	172.04597068352098	0.40840479520479495	125.75874485555406	250	118.62504615007394	12.168	417.1253324673835		
6640	0.996	172.13964742481852	0.43000117254192394	117.48278315623327	250	115.4780607215137	12.29718875502008	361.3824142357794	11	221	1	174.01593986013066	0.421734665334665	133.63938462516597	250	116.02866068970097	12.262	423.5683728057736		
6718	0.996	174.82271993274995	0.4044592288568196	123.78553810457495	250	113.60620888181958	12.19277108433735	379.11282508674697	11	26	1	175.48785624030802	0.4330881451881452	120.42857505014435	250	116.2114029032816	12.208	388.1082881079575		
6757	1	169.54899966086853	0.3975934731934734	150.0343322073907	250	123.59411776127523	12.208	434.7200868083762		116	1	174.7091093329663	0.41263812853812903	126.93091774266225	250	116.21140402123908	12.172	453.71568464180257		
6776	1	171.9217412234474	0.44466896436896425	119.20792527833385	250	116.27081059324799	12.316	349.01086779305814		172	1	173.60508315670293	0.4008960372960378	148.8356582769484	250	120.53406579670329	12.176	457.31775951783294		
6786	1	177.84733584676025	0.41729418424712567	123.99557689146924	250	113.75545052874892	12.158	394.4850831742233		267	1	171.64435290076213	0.4124165834165832	130.26879945785316	250	118.55642245840095	12.206	430.91908895628103		
6796	0.976	166.43929058659063	0.4200450079292296	129.27823415606994	250	117.10827053808902	12.33811475409836	326.24417097010377	11.666666666666666	51	1	172.67578394806745	0.41806949716949743	133.47647453296898	250	117.61241750869574	12.214	368.1309733190783		
6815	0.992	170.38232970369293	0.4379991954203285	123.89420363888344	250	121.2248545091828	12.330645161290322	340.2635227307827	11	173	1	173.72572183049505	0.4195198468198472	124.05400980287592	250	117.83512101258114	12.176	420.7650492470737		
6835	1	171.92174122323408	0.40584086746586767	153.40214365592186	250	122.12918494379967	12.146	439.3053661675972		130	1	173.60508315691342	0.42303006993006975	125.44772114491913	250	118.40095001313782	12.178	439.52165390951245		
6855	1	171.29740655722918	0.4487928404928403	118.85926345667285	250	117.62900806953456	12.388	401.76946601591624		131	1	169.1474966171433	0.42259756909756907	127.60177570387606	250	117.45950685304267	12.298	393.99564938083955		
6865	0.998	178.39267839262197	0.4101829700026093	129.32474528667984	250	110.57122344922955	12.142284569138276	449.58634512183846	11	186	1	172.05189085026115	0.4045126540126547	144.37582347803618	250	119.39645976081208	12.218	425.57075857466725		
6875	0.96	160.02133617820024	0.4142432220557227	124.36552342474312	250	116.99289097675326	12.197916666666666	344.172175439742	11.85	12	1	172.82499740777246	0.4188648185148184	120.77569057907792	250	119.4072702306483	12.24	412.5358434858554		
6884	1	173.130193905873	0.4021461871461876	142.4353464027033	250	121.78186916924227	12.154	434.154594902238		248	1	171.18011571769546	0.420399167499167	126.88437819546478	250	114.33964584725175	12.264	399.0785164202863		
6889	0.998	173.48073981359838	0.40872917997166475	145.27391888940238	250	121.31913975459666	12.158316633266534	421.35692882221724	11	249	1	171.99270750918234	0.3996011988011991	143.6988178733496	250	119.15464862663383	12.162	422.96124365308197		
6894	0.93	155.83109919569222	0.417538062296127	114.91241425432668	250	116.03840872466179	12.520430107526881	276.3112873258519	11.285714285714286	120	1	172.05189085026115	0.41932467532467527	130.69235127003975	250	116.87208399933391	12.274	394.1506687961915		
6899	0.988	170.7806125977056	0.4302044109736414	122.69616704196494	250	114.7160672097175	12.257085020242915	403.43250323333064	12.333333333333334	207	1	174.6175874835022	0.4270363802863802	122.090432143392	250	114.58047453886185	12.256	388.95284890390144		
6904	1	168.8105607887712	0.4188448218448216	126.69724205796055	250	117.12240683249041	12.244	354.9832663349604		126	1	170.8642312818751	0.42061871461871514	124.80396536112532	250	116.95252853643764	12.258	393.4283636472967		
6914	0.998	168.39334525700912	0.46301782719618334	118.4284612566954	250	117.04098613969401	12.45691382765531	340.5541183514442	11	71	1	172.61021162003897	0.40785194805194863	135.10737545377592	250	119.79999031186904	12.21	387.71418841403255		
6933	1	174.5992946187461	0.40397602397602417	147.1132198839863	250	122.32997655794726	12.142	447.98405038654147		74	1	175.10681515722305	0.41879866244866265	124.2362921400671	250	114.79848677482458	12.278	371.2428572027978		
6943	1	182.14272704090308	0.4037587412587414	149.96439946846118	250	123.16618287376681	12.192	430.65554864616905		106	1	171.8744628922567	0.4196421245421248	126.4465996480553	250	117.3788554333363	12.216	397.9228993991503		
6948	0.996	176.25822892346756	0.41045821648231273	138.36526411348365	250	110.79358102220836	12.17871485943775	426.8328999369327	11	176	0.998	170.8377554862737	0.4077179765497582	130.13355360205554	250	122.25156968340788	12.182364729458918	428.55529998244793	11	
6950	1	168.8846855368032	0.3955128871128876	133.49515084427574	250	120.06235605865486	12.13	438.48714917198697		286	1	177.7588168373269	0.4189808857808856	129.1586686053869	250	114.80355431430557	12.19	422.83559117469264		
6953	0.91	156.56722067374704	0.4057937860458876	136.87188289762227	250	111.52405567168206	12.58021978021978	314.96599093977426	12.088888888888889	49	0.998	170.56913348138826	0.40110525256110574	141.47379743460985	250	119.85650635290587	12.214428857715431	417.7121517832645	11	
6957	1	169.65255157424096	0.41371480741480726	132.24773708746784	250	116.12363878040357	12.226	378.7460012995276		188	1	173.6111111112655	0.4112984681984683	131.47005942992735	250	117.55858284254808	12.244	409.84587574802686		
6962	0.998	173.19172566986956	0.40988356444268303	125.0537544810696	250	120.72425322848184	12.200400801603207	388.9951619483948	13	110	1	176.84091391395089	0.4061640692640695	136.84471566759186	250	114.23953911472648	12.18	402.69011974354083		
6972	1	171.30914448201563	0.3993225108225112	137.93126235153616	250	121.91997044426935	12.102	474.7567189255494		75	1	175.50633577866998	0.4020650349650355	144.58513375646487	250	115.91040962462021	12.182	427.24119564606724		
6992	0.996	177.0289005012645	0.4171286879118203	143.1573183762868	250	111.44443795176332	12.25301204819277	389.75988632986986	11	50	1	175.89530711320046	0.41767882950382956	135.43946958391697	250	110.84221701293508	12.212	405.7767009955525		
7031	0.998	170.86115391199115	0.4324113178071092	122.03423816784007	250	117.96797222483596	12.288577154308618	373.5109797018068	12	44	1	175.26026148821575	0.420030969030969	121.78912124647962	250	112.08532543303063	12.204	411.33000886026844		
7109	1	173.12419930057092	0.4037157842157843	137.31703677906074	250	121.75288788880398	12.144	476.64893913194845		86	1	172.8728001936426	0.42404632034632034	124.57495735375804	250	115.49216504452578	12.224	401.412262569322		
7128	0.994	170.71411396971516	0.4022264120855665	154.3704817211517	250	122.11321388569104	12.201207243460765	417.73388213248836	11.666666666666666	275	1	173.19016279883684	0.4069112221112225	137.55328942536457	250	117.54430577446645	12.208	408.51585926951986		
7148	0.988	164.8700063412156	0.4059548076754556	133.68407484289008	250	120.95652806991845	12.226720647773279	395.225766661367	11.333333333333334	124	1	174.00382808434475	0.400436863136864	152.62230384772153	250	118.90501478495462	12.148	463.4963608418513		
7187	0.982	166.79122222971893	0.3987445005774946	133.7636180729179	250	125.73260300698335	12.152749490835031	394.7645389051282	11.777777777777779	22	1	166.24551137113636	0.4030150849150852	136.6970755774818	250	111.11771878577152	12.214	400.0543710289776		
7206	1	170.03910899524388	0.44505235875235805	118.95357061759091	250	117.42174460580651	12.234	357.48586933581373		225	1	176.41040115710442	0.42245461205461166	123.31564498953526	250	111.18134054864412	12.238	392.00877703080585		
7226	1	170.05067510127174	0.39454778554778613	152.91169009821385	250	124.36296211900076	12.178	456.55818281668104		223	1	170.1085292417613	0.40252422577422586	144.9958161640966	250	120.72608044722216	12.166	453.47431977654037		
7265	1	175.4139769857206	0.4229299284049278	130.1119031181787	250	113.77222820685171	12.25	450.94436094341694		222	1	175.48785624030802	0.4303464692170574	125.23619778075629	250	113.83094373088606	12.176	396.7552204001645		
7304	1	168.46928804880721	0.4333553446553445	129.09586249976547	250	117.27189322610988	12.298	387.65575347645057		224	1	172.34247897419266	0.40732302697302686	139.12519963533663	250	116.82494619820271	12.148	395.3912451088067		
7323	0.988	168.35934837436668	0.42166835357624805	128.59722234613486	250	117.47648848379426	12.331983805668017	370.30233130494554	11.166666666666666	255	1	167.85846174508544	0.40291974691974713	142.13998094160107	250	117.18621916169772	12.204	429.33608391248265		
7343	0.986	168.2938485698305	0.4161838956493538	118.18342210093276	250	119.9686978190423	12.294117647058824	343.3480101015158	11.142857142857142	23	1	172.4554202740088	0.4085337329337333	137.50431041406796	250	113.67762526262794	12.178	446.5861753599445		
7382	0.982	165.41454704730717	0.4258956250809611	124.40954619941091	250	114.54030470749792	12.30549898167006	342.36692835731844	11.555555555555555	152	1	155.89922673980368	0.40891911421911437	129.1408345180279	250	110.67303131048642	12.21	436.3697027602292		
7401	0.998	168.13801469109345	0.3969194466188457	142.9867237325926	250	121.3898369523035	12.142284569138276	408.7041575647507	11	204	1	156.95630336511562	0.41388523976023966	132.9584262906265	250	111.31078668385662	12.172	453.71568464180257		
7421	1	183.22400967410107	0.4294755910755911	124.16361453133501	250	109.17161606739612	12.16	463.74820367438474		38	1	172.26528854434451	0.4255144105894102	118.59376724308869	250	116.96002752345316	12.216	371.8933097122283		
7460	0.994	167.82036130332264	0.4183528744896957	128.48800557619515	250	116.34444579382091	12.241448692152918	389.48253094879266	11.333333333333334	52	1	168.367175135459	0.4134348318348322	129.49036914288936	250	118.5794416995764	12.172	441.56306758322125		
7480	0.978	167.49443397842262	0.4015052432230347	140.47888158438337	250	119.20661900953189	12.314928425357873	374.50897948956265	11.454545454545455	82	1	166.3008048958519	0.40677698967699	138.20523429657615	250	116.78402897089887	12.252	423.6596608120388		
7490	0.994	166.0541262945649	0.4095659538315468	127.47597786455573	250	121.96566998901696	12.201207243460765	425.93037383919125	12	160	0.998	161.76613609087366	0.40763127987576897	137.017407046385	250	117.63086284879321	12.210420841683367	426.8868060692325	11	
7495	1	170.2069716774938	0.45980201903359735	110.15505947733448	250	115.67282490661057	12.358	327.32918089563697		212	1	152.12364609947213	0.4133607177136591	131.58319319399874	250	115.12600889475112	12.184	418.48040112728455		
7500	0.93	152.24437678028772	0.41878918467153753	119.80936285006497	250	116.36415011252619	12.655913978494624	291.1005168998359	11.428571428571429	9	1	157.743635044224	0.41043016983016956	126.34824149116565	250	107.41929937809596	12.148	423.3285510121755		
7504	0.988	169.84700017182834	0.4077295967507922	140.2981349383225	250	116.11613003366588	12.246963562753036	398.229819007543	11.166666666666666	215	0.998	174.57318779731796	0.41925422606785356	138.7259613868414	250	108.0647914395121	12.200400801603207	415.3720095740709	11	
7509	1	169.61802021857923	0.4268039960039963	125.49678415825818	250	115.85469843710975	12.208	404.89046490514426		132	1	167.89228031294596	0.4134794039294042	137.8839182695716	250	117.44409146979332	12.208	414.14130806997895		
7519	0.996	165.75688989493204	0.43369613692080017	108.93532167697262	250	117.23216100506458	12.325301204819278	365.23142179650716	12	81	1	158.24287115864496	0.41686227106227103	132.2230758840841	250	107.40105739156671	12.182	431.5257540943223		
7539	0.996	156.51026116473324	0.4135780354773977	129.00150861046203	250	117.14363262902764	12.21285140562249	379.7789774924199	11	58	1	153.3601202344197	0.4001890193140193	131.56019494642638	250	112.11780286064834	12.196	402.34401362199617		
7578	0.988	165.43317370472727	0.40112000010785487	117.34007885689557	250	117.25947120669373	12.1417004048583	355.14471761570854	11.5	34	1	153.89824248196499	0.4023836829836829	132.3668254990768	250	114.6260687526015	12.142	417.1900595601741		
7597	1	159.2711751027866	0.42358940007361007	115.71949887001576	250	114.69387774387761	12.224	374.76849193673036		276	1	152.9566520848362	0.3999978428434318	129.67447068679837	250	113.22641765076989	12.156	409.1153565668095		
7617	1	170.3809718530344	0.4117008574758576	118.49036457022123	250	117.4494011338272	12.13	398.63808071565137		170	1	160.1640079440846	0.4248261606041015	122.71441470331627	250	115.06190197958254	12.278	357.10033115308227		
7656	1	170.14326062551672	0.4059029165279173	121.19611216603903	250	123.65892407191333	12.182	373.8154171390231		31	1	153.66648226678677	0.4070534881784877	132.15826499309415	250	114.16130459013655	12.218	425.57075857466725		
7812	0.998	167.95691686313742	0.4072226926936355	121.87992959412699	250	122.45020035757257	12.132264529058116	385.7878263003605	11	29	1	154.08795340374098	0.40409670329670383	138.06529253354773	250	116.41334726539732	12.12	393.0178870233114		
7968	1	156.73489859253033	0.4071663336663345	126.65610672617056	250	118.33515394865563	12.196	417.19617027301257		40	1	153.808293343263	0.40206293706293733	145.2007406423502	250	115.29844873550927	12.112	455.9276432878858		
7987	1	167.59963798479242	0.39229713619713624	142.32946992452304	250	119.34778962274703	12.154	423.4405889120215		205	1	154.14971019863998	0.4199121295371294	131.10429187769302	250	111.75371875474784	12.27	428.1001366220267		
8007	0.982	167.2514221481451	0.4261796418110064	125.77130145787038	250	115.88309946090956	12.393075356415478	326.87352967733966	11.333333333333334	153	1	153.80356209053548	0.4078120629370624	131.21843460624274	250	114.81418917692551	12.13	400.37848663653637		
8046	0.986	152.12762674737954	0.4041653410821771	144.74287111975087	250	114.33984623982448	12.20081135902637	378.8030302122381	12.142857142857142	60	0.996	150.60332053116178	0.421442178972299	122.78288150940121	250	114.95216891202635	12.210843373493976	419.9261395291435	11.5	
8085	0.994	154.34303282495708	0.4091329193944889	139.00452758434523	250	110.72442097025746	12.271629778672033	389.39963625447643	11.333333333333334	150	1	153.88403299281606	0.40795529764353367	128.71069522441184	250	109.9476745237452	12.16	378.35426893475443		
8105	1	171.44424633098225	0.40505474525474533	135.47345600335737	250	110.08822182010702	12.226	421.53371316484663		177	0.996	158.64925135396967	0.40094560727090883	138.13470978502767	250	118.73703938989499	12.146586345381525	468.1290093978987	11	
8115	0.998	155.49531021158694	0.41494070391865995	120.54408039881743	250	112.22900542724011	12.236472945891784	401.72687004027205	12	251	1	153.9361472860682	0.4146695970695965	127.64795323223922	250	112.41331488381405	12.198	437.6865341814451		
8125	0.972	154.92508766343158	0.4014698264698272	132.64351718979236	250	115.28701416012618	12.343621399176955	332.78968576430117	11.785714285714286	27	1	154.7029702970297	0.40835717615717576	147.80628387573762	250	111.50611891233758	12.192	412.4563458878133		
8134	0.99	151.7473942367188	0.40851256487620136	125.59727487333106	250	111.02871813095902	12.244444444444444	402.87254367119425	11.4	260	0.998	155.59227962958997	0.41079264756619466	130.72578553347765	250	109.74319282113393	12.196392785571142	442.09258463763274	11	
8144	1	155.63717860927807	0.43095872899030807	113.99293777982817	250	110.56742817545651	12.276	372.86045804692463		174	1	154.59773668919274	0.4083363303363299	135.42208255981978	250	110.48337022638835	12.158	441.8616122318961		
8164	0.996	150.77202543143127	0.4253520910147416	118.57458069475074	250	118.09881764429717	12.273092369477911	393.03258470723637	11	109	0.998	153.57626492665435	0.4063274400949747	140.65029269147269	250	111.11177311019807	12.154308617234468	418.5657114766738	11	
8203	0.994	148.1591891488479	0.417833072360235	117.29646478958253	250	114.67277266199024	12.20523138832998	389.90549338644144	11.666666666666666	61	0.998	171.89706844894974	0.42261381737834647	122.98071458722394	250	115.43830655699827	12.128256513026052	455.54226602537534	11	
8242	0.986	152.0760071565322	0.4232182624677554	107.5021768057603	250	106.99283771330818	12.27789046653144	364.31627801738665	11.428571428571429	271	1	150.4709741491225	0.4110506410256411	134.03726364654264	250	110.87227936370263	12.214	408.9613131305731		
8261	0.994	168.37184091069454	0.4141685611504524	128.34687289272745	250	109.14866818161507	12.16297786720322	416.5048860846159	11.333333333333334	272	1	151.05740181263567	0.41704089244089254	120.05642809061669	250	113.57961566272269	12.24	407.0031498911483		
8281	1	154.01201293695664	0.4325264013764018	114.06056482753391	250	111.53981322104543	12.254	389.2753297834519		45	1	153.82248884778141	0.4073749417249416	138.81140791570425	250	108.58012543436377	12.194	406.3931383983224		
8359	1	154.92826821170672	0.42934002664002646	119.15015250946543	250	111.77004072385948	12.206	418.5326936952142		167	1	150.06452774688296	0.41215394605394606	132.68671483063784	250	111.90865513284459	12.18	394.13219207426636		
8398	0.996	150.9456838022425	0.41117434616725895	126.16259148206939	250	109.82094647402758	12.234939759036145	378.9303993214926	11	273	1	149.70508099049474	0.44356313784254897	117.9841759693431	250	112.8017294623174	12.32	365.57084356300214		
8437	0.994	171.8415047369729	0.4085266845830232	130.54272453441493	250	119.44096456130214	12.160965794768611	402.0129691582129	11.333333333333334	28	0.998	151.15257625787834	0.4095979230012	130.93731050586155	250	111.30653235332822	12.226452905811623	378.03827909153574	11	
8515	0.994	155.04601466229636	0.410378144658829	125.51314268485949	250	108.11721954374435	12.189134808853119	400.1994087722716	11.333333333333334	168	0.998	149.63416096915057	0.4015937302510448	148.69124967748286	250	114.70128882095587	12.118236472945892	460.1232557019273	13	
8554	1	154.21151651597367	0.41620989010989046	128.10953754163455	250	108.29193753512112	12.222	418.51257504419993		274	0.998	150.78717553573696	0.40928880738500006	130.35232802528282	250	112.09864345688965	12.150300601202405	430.31142523924103	11	
8563	0.994	148.99868089689227	0.42336153953357175	112.49825080419728	250	112.04926286913505	12.241448692152918	383.2260338055417	11	290	1	149.89806931276888	0.40806886446886503	133.93355776995867	250	114.82233566173423	12.146	419.8995487904941		
8573	0.978	158.49863866192985	0.41811467332939745	121.1888613182167	250	110.14628435374688	12.265848670756647	393.4581276781535	11.454545454545455	277	1	152.55064681468397	0.4179261963526675	120.65322375513523	250	109.20356225949865	12.198	382.37332120792126		
8593	0.988	165.81076091704642	0.4042395189156328	125.85123626017679	250	125.14367320972411	12.244939271255062	365.1188094822163	11.5	30	1	151.74506828519495	0.4113013736263735	137.29492464102873	250	112.45690143482814	12.18	389.2521170569329		
8632	0.98	147.3108258424999	0.4103399321766667	130.77648120318293	250	113.73412349183552	12.230612244897959	376.0517368497612	11.6	192	1	151.48301875361054	0.41296997708174177	130.44659379887483	250	108.72898755056225	12.224	408.55183233991255		
8651	0.97	146.06673894709328	0.4200522844852735	118.99431123536449	250	111.2883516608232	12.367010309278351	346.3480202129468	11.666666666666666	206	0.996	152.30289314338526	0.4073700395989557	132.55964150242806	250	107.01218898589597	12.182730923694779	417.45301653590195	11	
8661	0.992	152.00269682203606	0.41063189162987634	122.45796103896181	250	107.81216443370303	12.1875	357.000841611096	12.25	252	1	151.0482750287013	0.4082944212650092	136.22281744896154	250	111.22928518371178	12.142	452.9640725523016		
8671	0.998	170.01124322836986	0.4235295682940974	120.13668082976429	250	118.97708630395313	12.214428857715431	374.3297935361632	11	35	1	151.6346212167419	0.41068331668331687	135.76186139127736	250	109.31492599900098	12.204	405.8132899185811		
8710	1	148.64583643004647	0.41326520146520124	138.2436020221057	250	115.03962615717626	12.268	393.4483077013005		47	0.998	152.81903653557146	0.4164852432137	133.69143672323196	250	109.05174925597713	12.200400801603207	385.8448404999381	11	
8730	0.992	162.6496146910742	0.40456636777201327	129.27365384707429	250	116.96788348475279	12.149193548387096	414.05012818428304	11.75	76	1	151.6898246465327	0.406742057942058	135.62275720393217	250	110.113873161474	12.14	428.1413713531297		
8735	0.998	149.30285440715392	0.40174621637547553	151.64310168678986	250	116.9863678321042	12.186372745490981	405.79110153352923	11	280	1	150.84321356370734	0.41466829836829805	128.5551725232761	250	109.65935203536696	12.254	390.8626473905967		
8740	0.946	144.16775884658784	0.41432631850179447	126.20119798710319	250	109.25795764182573	12.501057082452432	294.1988669768782	11.481481481481481	121	1	150.83866296608937	0.41290120810562037	125.769688397548	250	109.91025856205876	12.19	375.1177922173668		
8750	0.92	148.43976895040538	0.41745680949485336	114.8229142185706	250	112.53212214256948	12.53695652173913	285.4585506772071	11.65	10	1	151.28135306035355	0.4169364302364304	134.41316269028675	250	109.82019204594238	12.206	400.06822397556283		
8754	0.982	143.65546095554186	0.41029039697573333	129.63747706307296	250	115.26587540074041	12.244399185336048	353.12718769336976	11.444444444444445	202	0.998	149.58930391506942	0.4104538080489981	129.53034011965366	250	110.59256813061063	12.2124248496994	367.76136816241365	12	
8759	1	152.01264745230247	0.41903236763236823	120.8349836320701	250	114.002252047139	12.232	386.74224615922645		118	1	149.61548819536299	0.4028979020979021	138.49656542085313	250	114.56328973279328	12.134	441.5706529805024		
8769	1	151.41420870942747	0.4001979686979689	145.45670743597952	250	114.59416755054839	12.152	441.72557033854304		105	1	149.18248000962643	0.41895397086573505	122.3548950077454	250	114.4773814924786	12.25	380.74770770854974		
8779	0.992	151.33024164016652	0.41406174470690615	121.61978767442528	250	109.80050857673596	12.20766129032258	400.535629102032	11.5	211	1	150.37593984976095	0.41384095904095874	130.41519381290684	250	110.61384090453808	12.256	439.95653545812985		
8789	0.968	150.71308463597774	0.41719308280440986	124.49076423439459	250	109.8202647890275	12.365702479338843	329.6475777700481	11.3125	63	0.996	151.1656143757867	0.4291261960733967	115.29621585159664	250	105.27952971375134	12.30722891566265	326.0236099119137	11	
8828	0.974	150.25299271872805	0.4180558972774217	118.64117121444505	250	105.92268665771874	12.39835728952772	295.17456325223503	11.307692307692308	43	0.996	145.49491644266664	0.4056792604985378	130.0801050968142	250	114.32967861706564	12.188755020080322	392.4577203735614	11	
8906	0.972	154.56048848741858	0.40985033485033495	125.88196950854889	250	116.44186579720436	12.37037037037037	349.11475775701194	11.571428571428571	20	0.996	150.621540695024	0.4170021494569693	130.93383918293935	250	109.54397073444042	12.228915662650602	400.84035587721434	11.5	
8925	0.98	160.51890191952933	0.42468815198407045	127.34584868801102	250	110.30134942833399	12.293877551020408	393.2651418053997	11.5	256	0.998	150.0435998437491	0.4087452293865117	132.52687307739396	250	108.5834887266677	12.176352705410821	430.4147385381832	11	
8945	0.986	161.80380058433047	0.4073681220740045	126.42214144604262	250	116.84898900607624	12.206896551724139	402.27096929997936	11.285714285714286	66	1	150.22684253233714	0.414144660894661	125.26920753910971	250	109.51251107448326	12.22	368.5148808605026		
8964	0.998	152.40829540948482	0.44321864953127477	107.39054675652343	250	111.79214667988819	12.298597194388778	359.33962581083654	10	68	1	153.58152107136934	0.41515334665334697	118.32482085558259	250	109.4586474931318	12.184	420.4772460184069		
8974	0.992	151.12275677173034	0.4158421551566713	123.28160789774229	250	110.50566574892778	12.209677419354838	411.0437263795195	11.5	89	1	149.73646382356804	0.4043577422577422	139.22517382185302	250	113.29910397154937	12.156	471.0392184779385		
8979	1	150.5751972535464	0.40786593406593435	138.97043803017672	250	114.9020272415086	12.16	417.5294982865239		149	1	150.88873464712637	0.40975324675324687	134.40273717948475	250	110.26104114362188	12.198	401.87811916619205		
8981	0.992	150.9571780748392	0.40855792393090795	137.68904862325132	250	111.4085428711756	12.237903225806452	387.86617107162056	11.75	245	0.998	152.6087222459198	0.4084742745564391	130.0803625783824	250	108.30689962168915	12.152304609218437	400.4205112977798	11	
8984	0.88	131.9617310978922	0.401759452668544	131.70261126390793	250	111.20112565095306	12.563636363636364	282.11371956947295	11.883333333333333	64	1	149.64235477209263	0.41066699966700004	135.12012937082002	250	110.19263762669611	12.242	432.25927092639864		
8986	0.982	145.5245998814564	0.40799421216936493	127.80571992112876	250	112.21698494090272	12.24847250509165	379.82242960520955	11.444444444444445	270	0.998	147.4150664696281	0.4032013160520172	138.8751992258513	250	114.30836131869884	12.192384769539078	399.037187207571	12	
8988	0.998	154.71429014363966	0.41402168305975906	131.85525558628194	250	109.10169228355878	12.17434869739479	399.91726103293274	13	198	0.994	150.2145922746633	0.4097350670791311	127.67066465581382	250	109.64395802143342	12.191146881287727	405.0686623502335	11	
8993	0.964	148.57283767950534	0.41215057418376927	121.38119965472303	250	109.08713756595337	12.242738589211617	389.48069284080157	11.88888888888889	92	1	149.63787633921103	0.4077340409590411	141.03605215282442	250	114.07166427651129	12.204	402.25645078402084		
9003	0.996	149.9864470078273	0.4034524377897875	142.33645122018962	250	115.06482344734421	12.19277108433735	401.76662647927805	11	67	1	152.78838808237526	0.4148384948384947	122.3802016689008	250	109.26833954248877	12.216	391.3089083577492		
9023	0.996	175.562292885703	0.4235183491207589	121.9425016754046	250	109.72371519474198	12.216867469879517	422.44861230948453	11	65	0.998	147.37588233552148	0.40002249754253744	147.75132709936258	250	117.0455322200945	12.182364729458918	406.8074082140836	11	
9062	0.998	148.0668229429353	0.42013742770255785	121.64555802859967	250	116.78509359330529	12.198396793587174	394.30247724848255	11	16	0.998	150.12033694342063	0.4087741917401241	126.20031333723982	250	111.5957529195556	12.234468937875752	427.0322099475301	11	
9140	0.994	153.42347348281154	0.4196122455679797	122.9172188127357	250	109.82581356973525	12.257545271629779	385.2615621903233	11.333333333333334	42	1	151.29508593553206	0.4151416167166174	135.2725542494638	250	109.52256488550506	12.164	408.71582828570774		
9179	0.994	154.53499580247393	0.410116308909066	120.87843353777718	250	107.35639524830427	12.215291750503019	354.5855470687504	11	62	1	147.5840491159046	0.40117009657009717	138.6861032646067	250	114.81474119123072	12.106	475.52534411646195		
9198	0.996	150.04971526701343	0.4220948395647186	120.57583824099785	250	110.27321567896209	12.275100401606426	380.32253462737305	11	93	1	149.19138270574942	0.4173433649683645	131.33944993100303	250	111.76674584100797	12.252	401.1728579371153		
9208	0.996	149.04378535300424	0.4061265040180705	132.9378040314182	250	116.35011436399216	12.198795180722891	411.26732121064924	11.5	148	1	153.46367514813193	0.41470505328005386	125.17568043489449	250	108.29721620579953	12.176	433.4216959814835		
9213	0.996	152.15398716769275	0.413052701983425	119.22065756663861	250	110.24472467029254	12.176706827309237	395.240378064225	11.5	247	0.998	146.98951337331192	0.43552489594573723	123.66710288789987	250	111.23487988623457	12.258517034068136	389.5002510565085	12	
9218	0.938	142.5098754177595	0.4236147292650491	116.37054649195431	250	106.41223427411582	12.44136460554371	307.0303937989262	11.709677419354838	41	1	149.68267273375636	0.40465134865134805	148.3341595914161	250	115.31239162517176	12.162	438.11987307433475		
9222	0.998	148.26479676740644	0.4134801070672812	128.3036046316337	250	113.89383726986632	12.23246492985972	427.52238949419046	11	282	0.998	151.47835589822614	0.41409091910093915	134.25821857628486	250	108.04696345582016	12.170340681362726	436.8104064903901	11	
9227	0.998	149.5534376310182	0.44030508569586657	111.42246948878	250	111.08334444172948	12.280561122244489	357.4541019458822	11	281	1	149.24036653425514	0.41677359307359285	127.10228374407946	250	114.10178356005964	12.196	413.32943590304814		
9237	0.962	162.56041096365396	0.4210730273483317	112.38497486581367	250	113.85323250107378	12.33056133056133	310.8891573623514	11.947368421052632	94	1	151.5610791149261	0.4167347206714853	125.71475569772066	250	109.14789001347535	12.186	399.4816436944309		
9247	0.988	150.4079892826472	0.4178514938859666	119.91134620799099	250	109.38285681816345	12.3582995951417	341.88370523602407	11.333333333333334	244	1	145.79384749954644	0.43766267898767863	118.21019554669564	250	113.36636243131878	12.3	361.04117647058825		
9257	0.992	156.0239068889545	0.4173768909774605	123.19954597074968	250	114.27105885209602	12.28225806451613	365.6356356981307	12	57	1	152.2904483429957	0.4254791208791212	120.98655173772951	250	107.76182077726945	12.202	427.7736105952065		
9296	0.996	150.94568380207474	0.4073040329817437	134.52201029573752	250	108.66826875619915	12.182730923694779	393.8251963656414	11	54	1	148.19205690576007	0.40660705960705945	146.84266703445837	250	114.20918357358788	12.232	379.20527388651124		
9335	0.994	148.71334530219093	0.4172438225758145	132.0612498441936	250	114.4309041911465	12.26559356136821	398.6086074305482	11.333333333333334	96	1	152.34613040832005	0.4112548902078312	128.66111664669134	250	108.04127187717297	12.178	404.9792988890237		
9345	0.998	151.7870722432439	0.41712500091758636	133.27216107575669	250	109.5647890691029	12.186372745490981	378.0716546351345	11	179	0.998	152.20839433873857	0.41762754319043305	120.0846008540701	250	108.0483908067903	12.16633266533066	400.209173837776	11	
9350	0.998	167.7141800825764	0.45256133312245483	103.60642952116163	250	117.14547459630715	12.288577154308618	361.5849983646911	11	187	1	148.48691830257764	0.40612109459168255	136.83889044582534	250	114.06830157689288	12.232	405.0428081270097		
9352	1	149.6781918875098	0.4074973359973361	134.13347126968696	250	113.67766542376899	12.142	447.98405038654147		298	1	152.99409442790713	0.41608248418248345	130.48813373499917	250	106.39942905935227	12.208	401.3599096836436		
9355	0.918	135.63829787241275	0.4148767445336076	126.90235813937048	250	111.2810384265847	12.376906318082789	297.2001985944939	11.902439024390244	178	0.998	149.95792763550793	0.41265968402299935	125.36380415311523	250	110.44183224307326	12.192384769539078	381.3312654068189	11	
9360	0.994	149.0120828711612	0.4404760986854161	107.85920058942078	250	111.61491291101376	12.295774647887324	354.7670727041849	11.333333333333334	196	0.998	149.47280134194355	0.4221715492256575	126.2642379459556	250	110.98324465098396	12.192384769539078	443.38540763306975	12	
9365	0.996	149.5899792735583	0.41668508867304005	123.17887179946318	250	109.93789567349899	12.22289156626506	380.9712032394377	11.5	180	1	147.91586545569618	0.4180899100899099	134.76154372220955	250	113.18712434700723	12.162	447.54907000209323		
9375	0.972	145.01835108754747	0.4152101328027257	123.36930302800963	250	114.90242841863208	12.222222222222221	396.06631266744	11.428571428571429	13	0.998	148.95077758874524	0.4154645287911824	137.3419212859054	250	112.72010724645173	12.22244488977956	417.7376503246989	12	
9394	0.992	149.59133817900562	0.4201011689922983	124.89976991697654	250	111.71610321592047	12.225806451612904	425.0553372407516	11.25	194	1	150.40308025519317	0.42248312520812475	118.78142986369394	250	109.34029273600746	12.244	397.5158988244498		
9414	0.998	150.33290151541453	0.40428913104263847	136.58459517073138	250	110.12491981288173	12.148296593186373	416.4632577877864	11	193	1	147.727944218036	0.40495134865134874	138.4575130241479	250	111.94829962420393	12.206	428.7782032603068		
9433	0.986	148.749358839052	0.42312123306038124	114.67786984592748	250	108.62652071994628	12.334685598377282	352.86702658096095	11.142857142857142	240	1	150.24038461532155	0.4144592407592407	119.983386436413	250	110.90878556014303	12.186	421.930946822014		
9453	0.982	148.4145935978948	0.4172997827020229	118.28823885741029	250	111.11693836308508	12.30549898167006	369.5826310393707	11.777777777777779	136	1	149.01353042854637	0.41462733932733925	122.92898149891452	250	108.85208451402129	12.154	400.65210417232976		
9472	0.998	148.9418858013471	0.4471481934702493	106.91767094620019	250	112.56918510869262	12.324649298597194	343.42493502188705	11	257	1	150.7931720851447	0.4172851481851482	121.57510052480049	250	107.52545647321426	12.132	447.1630720214981		
9492	0.996	148.21869698505395	0.4080873610994096	136.19558757479874	250	112.83315975826804	12.184738955823294	418.88547610411166	12	233	1	148.55309287542244	0.4271025841805253	122.58278470859346	250	112.40418078981365	12.196	390.57170267153225		
9531	0.99	149.74588576961997	0.41775366889003257	126.47298665413581	250	108.43065494404728	12.32929292929293	352.0411582248848	11.4	134	1	147.30577733258497	0.4098029970029974	135.77949042771618	250	112.82409351052584	12.17	437.6423711451509		
9609	0.988	147.7891461736383	0.41302925032682125	124.49543824840569	250	109.57005618391435	12.248987854251013	337.3790855046561	11.5	138	1	150.06002400967725	0.41725677655677645	129.99371807731504	250	108.72787910344874	12.212	405.7767009955525		
9628	0.994	149.8161210586646	0.419744080533819	125.92784463925555	250	109.96616243849638	12.271629778672033	362.24752134470117	11.333333333333334	278	1	149.96101013731402	0.41469455642396863	126.97096426870738	250	107.16890240379266	12.212	397.0690795468712		
9648	1	153.62398992220528	0.42100491910050714	134.65390634044496	250	112.80909068920704	12.202	384.62965554721495		171	1	148.28874784978038	0.4104370962370964	123.77459799296062	250	109.75744131779685	12.17	428.82469825612026		
9687	1	162.0482903906709	0.4123333666333674	129.35470116214293	250	113.2125133582564	12.232	414.266780541474		133	0.996	146.45335842848436	0.42974919992992205	124.3854233166915	250	112.6455365983215	12.234939759036145	446.4493180369571	11	
9765	0.998	152.46417550185015	0.4152527499220886	126.29510103719053	250	105.71286831257135	12.208416833667334	355.595268056621	11	139	1	148.88041924737826	0.4168639360639363	124.1737648432593	250	108.6473651949612	12.25	388.3558063697125		
9784	0.992	146.16177987335737	0.40543800957107445	135.37266553821826	250	113.24862422182777	12.215725806451612	368.0519163256201	11.5	235	1	150.49361907051346	0.41299793539793533	122.90030801903238	250	108.93884786593617	12.126	435.4814989107128		
9794	0.992	150.9893455098988	0.412655422534455	130.12896311977028	250	106.28314375188191	12.225806451612904	373.3745218850793	11.5	296	1	146.288656777687	0.41130499500499446	130.2636783148895	250	113.53859124209136	12.182	440.4963710225201		
9804	0.972	144.61272949098708	0.4202385748682044	107.77778653399075	250	107.41725391886709	12.37448559670782	339.8603188335458	11.571428571428571	234	1	146.01950820623875	0.40967132867132866	144.99124495087307	250	113.92034717300923	12.196	445.2857788534395		
9823	0.992	146.07568841103222	0.4196225739854181	122.43678005084321	250	111.89403452861204	12.286290322580646	328.2158021504879	11.25	236	1	147.21469791553474	0.41330526140526147	122.08222618796395	250	108.75799782288023	12.188	402.48843400178254		
9843	0.99	151.0021048778454	0.4251547442456537	114.06133048324988	250	107.4495715839821	12.282828282828282	374.5761058346505	12	135	1	146.67918329026537	0.40933571428571436	133.42041966995393	250	112.27840201188788	12.192	396.3851284127109		
9921	0.986	148.9335991782995	0.4116069022255635	127.15742432885718	250	110.78873200215634	12.18052738336714	389.33044027593326	12.142857142857142	137	1	144.29597991409267	0.403265567765568	133.83595464339407	250	115.53224403695262	12.218	415.5671333415798		
9940	1	150.73861923429013	0.4049875124875124	128.07469321031547	250	105.93166130516613	12.128	419.81562903553635		258	1	149.18248000962643	0.4175585747585742	132.0857549177481	250	110.76264639175936	12.236	438.1966767738201		
9960	1	157.25743041348917	0.43555907425907436	119.8275445709496	250	108.57662581572067	12.258	422.3789915528449		161	0.998	148.85746673821183	0.4134048399829962	130.51090735203357	250	109.76006200576258	12.244488977955912	396.7852201584296	11	
9980	1	152.13753232913402	0.4357732489732494	121.1099817663733	250	110.00090432939466	12.27	379.31460905947137		162	1	146.98533086389122	0.4143674776204191	128.97079271545158	250	109.51554159836019	12.238	368.46738841907023		
9990	0.984	146.7649076753865	0.4274826411035161	122.64844542859798	250	109.12888188990543	12.321138211382113	359.45089667743395	11.75	262	0.998	145.1087588693809	0.430123717298066	115.28858784051772	250	110.20147781462437	12.288577154308618	394.66005096750257	11	
10000	0.974	137.8627034677536	0.4088415691085102	140.3710372227273	250	112.40582119583014	12.285420944558522	336.2374501133073	12.153846153846153	1	1	149.07573047095514	0.4185002801120445	124.08115520105108	250	108.51326190232099	12.248	385.5799268802606		