index	success_ratio (division)	success_rate (division)	mean_second_ratio (division)	second_ratio_SNR (division)	probe_index (division)	mean_time (division)	mean_total_iterations (division)	total_iterations_SNR (division)	mean_total_iterations_failing (division)	order_index (division)	success_ratio (sequential)	success_rate (sequential)	mean_second_ratio (sequential)	second_ratio_SNR (sequential)	probe_index (sequential)	mean_time (sequential)	mean_total_iterations (sequential)	total_iterations_SNR (sequential)	mean_total_iterations_failing (sequential)	order_index (sequential)
1	0	0			51				1.01	0	0	0			51				1	
2	0	0			51				2.01	26	0	0			51				2.01	
3	0	0			51				3	31	0	0			51				3	
4	0.11	59.91285402921706	0.8051948051948051	35.3277787024873	51	48.75197849025974	7		4	8	0.04	24.052916416529666	0.7857142857142857	16.500000000000078	51	41.282784598214285	7		4	
5	0.41	152.5865277257845	0.7693089430894313	72.74051309433506	51	45.39919969512195	8.75609756097561	127.37425727441095	5	12	0.29	119.48908116893092	0.7567049808429122	68.96925414956148	51	44.54560097880747	8.655172413793103	94.6794994838078	5.056338028169014	
6	0.61	183.18318318388762	0.7730750124192746	103.64337531318743	51	42.32358135659877	10.262295081967213	126.2052315320636	6	9	0.61	173.4432755192756	0.7696141745322072	91.55061572328978	51	43.56442130060855	10.311475409836065	104.45520642176469	6.0256410256410255	
7	0.67	178.66666666666666	0.7541830474666295	95.25646038155004	51	37.79473157957301	11.850746268656716	89.42063213995513	7.0606060606060606	23	0.83	197.66611098186243	0.7463911590417613	95.7400249534935	51	38.0225410218233	11.831325301204819	108.71402224457434	7	
8	0.9	145.6075068776981	0.7399526399526398	117.0694406527869	51	42.793104470760724	13.144444444444444	118.7060725671397	8	7	0.92	209.37642239971	0.739504879178792	138.8413930636861	51	34.21134706481811	13.33695652173913	103.10697570245836	8	
9	0.87	150.75376884553484	0.7362493096265916	103.78971859127343	51	39.15035969690499	14.551724137931034	108.30393321238701	9.076923076923077	35	0.99	200.8113590254682	0.7088732346085289	115.8381556229886	51	35.83004364650448	14.131313131313131	113.34150519649789	9	
10	0.98	135.45266067861462	0.7018868088010219	118.6859527953932	51	42.965717911539926	15.183673469387756	113.39631177619863	10	25	0.97	170.11574885947255	0.7068567445342845	112.9203753495536	51	39.901176197368216	15.45360824742268	100.9329121555116	10	
11	1	139.80148189644984	0.7274276377217551	111.46507416935526	51	36.5052188242656	16.94	99.93127598027363		51	0.99	158.9340183009524	0.6940464959685804	120.61911253688318	51	40.60680588088394	16.494949494949495	117.04359892166073	16	
12	1	143.4102968593528	0.6750836159025017	124.56170765349025	51	46.76548964521732	17.24	117.71038553591433		13	1	144.2377037359648	0.7032675762490002	130.00433602303926	51	44.04062809318741	17.54	113.31274169191825		
13	1	113.8692780698246	0.6978179067757746	117.3353120460577	51	41.70168884310363	18.74	121.4795752568976		55	1	136.7053998643389	0.6827599848551862	141.3278244758702	51	44.13406540641485	18.56	124.26486637127192		
14	0.99	102.23048327159421	0.6697985600231915	137.91321607036343	51	41.286282747932816	19.565656565656564	138.98713393195305	14	47	1	111.32138483793506	0.6805995583588126	127.36670868551019	51	41.74772516677792	19.31	136.067653329094		
16	0.99	98.75311720675319	0.6671368041307713	126.59925982132923	51	40.95997470796305	21.383838383838384	134.31942883593808	16	6	0.99	111.87704825346304	0.6469683557985338	112.27380946963501	51	36.750128192649655	21.04040404040404	157.29686293654797	19	
17	0.98	93.0409190164616	0.6559045775283574	129.93228574134346	51	41.47566981709796	22.581632653061224	150.49288786794034	18.5	56	0.98	100.25575447486753	0.6553475842406632	135.63871813954967	51	39.15892230709871	22.397959183673468	140.98309365103088	19.5	
18	1	86.71522719384622	0.672337964204156	134.0170454991462	51	41.1009739564864	23.71	142.69569704051634		48	0.98	91.30718345382924	0.6472721379642409	124.88759627904243	51	41.240620394225296	23.520408163265305	149.63846141271057	21.5	
20	1	84.22471153103689	0.6547426719485187	115.23353974320004	51	38.838363122605024	25.79	157.5605344001388		38	1	89.2140244450856	0.6312343693080201	122.01608783355385	51	39.18539482035939	25.27	162.26195733945121		
21	0.99	78.64008261175887	0.6445546153814598	130.62312548695584	51	40.59967962725071	26.80808080808081	172.7244145896049	24	57	1	88.11349017499154	0.624588999456316	127.21608239696195	51	38.74913189511823	26.05	181.1183657292627		
22	0.99	76.60759885469712	0.6557322936700415	106.6724417648783	51	42.344576708521004	28.08080808080808	153.0371503318181	27	40	1	79.63685593729234	0.6118449405356103	135.39378797672595	51	43.021375554902406	27.13	178.1458531523568		
23	0.99	83.37544214282973	0.6437862928684409	130.1512935779174	51	33.29131103092823	28.8989898989899	131.9055393922687	24	58	1	76.07455306239827	0.6123029360254747	134.11465463445828	51	42.03316251783533	28.55	190.23523141871797		
24	0.98	74.46808510685727	0.6617921354018995	152.03584663001473	51	42.168064094120695	30.367346938775512	148.6299681518834	25	32	0.99	83.99083736394665	0.61647149391755	141.08664553438192	51	42.12825121983228	29.424242424242426	200.819639532335	27	
25	0.97	68.531863784184	0.6283697422156468	117.82605886542707	51	40.909670356962756	30.90721649484536	184.6641064075925	27.333333333333332	52	1	82.89811821235337	0.6097186191335981	156.28418162474446	51	44.08168163980163	30.54	183.0417700676636		
26	1	79.63051441318659	0.6441460500762792	103.16946731242913	51	43.916990429127665	32.21	146.06745305373147		41	0.98	77.41527766815337	0.60983285027507	139.5444364163644	51	43.98659267588174	31.56122448979592	177.30492784864512	28	
28	1	61.14338122883399	0.6569114551166826	64.34229725754912	51	41.3671488002976	35.21	107.23781873386365		34	1	65.72029442660326	0.6100211822624724	150.36264376799218	51	41.2833418787076	33.42	209.10247279755595		
32	1	56.92815666650295	0.61393074977802	93.05759910980841	51	41.57706481117641	38.11	199.46194254878594		5	1	58.69233478097573	0.5880541936475833	146.7583389705907	51	41.0965723830918	37.51	250.94012902336968		
47	1	44.76075377106365	0.6351184120177099	66.1007871560666	51	39.559910473165814	54.27	205.77621934723308		93	1	42.870616479570245	0.5636800420693892	146.91582682069853	51	39.384307442509886	52.35	347.25061555021034		
63	1	33.760972316008015	0.6007085056902124	101.5748723563	51	39.314323792393324	69.73	329.2089916318266		4	1	32.35198964735966	0.5360699746175113	147.2796670427896	51	40.66488891782735	68.82	318.09518177599915		
66	1	33.70975897528021	0.641459454250474	68.4830793937763	51	39.126539395195735	73.76	288.14257121309356		72	1	32.32062055594264	0.5311017415092336	193.6206412984044	51	38.053135428825584	71.53	504.649135430091		
68	1	37.58409441134284	0.5894126696741511	68.64270008711921	51	40.93830649797262	74.59	288.2710287126847		73	0.99	29.187181225841375	0.5250945986752396	208.74056418023645	51	42.250494779613256	73.68686868686869	432.10193069067805	69	
69	1	32.890409156711065	0.6162447061366079	103.66543859462043	51	39.299669983776525	76.28	381.341641802106		75	0.98	30.428167789698282	0.5324354763123476	167.29250758540152	51	38.33640912321339	74.79591836734694	365.5497721878128	71.5	
70	0.99	30.831516661377808	0.6208030436708524	65.81400441803208	51	40.256299881247486	77.58585858585859	240.92095310388254	73	70	1	34.59848458638571	0.5218237627723942	175.91009740733003	51	42.683230927878256	75.63	454.5654195790114		
78	0.99	30.579150579123088	0.6095531057640954	61.8561172982115	51	41.683864364566254	85.70707070707071	269.61486180133437	86	67	0.99	28.09227887975313	0.5106451412989111	168.63249646472087	51	44.620763440874065	83.42424242424242	550.9695787724739	79	
94	0.99	25.086790157895003	0.6438842265726525	81.37547716367193	51	37.75834233324338	102.56565656565657	325.03167578303663	95	66	1	23.844154605507594	0.555379779100563	77.66822336281133	51	40.65676040180625	100.45	426.85976369075814		
109	0.99	21.79032861574076	0.6273065284220081	77.101075955101	51	37.38523646714336	117.5050505050505	392.96138219013187	111	68	1	22.03662487055563	0.5779671802565691	97.12124197324131	51	39.28445356484577	116.2	480.9980417359785		
110	1	22.042453765897456	0.551846068659771	135.80790420648748	51	39.017838589070124	116.28	678.1462584552686		76	0.99	23.488101734288307	0.5635811169462129	85.6921546908682	51	41.073962988712786	116.96969696969697	469.1863231375747	111	
111	1	22.860800585258154	0.6128845807409125	74.09072499819871	51	39.56665414166556	118.83	468.6548391101771		74	1	22.402939265666358	0.5828703116208426	101.01085015120317	51	39.21879656305203	118.05	572.4840374467865		
113	1	21.11219017859211	0.6187164760302919	62.57096902899539	51	39.02245815424514	121.47	389.56352220862607		71	1	21.284747349987985	0.5677664868091383	82.66282926645744	51	39.000919343298335	119.77	560.3828643168713		
117	1	20.340086241957863	0.6135256053776695	67.6124496737135	51	38.51726556423995	125.55	370.9457330307324		69	1	20.87377627487623	0.5800350217125253	90.44811356200353	51	38.93721482633102	124.03	584.7725308540589		
125	1	20.313642642397483	0.5877756809264263	109.64384035295984	51	39.88585879241751	132.63	575.0808901585498		3	1	19.479507558045043	0.5700472776516878	87.1580069905893	51	39.05317222832853	132.24	619.7460774860526		
140	1	18.137628323732955	0.6002872647836573	71.85974139539287	51	40.39494908021691	148.1	533.6011750858314		94	0.99	17.402921581384334	0.570282118891471	84.10418194900366	51	38.912655016334995	146.989898989899	708.8328762799935	141	
156	1	15.970103965369807	0.6276324044778451	85.71325446789581	51	38.38225882688031	164.5	500.9144997828624		77	1	15.981078403164938	0.5464829618292493	136.23899565909755	51	38.66720208959438	162.72	1061.8451939976721		
171	1	14.676529294333966	0.6231478715572206	91.42589653164299	51	37.63912336272339	179.88	622.4332928782343		95	0.98	14.327275917016124	0.5670536459609078	119.2399809564113	51	38.8320704549255	177.96938775510205	809.3850447402455	173.5	
187	1	13.098606308296748	0.6745853152880588	67.66027509007995	51	38.16092625281427	197.47	582.8776890161289		62	1	13.543345477216091	0.5645342140928125	103.56580554613214	51	38.25434833082903	194.06	875.4068644434523		
194	1	12.65470375339024	0.6630169340703866	65.8338495278489	51	38.969617375014444	205.41	284.47116628178435		98	0.98	12.603691080977539	0.6748800188227169	81.21502935401095	51	38.36510510316242	205.1530612244898	549.6641469560927	204.5	
198	1	12.796724038633524	0.6603348556795855	73.9070527344901	51	36.9427133785199	209.1	554.2454335225913		99	1	12.755752844522124	0.5581476738380623	105.9981871216871	51	38.344637977913024	205.4	878.3209443413363		
202	0.98	12.245407972015128	0.5698539205223068	114.65482838202713	51	38.55798975353329	209.31632653061226	1051.0117793135012	207	96	0.98	12.36780332668044	0.5666227261140927	116.0846529244597	51	38.24514500867424	209.6326530612245	968.5497571273413	203.5	
210	1	11.817397572700555	0.6602243474273696	74.322893487959	51	38.63472975072381	220.65	679.0807331306088		97	0.98	11.829605398163721	0.5591811659642618	119.8158778048062	51	38.29723559354927	217.4795918367347	962.414137468118	214	
218	1	11.685519304477765	0.6131139009276462	87.20237910898167	51	38.33238717030788	226.66	771.2798577757807		64	1	11.450818733548607	0.6653482860294023	74.49475895382326	51	38.50017188420201	229.62	619.2568960585226		
234	1	10.866966594945017	0.657105096595307	71.12685302352335	51	37.918673025730065	245.29	675.4366806066618		80	0.99	10.714285714296514	0.6636906966755975	71.27885259970577	51	38.02674282934671	245.17171717171718	564.1156263989199	240	
250	1	9.74592376738533	0.5581124306904183	120.95340651855321	51	38.457697833029556	256.89	1383.7543498359319		2	0.99	10.213766919786494	0.5897660026360814	66.74944920095164	51	37.398073849429764	258.74747474747477	929.2131511606154	258	
281	1	9.195148639578013	0.6136727920984729	105.72601896062255	51	38.47162967682486	289.44	1106.493883424236		78	0.99	9.171082372991597	0.5506315312466153	118.99327582378865	51	37.915345196854204	288.34343434343435	1213.4085139441138	288	
312	1	8.349336227770623	0.6088453634116049	94.74832524215623	51	38.11796493837376	320.77	1269.5283125914534		63	0.99	8.184320825373014	0.5296815327494481	141.80051543032386	51	38.61151401665742	319.7070707070707	1482.740428405821	315	
343	1	7.598437761194631	0.6284886124370468	92.92477333833259	51	38.14505142486011	352.65	1133.4521440579506		65	1	7.683206048226179	0.5286858496968577	169.3917278880732	51	37.71543323668939	350.26	2067.698407678296		
351	1	7.412239089189843	0.6084642314055533	107.9160084991424	51	38.237097331073315	360.51	1198.3761266937545		82	1	7.427544305297466	0.5248209248638525	159.62482742097802	51	38.495927385548065	358.39	1977.9021654806518		
353	1	7.321984257733222	0.6564883620471956	86.01044653067403	51	38.37751195702343	364.13	975.609498971216		85	1	7.380727444494621	0.527625416429244	175.94085068318395	51	38.47858663493866	360.18	2135.6966203934708		
354	1	7.276166915262996	0.6805489068875139	102.06852412325566	51	38.51891340478131	366.4	963.9600441821544		88	1	7.346027268451813	0.5237335253883734	142.93484553864997	51	38.67725001489776	361.08	2000.3148937106012		
355	0.97	7.121304446775369	0.6076688015538106	99.91751778198025	51	38.34603286744202	364.2061855670103	1165.539902402567	379.6666666666667	84	1	7.3401498858625756	0.5246587823519371	144.46702303392806	51	38.49075215427669	362.54	2104.573303259352		
356	0.97	7.138756825971814	0.6743003542738674	79.8687181609367	51	37.40097097656632	368.3917525773196	984.99850217463	362	89	0.99	7.2393822393833736	0.5262568273024016	146.1802723887831	51	38.46904022012046	363.42424242424244	1925.3580481835806	365	
357	1	7.254788160185906	0.6779628654846921	95.5614899190168	51	38.31311819194001	369.18	933.5472005514091		87	0.99	7.187976475712866	0.6568388391345346	84.96756504261607	51	38.00589407401014	368.1818181818182	1155.7046345941758	361	
358	1	7.282260413638195	0.6017309053738716	97.85578592268722	51	38.24034831756313	366.81	1237.3040904791183		91	1	7.1791116567218936	0.660726013433359	86.00217282202988	51	38.39649297606846	370.16	983.82436868457		
359	0.99	7.0896083528489715	0.6666164524927198	104.89213889732163	51	38.22166622950313	371.7878787878788	320.76251014459757	374	81	1	7.264485383855973	0.5260255387223495	158.97965924404943	51	38.42718010121528	366.55	1193.3181562838924		
363	0.99	7.0605855293716555	0.677007129622651	96.22796974221174	51	38.3964929823585	375.5151515151515	919.8030988033449	372	86	1	7.201083042893369	0.5240575241578349	171.7008886088263	51	38.51600722386715	369.72	2269.2789103030345		
364	1	7.166866144441631	0.5997748200476959	98.31371776372761	51	38.325452855153905	372.56	1323.4926756019304		92	1	7.157581310123707	0.5226342851056665	146.5985562918913	51	38.58437950176175	371.19	2037.179800375165		
365	1	7.084962874798907	0.6575748962560346	87.12811773575129	51	38.30155681484845	376.88	731.6524761063076		90	1	7.177359736444856	0.521442405794585	151.90865068290336	51	38.15372105542237	372.1	2229.5311325700077		
367	1	7.143163278425909	0.6045176260664773	105.45410174272101	51	38.23764827231562	376.2	1062.8079697144726		83	1	7.1008606243057635	0.5189089316832882	143.45110103479672	51	38.423971815365555	374.27	1921.8438102303926		
375	1	6.56715241704103	0.5284417094669914	98.96764597100498	51	39.471922712080186	382.65	1580.146750180268		10	1	6.939191861714485	0.5198807623894964	151.31591551671565	51	38.612091368437596	382.39	1922.3984965436143		
406	1	6.461033506918348	0.616962383464328	93.80216747321998	51	38.138850874173976	415.55	1364.6971020158078		79	1	6.371496473375794	0.6587243373845998	88.37531139534698	51	38.48536633062964	417.29	1355.6924290739926		
437	1	5.748580100718786	0.5462330135026933	158.12045455550478	51	38.52162539094058	444.81	2349.1732012039265		11	0.99	5.918362466821845	0.5369122034584356	114.69429284010903	51	38.22961185891175	445.1818181818182	1739.9322776714353	443	
440	1	5.791897135908858	0.6421710016119868	77.34378658101998	51	39.225054544157615	450.82	1170.9583085471345		36	0.99	5.926333874089215	0.5422049483076439	141.53428101994055	51	38.095934815023035	447.5353535353535	2034.7054441525129	441	
442	1	5.611672278336745	0.5934349091961275	161.2603785103523	51	38.11790899886116	450.79	1800.1832780842053		42	1	5.898104349263087	0.5648352240015724	84.13343493948946	51	38.470569894920956	450.7	1545.9671163119501		
443	0.99	5.5261262971080845	0.6555470141044987	102.60869015780042	51	38.48515900623486	454.65656565656565	1243.289807882582	450	53	1	5.8272002051166085	0.6537931456860028	83.7169098613786	51	38.46862488545634	454.83	1148.8759516764412		
444	0.98	5.596705938792083	0.523332760816186	96.95982417447857	51	40.241355091685115	453.6020408163265	733.7841390047289	447.5	16	1	5.9045470917131055	0.6530513656590757	93.27186543645426	51	37.78079371832924	455.2	1385.4619857745881		
445	1	5.78911414975435	0.6165822333105585	124.92524108637433	51	38.14307848995256	454.15	1456.6158601618497		54	0.98	5.785533804046303	0.5454281508719119	145.32643323557738	51	38.17310571689152	453.8469387755102	1787.2803737354006	451	
446	1	5.567463741890865	0.6095138187792987	132.87632825055934	51	38.27879574473019	455.36	1395.852700631715		43	1	5.838734162435886	0.6500680445958319	81.22782629340824	51	38.299268852835304	456.69	1438.8394423208163		
448	1	5.574322441106371	0.6451934551046419	95.92625374106142	51	38.20878526569374	459.3	1162.8612460762029		19	0.99	5.747026349246821	0.650611067007852	79.5692779068803	51	38.295112923955365	459.5858585858586	1242.4865941863563	449	
450	1	5.418556388205147	0.6262384454487335	88.1881947678209	51	38.556656073787245	460.91	1178.8753271779165		21	0.99	5.71191193270185	0.655783064911193	87.87929971751974	51	38.353411464455824	461.8181818181818	1236.0239355565554	457	
451	1	5.558612792592891	0.5956245597217508	100.37856699060387	51	39.20348726402345	460.16	1530.9622785683036		27	1	5.798715004753318	0.5348050866199616	136.18966318345758	51	38.39219925639802	458.66	2168.5576731513993		
452	0.85	4.1467662541036505	0.48647396717583724	106.78102622350875	51	39.86975763754449	462.88235294117646	372.92258599778336	465.53333333333336	15	0.98	5.657153412764781	0.6584207835150272	103.7205066779716	51	38.10132681305196	463.6224489795918	1333.6753131622113	461	
453	0.99	5.478057336998652	0.5703151414576505	107.16615972309667	51	38.40787011230746	461.8888888888889	1495.7828186653533	460	28	1	5.755097577679692	0.6097528885665645	71.96855891934399	51	38.27166386500041	463.37	1174.5839134074317		
454	1	5.429677531451119	0.654871515756561	108.34992931948454	51	38.62627195342634	465.53	1219.2153732989495		22	1	5.793407102712654	0.541574996441613	138.3625178605614	51	38.11157010650525	461.9	2055.325248713692		
456	1	5.4311225043988935	0.6002801657527361	85.1419756045722	51	38.354096500181825	466.15	1398.6105476154764		18	0.99	5.715506341904035	0.544434856837778	145.81099247923373	51	38.24645855584057	463.72727272727275	2129.018942419964	458	
460	1	5.508336867851101	0.653309354071515	112.44211913620101	51	38.759856026171356	471.65	1138.9468909310237		17	1	5.694825681384971	0.5452064897038686	143.01062274464593	51	38.432074126389686	467.91	1786.6994257521437		
461	0.99	5.536572134824324	0.6194423553973804	99.29486232443743	51	38.60593576501905	471.09090909090907	1259.220515898642	465	59	1	5.7408576841398515	0.5419369197049007	149.53401404679485	51	37.93047539379565	468.91	2096.72978977811		
462	0.99	5.335920446278557	0.6101681761786163	127.21607593232466	51	38.1756468773638	472.030303030303	1556.8184199298234	466	49	0.99	5.636561355960423	0.5447453158842237	154.32485055155723	51	38.31044268523937	469.6363636363636	2436.1778337058417	466	
464	0.99	5.281774676293543	0.5430074316694171	153.88514554755284	51	38.341762245362276	471.4141414141414	1889.1687556204424	470	29	1	5.653678283094075	0.5405266069110832	145.1463388329603	51	38.43152197429782	471.78	2244.1431074572174		
465	0.99	5.584039798975565	0.6074433575679641	123.22610816110361	51	38.25777790881813	474.19191919191917	1709.04755590429	468	60	1	5.648313413618586	0.5385263136202423	135.57580201273169	51	38.4165004899166	472.58	2091.554765287286		
466	1	5.317027781471475	0.6119240564584397	129.1703898146044	51	38.22159225932079	475.52	1649.0576393665672		44	1	5.6467186917706185	0.5414273332805997	150.320148221268	51	38.24962680437472	474.2	2078.7949646794104		
467	1	5.317169139150119	0.6087006455491357	141.82082412444998	51	38.17552216027869	476.81	1488.720844145274		45	1	5.793474230625434	0.5390962376122108	134.9515276997067	51	38.93019224535345	474.9	1999.285418459942		
468	0.97	5.1549131104824575	0.5268042378486778	111.66261628318534	51	39.354002659466644	476.0103092783505	1132.9094283956988	484	14	1	5.6346281708846675	0.5430266484879696	145.2073530266984	51	38.24819429355856	475.57	2228.0967762944556		
469	1	5.246562190124254	0.5765104243126163	98.02543443246192	51	38.45831228596543	477.36	1713.0793404186509		46	1	5.6029314537355575	0.5416438049264682	140.6424084262038	51	38.12973441902846	476.96	2211.6221829589335		
470	1	5.250914971931472	0.6013912086272852	114.5911879793779	51	38.369351126839526	480.05	1538.072598635197		37	1	5.583909406655355	0.5448396115566119	135.5614912403418	51	38.41480802939417	477.91	2353.3608824163443		
472	1	5.2548331327728794	0.5960664074090904	140.74244295988578	51	38.1583462780499	481.16	1747.0355753983981		30	1	5.5755967282406935	0.541530058505285	138.6554795627447	51	38.304448471158175	479.51	2260.5727730834333		
476	1	5.249509170895562	0.5399920483652101	131.39181771479574	51	38.70454700052022	484.69	1684.5520273412433		24	1	5.558489202634796	0.5393880324259175	147.833697599345	51	37.87284085279706	483.4	2454.9917802199193		
484	1	5.270008906313519	0.6358259479219724	94.25525982313877	51	38.80115192224339	494.96	1513.7627394030708		20	1	5.440430011591314	0.5435899784494468	139.6809349594349	51	38.320172003324316	491.56	2413.2742659593846		
492	1	4.981741915877398	0.6558061920355328	96.52918211150391	51	38.511519381005066	503.66	1485.657240196178		33	1	5.3439357017674185	0.5424221128596116	144.08412534452668	51	38.400666438676005	499.92	2279.6036500028613		
496	1	4.98062536732134	0.6615975351120106	113.33103248499319	51	38.228083288972705	508.17	1392.048414656178		39	1	5.419143666918137	0.540326553027154	152.86421417646247	51	38.74310778059942	503.69	2368.130200086754		
498	1	4.966574950584968	0.6631231423983596	101.69705015604944	51	38.53887785068436	510.32	1267.1032387756475		50	1	5.266816946510581	0.5369295967984115	127.81607905205972	51	38.481974711867956	505.71	1968.893586549704		
499	1	5.227910770018506	0.665529441925624	87.75425488262593	51	38.256575397663774	510.86	1316.4004746902601		61	1	5.272648662327533	0.5366264926664076	148.13456564704987	51	38.29699874372136	506.74	2582.923321538987		
500	0.99	5.037578298726634	0.6423895885208186	98.78816506147014	51	38.324759156030176	511.37373737373736	1235.5458846815848	502	1	1	5.263933632325293	0.536748471467357	141.00393057759374	51	38.389477505495194	507.49	2148.1914821908717		