index	success_ratio (division)	success_rate (division)	mean_second_ratio (division)	second_ratio_SNR (division)	probe_index (division)	mean_time (division)	mean_total_iterations (division)	total_iterations_SNR (division)	mean_total_iterations_failing (division)	order_index (division)	success_ratio (sequential)	success_rate (sequential)	mean_second_ratio (sequential)	second_ratio_SNR (sequential)	probe_index (sequential)	mean_time (sequential)	mean_total_iterations (sequential)	total_iterations_SNR (sequential)	mean_total_iterations_failing (sequential)	order_index (sequential)
0	0	0			149				8.038	0	0	0			149				8.482	
2500	0	0			149				8.566	3	0	0			149				8.67	
3750	0	0			149				8.648	4	0	0			149				8.62	
3828	0	0			149				8.23	9	0	0			149				8.774	
3837	0	0			149				8.132	19	0	0			149				8.594	
3839	0	0			149				8.262	45	0	0			149				8.68	
3840	0	0			149				8.272	64	0	0			149				8.42	
3841	0.792	122.24108658648747	0.5898738256692801	94.14579853803498	149	31.49323439637641	10.707070707070708	146.44666332755432	8.326923076923077	102	0.738	83.05573062106426	0.5951114554892641	90.65556815622524	149	29.93665030826359	10.7289972899729	122.73200176961355	8.648854961832061	
3842	0.782	120.68646212799261	0.5799627269576115	104.4498784037936	149	30.887907817655144	10.754475703324808	144.33515011370721	8.715596330275229	29	0.696	72.13481748679779	0.611362119399644	88.3814022429163	149	30.684928168956695	11.060344827586206	108.47816568558642	8.31578947368421	
3847	0.768	121.17387188408871	0.5799243725024981	92.0497743663335	149	32.440306897917985	10.6953125	147.6827709571585	8.456896551724139	13	0.858	120.0167855648211	0.5922173074270962	106.87566224068964	149	30.066122754703752	10.731934731934732	129.39181170706874	8.464788732394366	
3857	0.79	123.0337953617265	0.5934846025985261	94.92283773482144	149	31.358965351110886	10.686075949367089	138.87989380288064	8.542857142857143	164	0.746	83.03281243082746	0.5932490764417895	90.59993855226001	149	30.26951115884998	10.932975871313673	113.97557698017698	8.67716535433071	
3867	0.814	125.43145956662217	0.5933447660720386	94.98129029950945	149	32.12190750390323	10.678132678132679	153.5808410987459	8.473118279569892	10	0.69	77.29706719339093	0.6025885412777993	89.081920853993	149	30.745381451434625	10.96231884057971	103.93187611087946	8.438709677419356	
3886	0.804	125.13618676952107	0.5830075535299414	97.82614807970407	149	31.577173358918948	10.529850746268657	142.65250091439836	8.316326530612244	145	0.884	131.4302705912604	0.5734499537666949	102.36743959668074	149	30.526103539622568	10.531674208144796	144.1536012940985	8.46551724137931	
3906	0.788	121.74020516425826	0.587414545409469	105.5698877067368	149	32.70935342095841	10.84010152284264	140.99639795669202	8.90566037735849	7	0.696	79.12867504978385	0.6072067891540499	91.68583281731782	149	29.737852212490186	10.92816091954023	110.89996414897892	8.296052631578947	
3915	0.782	118.9064258121979	0.5935782816217596	96.54586425195636	149	31.65171784484717	10.67007672634271	138.52335629772395	8.330275229357799	271	0.73	82.00957152724709	0.596443813371693	93.12701544675994	149	29.841076532677302	10.917808219178083	108.25972991659373	8.348148148148148	
3920	0.704	80.12565159023801	0.6051019562174296	91.38953688663213	149	29.69885799313063	11	114.9596020625636	8.155405405405405	273	0.754	92.16026597044622	0.5979551141374351	91.55135995617675	149	30.125581891128913	10.87002652519894	117.95425672829465	8.032520325203253	
3922	0.776	102.89320851777406	0.5773468584679916	103.93068981191097	149	33.473957499776304	10.775773195876289	130.22465389341187	8.232142857142858	274	0.776	91.91263562021041	0.6019509628401374	89.68460689180172	149	30.280066867587504	10.940721649484535	121.63841222525939	8.294642857142858	
3925	0.832	124.54716924529762	0.5992977541955895	102.26355941218625	149	30.49589407359021	10.680288461538462	140.26901578794806	8.285714285714286	265	0.714	78.96832419145319	0.605837649745212	89.20282660683996	149	31.24305594449986	10.977591036414566	116.78385154856996	8.62937062937063	
3927	0.706	80.4026967945311	0.6190218740876956	91.14759929976627	149	29.868004982437967	11.048158640226628	120.34958826850216	8.380952380952381	272	0.75	90.3462066639727	0.5835133045603625	90.84780093198334	149	31.033187853157315	10.842666666666666	113.4462946283525	8.536	
3930	0.708	79.21057931149191	0.5995246827873929	95.91990483700606	149	29.866457514060794	10.994350282485875	108.73302911630705	8.342465753424657	269	0.816	110.96002175610819	0.593418999301351	97.96220740623266	149	30.212794466084638	10.752450980392156	142.73764263187843	8.652173913043478	
3935	0.71	79.63390834390056	0.6066739936396104	92.83951530886219	149	29.665791691878372	11.019718309859154	110.74191200688723	8.579310344827586	266	0.728	80.37626692149972	0.6112005249024466	97.27567580381769	149	30.091492252832218	11.131868131868131	113.22599923669301	8.485294117647058	
3945	0.706	79.82452173072366	0.6160671849119593	95.83170580326428	149	29.324532182153856	11.277620396600566	95.09051667809813	8.068027210884354	263	0.714	81.33785969949994	0.6097578562482163	89.55542763070883	149	30.074591136198986	10.955182072829132	110.69658147480642	8.083916083916083	
3964	0.696	79.23316864479997	0.6043009955612043	90.70257903088871	149	30.004803297781354	11.083333333333334	110.53568945880733	8.30921052631579	264	0.77	104.6935334767951	0.5785806329312814	94.72123205327891	149	30.99534348114164	10.54025974025974	134.05227607125508	8.42608695652174	
3969	0.672	73.49402860962448	0.6189233055304475	87.61216482626926	149	30.273863207974895	11.232142857142858	103.33637199949636	8.24390243902439	275	0.77	93.83835429478142	0.6005730599084291	92.11745426024231	149	31.041589917877737	10.92987012987013	118.65856364282057	8.243478260869566	
3974	0.646	74.17102966889091	0.6116226589432743	82.15177897490777	149	30.072350628040706	11.145510835913313	103.94136040386834	8.11864406779661	267	0.726	74.99380216532099	0.6118937650962437	91.79505691042769	149	33.31258088128695	11.041322314049587	106.42938743015495	8.423357664233576	
3976	0.684	76.18453587568371	0.6363276262399061	94.89422855740143	149	31.262772992596485	11.116959064327485	119.44179022435192	8.386075949367088	270	0.706	75.65528622712846	0.5996027674393773	89.22426454212768	149	31.299941969993142	10.93484419263456	112.5524328157217	8.510204081632653	
3979	0.82	124.06197046563294	0.5960330929233361	94.35874123896738	149	31.874134075348373	10.726829268292683	145.48426912045178	8.522222222222222	268	0.85	117.14766118259061	0.5724129302070472	105.17852317668265	149	30.770966804315883	10.508235294117647	132.4128119852369	8.2	
3984	0.794	124.90954283623856	0.5813406646530069	93.93042926087392	149	31.01979407079353	10.73551637279597	146.4014240050336	8.689320388349515	16	0.742	83.2678711718907	0.5992905421833585	96.3089795406583	149	30.22485393538793	10.840970350404312	108.94350344004499	8.581395348837209	
3988	0.75	98.13157481512042	0.5892872978872975	93.7751421865056	149	30.618944119689225	10.858666666666666	122.81088378936252	8.376	181	0.74	81.56067453009433	0.6121797684297676	93.27363987734259	149	30.056500728700822	10.983783783783784	114.0043755463563	8.384615384615385	
3993	0.712	91.84963492110923	0.6130661468772831	89.95143972172494	149	32.052755544764054	11.137640449438202	118.02544665912696	8.569444444444445	128	0.786	105.27443679645427	0.5834392424087068	99.33881168620916	149	30.949598809354278	10.648854961832061	131.77141382821665	8.30841121495327	
4003	0.736	111.4239864353345	0.6048093592610855	90.1406064955914	149	31.531212281680272	10.940217391304348	130.90913610206115	8.318181818181818	97	0.728	78.51257495447433	0.6081461923075987	91.51126553249307	149	29.93605439121859	11.20054945054945	100.94210394183452	8.308823529411764	
4023	0.746	118.54818205050523	0.5731552480882242	96.10243666803521	149	30.454838311380488	10.798927613941018	140.29362711277057	8.606299212598426	26	0.734	82.62416137546782	0.607393613047563	88.44543331834454	149	30.51906106535325	10.950953678474114	114.79165149053308	8.142857142857142	
4027	0.83	127.74340505446857	0.5730942417689402	100.44636297971549	149	31.673757332769817	10.653012048192771	148.50126781301282	8.16470588235294	229	0.822	111.8610854060861	0.5823571940360246	100.60403573241592	149	30.813764578623314	10.579075425790755	137.0120277883899	8.280898876404494	
4029	0.686	77.59303246226035	0.6196503032889138	83.70303946240497	149	30.145832662147228	11.093294460641399	101.94348472034886	8.54140127388535	230	0.768	93.75457786001684	0.5951634736790976	94.66412886997654	149	30.049316569965352	10.6796875	119.60197437402093	8.5	
4032	0.672	77.82641928992122	0.6156321274624839	83.58701070292966	149	29.449611381841002	10.99702380952381	114.29120736880051	8.292682926829269	227	0.716	70.2029610744613	0.632468435506144	91.17803461880446	149	29.731183757247287	11.14804469273743	108.59356030696719	8.661971830985916	
4037	0.754	82.82255761187413	0.6217216942486088	91.92418288720746	149	29.708274980005246	11.148541114058355	120.42360129922999	8.121951219512194	228	0.746	81.05347791114332	0.5936014326489	91.58515804795515	149	30.864533433549123	11.05361930294906	107.6540990258583	8.62992125984252	
4042	0.776	122.00874186354916	0.5882673168755639	93.28480524731566	149	30.121777543585615	10.79639175257732	148.75600526707848	8.741071428571429	33	0.832	123.11334714568638	0.5698751504199036	102.49832944732573	149	31.556981331868734	10.59375	130.64977704243412	8.44047619047619	
4052	0.776	117.34817323973112	0.5753483379449875	89.01626310788171	149	33.01803759724106	10.721649484536082	134.76669266567373	8.571428571428571	55	0.768	82.84789643996298	0.6031050876233969	87.87327150546095	149	31.221995776856158	11.013020833333334	106.28547844587905	8.413793103448276	
4057	0.842	122.11039243487043	0.5873093190789147	95.95590886144747	149	31.276277129241397	10.693586698337292	157.6651588368837	8.620253164556962	115	0.746	80.03776580926322	0.6104212321173357	96.34880266185527	149	31.559624001008665	11.002680965147453	107.3026292400795	8.590551181102363	
4062	0.91	136.6735754418957	0.5905477581027025	115.44707827793879	149	32.174371811700965	10.659340659340659	148.4853118991483	8.333333333333334	6	0.734	79.53708118498614	0.6063430174124989	88.29877563240619	149	32.02110399949129	10.920980926430518	112.12947159854222	8.571428571428571	
4063	0.624	64.84194775286569	0.6125652486653612	81.11327360637051	149	32.18183326709141	11.076923076923077	99.52294887180246	8.138297872340425	249	0.82	109.3070996298728	0.5881002872466277	97.710354834756	149	31.80848660950971	10.7	132.9145157928215	8.533333333333333	
4064	0.638	72.08062183536454	0.6319477946091443	83.5402564950129	149	30.15222123323	11.360501567398119	101.073423986619	8.215469613259668	187	0.758	79.63188637060499	0.5949368829645862	96.30539237982136	149	36.5475310061123	10.812664907651715	120.7505833205601	8.900826446280991	
4066	0.736	80.11669170401325	0.6075569131954993	90.01691705823067	149	32.29469301264756	10.953804347826088	115.46258472253493	8.507575757575758	146	0.726	76.866066703323	0.5830137257276292	89.70751906280914	149	34.265019713254816	10.911845730027549	109.17099340869761	8.642335766423358	
4071	0.8	119.6995541195212	0.5686554001553993	94.13729140221407	149	32.782711758185414	10.665	135.5786769867791	8.68	65	0.716	77.60339894180248	0.6035149285847596	91.1447450937706	149	31.814610739818654	10.974860335195531	112.7857656637094	8.56338028169014	
4081	0.792	122.14682294995498	0.564081464270858	105.30602505762207	149	33.10514441040973	10.570707070707071	139.72383328226044	8.64423076923077	40	0.834	112.07267254323607	0.5846835185863954	102.52187000510133	149	33.95746419693386	10.700239808153476	135.4782220407223	8.626506024096386	
4101	0.786	121.13926391873719	0.5795440776356804	96.40408744395029	149	32.62286509284836	10.659033078880407	140.5081458030595	8.607476635514018	28	0.738	73.37880565518117	0.6112721891177163	88.41649993552664	149	31.541267576583625	11.07859078590786	104.96098340794934	8.748091603053435	
4105	0.686	77.2609528103739	0.5989286961633041	91.34025920183426	149	31.82508182396624	10.825072886297376	110.94582698738441	8.070063694267516	291	0.776	83.64592765153142	0.5971420290174071	96.5937483014352	149	31.803407096354494	10.79896907216495	119.73266498716589	8.651785714285714	
4110	0.734	82.19116724937255	0.6072780080954463	85.48020765751632	149	33.21791301933868	11.106267029972752	111.009000837251	8.293233082706767	213	0.762	90.26938659328226	0.6060767768676519	92.97768464500598	149	31.909945352046368	10.88976377952756	113.5810930850005	8.168067226890756	
4120	0.75	94.1359574273458	0.5831187294187289	92.8940099948184	149	33.10363177990138	10.624	131.2851849706013	8.456	211	0.802	102.32724303397566	0.5859139129089245	94.68221718965381	149	32.57552521901256	10.673316708229427	137.20686514295846	8.626262626262626	
4130	0.776	98.28009828229155	0.593217103124622	93.70295087391683	149	33.19634514419192	10.809278350515465	119.28206007320497	8.133928571428571	212	0.732	78.11166125862411	0.610856865196305	95.51465797117602	149	31.64983716529671	11.01639344262295	105.38196320675405	8.522388059701493	
4140	0.802	119.40209623950159	0.5717628866007918	99.00705098447852	149	35.85452885332165	10.566084788029926	154.2762575602263	8.626262626262626	20	0.754	70.48178130105646	0.6181261267468148	105.28142451168502	149	34.44934090809871	10.938992042440319	121.94695688579836	8.83739837398374	
4149	0.774	82.91021273877	0.5880910540794256	92.30574482288957	149	35.471156957890734	10.75452196382429	124.842877382753	8.486725663716815	182	0.768	82.31158363974787	0.5878289534539525	103.93444731329161	149	35.536250927691114	10.59375	137.35189902450233	8.698275862068966	
4159	0.764	101.96999626145504	0.5936349136610917	89.35219116116558	149	32.800387766318	10.790575916230367	134.00407692681677	8.14406779661017	172	0.83	112.09248305094101	0.5722598401387232	105.29257450460028	149	36.448034917334375	10.559036144578313	135.53284784966843	8.352941176470589	
4169	0.744	88.50189136997139	0.6172386112376619	88.30633376002964	149	31.316254869590267	11.083333333333334	126.0342181137582	8.546875	173	0.736	77.91987803863923	0.6034454782216917	96.9715868356462	149	32.600812931812804	10.972826086956522	107.48380650160267	8.93939393939394	
4174	0.772	108.91647855547647	0.588836688642388	93.23071920098285	149	32.99742077312875	10.681347150259068	134.1429096956505	8.18421052631579	174	0.776	81.40486331086476	0.6046428829744466	94.88863472197698	149	33.83561803711373	10.99742268041237	116.22188385742989	8.419642857142858	
4179	0.822	118.2461591571034	0.5776316883981117	98.01452428445275	149	35.320704810861116	10.673965936739659	141.81434699282335	8.48314606741573	72	0.734	85.15871542759724	0.5902850782278569	92.76775950460798	149	33.26656023294649	10.678474114441418	123.83617992851126	8.458646616541353	
4218	0.828	119.4598337951551	0.5857264246756991	102.8971448195071	149	36.527389762904775	10.630434782608695	166.84178366576796	8.627906976744185	17	0.782	87.83556104749971	0.584967561566026	105.3926196061444	149	36.66042190038967	10.516624040920716	138.9222777645568	8.8348623853211	
4227	0.814	118.23146642077998	0.5715201635656175	102.87833753736092	149	33.30744557154097	10.592137592137592	138.3422443168837	8.225806451612904	299	0.782	88.79905523137111	0.5888607042623881	102.65915318573693	149	37.91328350348788	10.79539641943734	121.15349499711786	8.422018348623853	
4237	0.852	123.0040712593371	0.5666888210902288	108.31506753026804	149	36.697225993473786	10.453051643192488	160.77190126736676	8.85135135135135	99	0.79	78.87537690316488	0.5916082651525676	115.89989457330476	149	38.65235465366771	10.69873417721519	124.4568010502443	8.790476190476191	
4239	0.734	80.5973427027391	0.6092223965978613	91.50071018240543	149	32.99748293930783	10.991825613079019	107.71287763077198	8.24812030075188	255	0.706	74.63159897617295	0.6141636534696021	89.68622417778788	149	34.10668815343255	11.090651558073654	110.54757821396285	8.755102040816327	
4242	0.75	101.63427921002022	0.5734860324860324	95.30320805687987	149	33.528775413056294	10.544	135.17802454217988	8.304	179	0.774	83.65216263530337	0.5938271275936561	96.12052794592249	149	32.382177454293505	10.842377260981912	111.71806425045038	8.495575221238939	
4244	0.88	101.39183334718126	0.5560820240365694	125.63701884877926	149	40.55748541950864	10.11590909090909	171.17223006916743	8.783333333333333	180	0.942	126.40562518155201	0.5573993946605402	138.25764596556692	149	42.413642780646164	10	191.87669651801562	8.586206896551724	
4247	0.926	131.39597582013388	0.5386364475457348	121.4823356025347	149	40.247010599510425	10.006479481641469	178.2058779169798	8.756756756756756	113	0.794	82.26444808328033	0.5517637693960105	127.83904814170086	149	42.27205566610898	10.065491183879093	153.2714812887059	8.79611650485437	
4249	0.804	120.30165190590853	0.5761780922228679	100.73658392817416	149	34.680606625791214	10.445273631840797	146.69203488663794	8.612244897959183	140	0.788	81.39654994431527	0.6191546609059283	108.98204955760998	149	34.06441062807493	10.99238578680203	118.23541906177178	8.622641509433961	
4252	0.714	76.1129114793636	0.6035774682833508	88.91917133258828	149	35.06222939255899	11.050420168067227	121.92257984411953	8.517482517482517	114	0.738	77.94841462654985	0.5915634124983711	96.08768610547317	149	34.74695469405202	10.83739837398374	118.31425511532521	8.786259541984732	
4257	0.784	114.28238243790427	0.5909968008182288	96.51398397234223	149	35.463454150575274	10.614795918367347	152.07527347564232	8.694444444444445	36	0.874	122.81835811165278	0.5687033980512233	111.52451319613027	149	34.59163150231482	10.379862700228832	156.24708535264708	8.73015873015873	
4276	0.78	116.97309618864136	0.5711816032969875	106.07346545097121	149	34.99816758406303	10.548717948717949	155.4767807433675	8.790909090909091	42	0.816	84.2540010320384	0.6097029088270418	114.6300019470519	149	34.04848653769552	10.897058823529411	123.78724975620983	8.728260869565217	
4286	0.796	121.00206737203276	0.5559829129552752	104.92395562810376	149	36.55229844177733	10.359296482412061	164.42401476402864	8.666666666666666	63	0.7	65.77216521949025	0.6209658080015211	97.40156985106383	149	34.64807143790918	11.071428571428571	114.47914528457481	9.146666666666667	
4291	0.88	94.39426769518761	0.5203689366189371	137.1909024218232	149	43.312341412409964	9.63409090909091	149.52238275111102	8.8	141	0.836	85.57682464863429	0.5325259602173479	127.01738144647713	149	45.86525735225015	9.509569377990431	145.5324604769471	8.878048780487806	
4296	0.9	128.73326467471412	0.5470816405816408	122.12850174653448	149	40.17892645132588	10.162222222222223	171.58403138892004	8.98	18	0.778	77.97622627157419	0.5897323185240902	138.2835415122936	149	40.26799056680967	10.660668380462726	131.6472455566375	8.73873873873874	
4305	0.856	105.21140609713262	0.6038482999347464	111.19705210062796	149	36.71832417492762	10.684579439252337	155.35539686947405	8.51388888888889	167	0.902	119.27430445093337	0.5784472302764969	125.67785747730534	149	38.49661547579324	10.452328159645234	163.0931263178348	8.816326530612244	
4310	0.942	100.66898924812442	0.4367351862574799	121.83811049810562	149	51.01579648327758	8.772823779193207	201.50687007592262	8.517241379310345	168	0.934	90.86663812922134	0.44226395184639383	112.41662865263488	149	53.945356158361626	8.916488222698073	185.12932911161798	8.606060606060606	
4315	0.944	133.69211159917052	0.5447225326462609	128.42565331867198	149	41.96839715928823	9.89406779661017	163.8706428038672	8.964285714285714	52	0.828	82.93103102849055	0.5922803645629714	134.2312812529815	149	42.71968533327021	10.23913043478261	155.1041577719643	8.825581395348838	
4317	0.854	90.24240759127734	0.5087895320916407	123.87146041838682	149	47.36267148259014	9.688524590163935	154.94175409175583	8.684931506849315	222	0.804	70.80705957042261	0.5177532114099284	125.97043111611372	149	49.172964063472484	9.828358208955224	148.4166162268489	8.908163265306122	
4320	0.82	83.9836948722666	0.590459256190963	102.88993164971498	149	40.13426036267735	10.721951219512196	137.82944057208076	8.9	220	0.864	95.46750348122266	0.5932920009819496	136.3028754493378	149	41.76134413781133	10.402777777777779	145.01621798787593	8.941176470588236	
4325	0.838	81.25824218481614	0.5279646964014503	125.91032959538477	149	49.801648710864086	9.618138424821002	151.4268499233839	8.617283950617283	218	0.932	115.80229119443192	0.5173724463424034	137.09621685472825	149	50.06278998173035	9.34763948497854	166.48068936135837	8.441176470588236	
4327	0.896	112.12333566856712	0.5756560651649921	130.3971065946206	149	41.72592825669632	10.323660714285714	155.9093069613019	8.5	221	0.834	81.493062339851	0.5893732766034904	134.8978867079679	149	44.85741970869275	10.47242206235012	146.5314440732421	8.867469879518072	
4330	0.968	127.50599330768131	0.43441878942912104	121.4413790214069	149	51.92723439929383	8.731404958677686	215.46911275775582	8.625	219	0.926	86.87983186910385	0.4442321237677618	114.94958702560714	149	53.60855051209104	8.902807775377969	186.8381077128034	8.621621621621621	
4335	0.974	137.43473966756926	0.411044294514522	119.16095269698702	149	54.506128389986195	8.860369609856264	236.86396962645418	8.615384615384615	37	0.946	92.47311827973827	0.40940376278642776	113.23647139572368	149	56.45957048767941	8.906976744186046	241.95563577877277	8.592592592592593	
4375	0.964	128.11652756374835	0.46181488520700265	124.87371249452997	149	59.23917889080217	9.304979253112034	244.83754911444626	8.38888888888889	5	0.942	83.29354342471007	0.46167728237792083	117.83013522628838	149	56.006247622941856	9.333333333333334	219.6998053237852	8.413793103448276	
4453	0.966	118.41718152346932	0.4604424158772006	134.18655933301054	149	56.45959973170827	9.337474120082815	253.18536540180412	8.882352941176471	196	0.956	105.3977773875095	0.45983105109674277	129.44650795864695	149	57.27899458059612	9.355648535564853	226.108238845454	8.590909090909092	
4492	0.958	106.57707369249145	0.4583602201556289	132.77591126429894	149	56.071072137163014	9.31732776617954	225.01206189258662	9.047619047619047	198	0.96	111.23212754574561	0.4618744739057242	124.85612022721705	149	58.406222297848295	9.325	256.4768367830014	9	
4531	0.952	108.28025477544134	0.4623355402767178	134.94102082152145	149	55.367515080724566	9.388655462184873	240.7617272334605	8.75	194	0.952	94.82827316918386	0.4592130033831729	125.73641893403206	149	59.56677452497331	9.42436974789916	222.09288288521006	8.791666666666666	
4550	0.95	96.01196612293936	0.4597612971823512	128.59472425000206	149	54.112224751628126	9.383157894736842	219.58111830116948	8.44	235	0.914	89.54288065355733	0.4634081515372554	112.09180241418076	149	55.84530310362511	9.49671772428884	192.08868433801385	8.348837209302326	
4570	0.966	114.85233271570631	0.4586344814605694	129.4902477891619	149	54.73803267453914	9.304347826086957	257.9538486284218	8.235294117647058	197	0.938	90.6665635642693	0.456432663522217	130.78899473181022	149	57.76306929023379	9.371002132196162	218.3430549585343	8.741935483870968	
4609	0.976	101.55664696450371	0.45395657393608324	129.76793508150251	149	58.46473409491939	9.280737704918034	242.79259787125798	8.333333333333334	195	0.914	86.38941398804947	0.4661673119003543	128.20331216234868	149	57.527708954378724	9.426695842450766	216.61554438928925	8.44186046511628	
4618	0.954	101.14074890999245	0.4522626686148713	126.83220457700502	149	55.955863115976975	9.360587002096436	234.8396542565799	9.08695652173913	258	0.958	94.1153354946114	0.47234680188751177	118.29572954922854	149	57.64282876436669	9.473903966597078	217.02051669588442	8.619047619047619	
4628	0.95	95.51578524033339	0.45623285486443516	126.0329366763665	149	56.42140014038407	9.387368421052631	239.65489919038723	8.48	200	0.948	111.60819401693372	0.45862544628367496	122.40120250509858	149	57.56417658244879	9.284810126582279	219.9846693505545	8.538461538461538	
4648	0.952	95.17144856518227	0.46287454375689785	126.52509310017494	149	55.2674971924139	9.445378151260504	225.5775568509469	8.458333333333334	199	0.944	97.14132828433968	0.4623667822290714	122.1973401794638	149	57.462990563406876	9.389830508474576	223.29832003930358	8.571428571428571	
4667	0.938	101.71108846089375	0.46387430976983335	125.32356862186501	149	57.61966567794891	9.394456289978677	227.33528426306628	8.741935483870968	236	0.97	95.07566846953553	0.46321113594309604	125.61727470124406	149	55.25349707141545	9.344329896907217	236.56564289852474	8.866666666666667	
4677	0.96	112.05004902253468	0.46201231060606224	127.30908787438646	149	57.29816272671375	9.366666666666667	244.96040529500794	8.55	237	0.928	87.02991653427978	0.4596588815877628	137.4214617087655	149	57.09810338178364	9.357758620689655	198.8764873756983	8.583333333333334	
4687	0.966	132.8528991074311	0.4583814333814346	129.2217855249448	149	55.25564005740636	9.283643892339544	264.5304239474821	8.470588235294118	56	0.94	91.31532931809892	0.4701291143844341	128.6320609916654	149	55.58282292690227	9.421276595744681	217.00744534935328	8.633333333333333	
4706	0.96	124.92517502477588	0.47302564911939965	116.12717510798406	149	57.30711245900633	9.439583333333333	227.7212896562895	8.4	106	0.966	122.22587747119894	0.44856640943597625	134.39008809228818	149	58.33470520993444	9.289855072463768	249.75795675899667	8.470588235294118	
4716	0.962	126.5290017078675	0.45963759617605915	126.71203785378812	149	55.99534543747286	9.276507276507276	245.03101562056648	8.31578947368421	191	0.946	85.51953569924113	0.4678780404467519	131.44292538451248	149	57.44866211750835	9.405919661733614	248.9352498023093	8.555555555555555	
4726	0.928	115.32534672318913	0.4596448989229178	121.33862864150586	149	57.746276725460596	9.4375	204.13446608337736	8.583333333333334	80	0.942	108.60792768731943	0.45057260503120544	130.86064996662728	149	57.137545953664834	9.292993630573248	267.0160216804832	8.379310344827585	
4765	0.928	96.0503436284623	0.46027788662487057	123.49078158723297	149	73.39093206359794	9.368534482758621	203.1325246223948	8.916666666666666	77	0.952	88.63234335787486	0.464169694684402	123.24507164033729	149	60.47061325224378	9.388655462184873	224.92937989675391	8.333333333333334	
4774	0.956	113.85560822109267	0.45226321795359614	132.25863836212093	149	57.500030176817184	9.366108786610878	242.67327681264106	8.590909090909092	259	0.954	90.7482449650554	0.4568240052516798	126.53420242870381	149	57.249017076391524	9.362683438155136	231.6095045916159	8.73913043478261	
4784	0.954	125.82432076074498	0.4634267200304948	124.58553448450124	149	56.51056975306983	9.324947589098532	246.35247903918128	8.652173913043478	107	0.932	80.11966370284654	0.4640543350307316	120.2352811018924	149	55.82391239072645	9.3862660944206	240.0923999555478	8.823529411764707	
4804	0.966	119.26514889857857	0.4578617437313103	133.33142774216049	149	58.14249027379127	9.403726708074535	212.66128576265496	8.823529411764707	81	0.954	92.20063786752533	0.4743310788908274	109.29048990790182	149	58.366696304169864	9.415094339622641	224.13211286551373	8.304347826086957	
4823	0.966	116.06949751178858	0.46141069075851804	127.02449586751305	149	62.55521925959259	9.370600414078675	217.64360732031832	8.764705882352942	82	0.946	98.20205124142689	0.4806094774382298	110.0487764219878	149	59.5169412749489	9.486257928118393	226.68103118644638	8.814814814814815	
4833	0.96	127.81594503833851	0.4634855364542876	126.72204083659602	149	55.66905815418938	9.291666666666666	234.84489427446155	8.85	116	0.954	108.01630434860061	0.46954503102301964	114.68733831456579	149	60.12084682483909	9.469601677148846	220.25741858711345	8.521739130434783	
4838	0.954	104.63509333681168	0.45512197446159847	131.36081659311003	149	57.26411446421765	9.49475890985325	206.4504198831587	8.347826086956522	225	0.928	90.18113970253121	0.461281456809475	125.38528593762321	149	56.56546462486531	9.383620689655173	218.40365138192388	8.472222222222221	
4843	0.902	74.64415756352503	0.47145284501160356	125.24392214175978	149	71.33387493260732	9.527716186252771	191.28238443439346	8.571428571428571	76	0.928	86.09013488598865	0.4599558666907821	117.0532330878773	149	58.96841311138306	9.428879310344827	230.83949801619738	8.61111111111111	
4847	0.926	89.57591704096724	0.4668451838538239	118.66798028866519	149	56.879491185504094	9.386609071274298	231.20895742405338	8.567567567567568	251	0.932	87.85822021109968	0.45645510903021774	131.5896060316705	149	58.020919163046045	9.42274678111588	229.11671838321618	8.676470588235293	
4852	0.96	109.57152966471673	0.45998421717171833	132.83536133499246	149	59.97581791424993	9.31875	256.7577081916887	8.3	139	0.942	90.55428450654573	0.47011227743711886	124.99554302536465	149	58.44830373614834	9.369426751592357	210.96346877385633	8.96551724137931	
4862	0.958	125.4945112495435	0.4560569157124493	128.90273727478095	149	55.80722411187817	9.373695198329854	226.85376135557405	8.666666666666666	130	0.95	90.61599801559373	0.46693845335950657	123.38938156655762	149	58.042779695039975	9.362105263157895	207.87574576730833	8.24	
4882	0.964	110.45672250645543	0.4566651997149936	133.85366787308135	149	55.438093988543386	9.315352697095436	268.70152407902526	8.444444444444445	129	0.952	106.37109209072611	0.460252737458621	122.64585493365608	149	59.573693477746225	9.418067226890756	239.87650985211457	8.5	
4901	0.958	128.33909385522077	0.4551052925270059	128.59589818673564	149	55.41645069765833	9.304801670146137	239.97848455068305	8.380952380952381	131	0.946	98.05547493651058	0.463539731351572	126.62334966033893	149	56.88062289117391	9.357293868921776	230.0405457892262	8.851851851851851	
4911	0.964	106.72689429273517	0.46533137793511326	126.81504856529313	149	55.588339898471084	9.365145228215768	243.6773810447764	8.5	166	0.948	91.87827098301398	0.4740873929165074	127.50969026239534	149	56.959193809635096	9.40928270042194	216.49772897429804	8.692307692307692	
4916	0.952	108.80248691265712	0.46310209398444785	133.93653317879958	149	56.196164615389996	9.371848739495798	249.9562982066451	8.708333333333334	261	0.924	90.52256206321032	0.4635845635845648	125.64038605653577	149	55.53462159437385	9.487012987012987	196.88885417912667	8.605263157894736	
4921	0.916	92.73883286772623	0.4590013334554829	124.09542877955872	149	69.90422811389715	9.508733624454148	200.3434698414074	8.571428571428571	78	0.954	92.5440894001328	0.4656658505715117	123.99065620340147	149	56.96775109949118	9.38993710691824	221.96748596039552	8.782608695652174	
4925	0.946	94.41117764453507	0.47363150122135383	123.07052394904889	149	55.11753381728923	9.488372093023257	226.72417950778487	8.703703703703704	252	0.938	94.39848640254726	0.46350457171352716	123.5493555946623	149	56.4928303415593	9.449893390191898	204.8547437484182	9.193548387096774	
4930	0.974	118.09782476911947	0.45989463422728516	145.772212683159	149	57.4320643347943	9.283367556468173	262.728935639989	8.461538461538462	250	0.978	119.43433553973964	0.4597477845944111	121.23836107215224	149	57.54390166160261	9.32924335378323	252.92934599386987	8.363636363636363	
4940	0.944	93.14808967387741	0.4594515065913378	134.7969238339435	149	58.993972401618116	9.459745762711865	230.62643814840214	8.428571428571429	111	0.924	86.54278435662332	0.46233564415382755	128.2155762253693	149	57.68284549766703	9.432900432900434	201.13727889040095	8.842105263157896	
4960	0.952	118.03213648296129	0.46048314430667453	131.5828911756569	149	59.316755990575516	9.430672268907562	213.38246767603417	8.541666666666666	79	0.934	91.68188154050809	0.46505488919835986	131.07499659011614	149	56.19978090699449	9.45610278372591	188.26397555736185	8.636363636363637	
5000	0.96	126.06697307960263	0.4593149847837366	136.55387518577382	149	57.55442153958329	9.30625	228.08105109553978	8.75	2	0.932	89.0264404694744	0.4581772245398866	117.49833394621588	149	58.728144652656354	9.414163090128755	216.971142809783	8.823529411764707	
5019	0.966	96.75286953323898	0.46946708685839145	126.8301597377642	149	55.883304431138995	9.269151138716357	231.94979238033318	8.058823529411764	281	0.964	91.98648829303	0.46718687029890454	118.34057729058392	149	56.69902651185819	9.363070539419088	243.72033413961483	8.777777777777779	
5039	0.972	121.7892494688212	0.4661108553083873	123.18506951505208	149	60.721894800354974	9.308641975308642	236.73049367722365	8.357142857142858	60	0.952	92.26952004385738	0.46797238709003447	114.6917482409218	149	57.26272993850253	9.405462184873949	223.7307566343336	8.458333333333334	
5058	0.968	123.3246700292005	0.45896308122547946	130.51731074007887	149	57.57810577690641	9.34297520661157	229.96655273412787	8.4375	61	0.95	114.20465474144473	0.45677471066944814	121.75143117365587	149	59.44878095383236	9.372631578947368	233.80817663976896	8.28	
5068	0.968	124.47919345941655	0.4658798731112792	134.47092037758972	149	57.092638113606384	9.392561983471074	241.31804766193824	9.125	126	0.952	94.13812198399597	0.46355466428995973	127.54489721478502	149	54.9226196506657	9.346638655462185	238.05723674594194	8.875	
5073	0.954	107.84047748331483	0.4578777616513476	128.3000567683262	149	55.884236312945994	9.379454926624739	228.93423239511085	8.652173913043478	226	0.928	86.72086720960796	0.45196795541623336	132.97848158710363	149	56.72378406106129	9.448275862068966	200.76921745425204	8.333333333333334	
5078	0.91	109.81584727160224	0.45560661560661697	122.60039823400865	149	61.0931786507763	9.424175824175824	201.88833879914318	8.533333333333333	58	0.94	91.13295716611456	0.46818950552993205	120.46728005965336	149	56.24157639893073	9.448936170212766	217.20302563830631	8.7	
5087	0.946	105.36163767143017	0.46541188433366093	125.14798327842968	149	57.101567973714054	9.40169133192389	220.86662688341312	8.37037037037037	127	0.954	89.66839611923038	0.4642622867465645	121.05251586813253	149	57.884049749435796	9.461215932914046	202.51467084534792	8.73913043478261	
5097	0.97	129.21273478115975	0.4653282227509045	130.18964459483414	149	54.911690947784535	9.29896907216495	248.6425324018467	8.4	62	0.962	94.85121571363686	0.4715036580421199	117.99935215274259	149	57.438616163263056	9.376299376299377	240.9509031353313	8.473684210526315	
5117	0.972	130.74708778317265	0.45775294093195473	135.08417283009817	149	55.50009193659847	9.331275720164609	244.84022116442569	8.5	59	0.962	108.68091644240805	0.4599345445499301	123.25952363603781	149	59.146189637212736	9.401247401247401	214.26483363855897	8.473684210526315	
5156	0.98	129.45838837405023	0.4609111523397252	137.7200136523863	149	55.97395081635875	9.295918367346939	252.503332562033	8.3	57	0.956	97.68858188087513	0.4507665567812027	126.94726993740893	149	56.76465290531161	9.353556485355648	250.49268785970614	8.590909090909092	
5165	0.932	105.68570975125772	0.457229650416347	127.61123336542673	149	56.63930279440733	9.38412017167382	228.63947324080908	8.617647058823529	239	0.956	92.99068147617126	0.4589260808926091	122.44694786103692	149	57.20618852167395	9.338912133891213	237.06537413914918	8.863636363636363	
5175	0.938	104.21759032909871	0.4640001789255523	123.49620386617	149	57.93800104898085	9.302771855010661	224.22491286613067	8.67741935483871	238	0.94	89.3349299575565	0.4658596604341289	122.28067287896955	149	56.819638319279925	9.465957446808511	215.86893304629157	8.7	
5185	0.934	100.9140609816281	0.47142596280711996	123.3346725554067	149	57.40876649329602	9.406852248394005	220.08994103895355	8.818181818181818	240	0.93	89.34232520602859	0.47053454311518833	124.80755318107451	149	58.065307621715746	9.526881720430108	199.30774337104341	8.285714285714286	
5195	0.966	130.593483842796	0.46251646903820953	124.91641937554066	149	55.411820188573714	9.343685300207039	260.47571595064875	8.411764705882353	94	0.938	102.20982434690961	0.4575428717219775	132.1958945018516	149	59.76582043659201	9.379530916844349	221.58400307701714	8.419354838709678	
5214	0.964	101.04609966321871	0.46258660657001005	129.78454711436032	149	57.2542140691484	9.311203319502075	219.76560553402598	8.722222222222221	170	0.962	104.2005155870955	0.45871133371133493	132.96580529953644	149	55.8780583454411	9.367983367983369	249.86420058183256	8.68421052631579	
5234	0.946	114.32576801128768	0.4544568304610601	120.94458060273848	149	65.2372500211049	9.395348837209303	229.59365401053196	8.62962962962963	93	0.906	89.4726446756206	0.4588355965839416	121.83005794443721	149	60.023768290486295	9.390728476821192	215.53153702931823	8.53191489361702	
5253	0.958	107.60659567728251	0.4550230504823419	135.26838593274672	149	55.860105538286206	9.31732776617954	247.51614349391318	8.952380952380953	214	0.936	97.61999124043389	0.46877141732911015	123.83016535398016	149	56.696785985847235	9.352564102564102	243.0875411402909	8.53125	
5273	0.962	98.68488541443023	0.4646086646086661	137.85873857159856	149	54.4968810539123	9.35135135135135	255.92174215951368	8.894736842105264	98	0.93	88.92713711905293	0.455855416984451	130.5341866650543	149	56.08540605845869	9.460215053763442	227.73585409796883	8.571428571428571	
5312	0.968	130.91695969550162	0.4568769786228473	133.33583265437076	149	56.539671456423946	9.297520661157025	275.7799663095387	8.6875	32	0.924	78.75357970740089	0.46339094407276377	128.52245890853865	149	56.354824256755236	9.454545454545455	210.54412771245234	8.552631578947368	
5331	0.948	110.83571061167734	0.453211931060034	133.19573098420605	149	55.55915863668532	9.358649789029537	222.15849697855262	8.692307692307692	241	0.956	90.07311374051618	0.47776196955067196	121.95999013509594	149	58.90905848574782	9.518828451882845	204.8401086303118	8.5	
5351	0.954	94.68230810464789	0.46311437223387014	128.39263827128488	149	56.56443313876249	9.39203354297694	222.50651853591896	8.347826086956522	159	0.952	95.41946476939617	0.46243756243756307	120.09479875317022	149	57.653124151462556	9.411764705882353	224.28932474970108	8.5	
5390	0.956	125.72991740702635	0.46379062592451864	130.73251558554963	149	56.94397001444225	9.330543933054393	235.29945286786278	8.636363636363637	120	0.956	114.91489566266888	0.4528818519927318	132.3107536322962	149	58.1184056132388	9.320083682008368	239.68552248982513	8.545454545454545	
5468	0.96	127.43926722329962	0.4665893308080816	124.66399520264709	149	57.722299292978576	9.297916666666667	250.38272129909296	8.4	34	0.914	85.80226052328207	0.4562534535729298	127.81294274637816	149	58.282157309728866	9.398249452954047	214.94783931636417	8.790697674418604	
5487	0.96	127.23995334480387	0.46005200239575444	130.57028004128406	149	58.057040873351944	9.304166666666667	249.29597775974082	8.35	138	0.94	91.63043690119243	0.46391951429185546	130.6097795316872	149	56.75765180058566	9.380851063829788	226.04465546502072	8.5	
5497	0.94	115.48195287347156	0.457604936434725	132.04862496313595	149	56.46522458644988	9.391489361702128	238.18580546519033	8.333333333333334	234	0.95	89.49262392365179	0.46043099006257066	130.50385656355772	149	57.9834448939675	9.402105263157894	231.62555794050908	8.52	
5507	0.932	105.96689103085232	0.4658310573546641	121.00073892967517	149	63.85800922228592	9.414163090128755	203.86978983262813	8.676470588235293	74	0.942	90.73046694403965	0.4754948224693451	117.51212548860862	149	57.18461383674862	9.509554140127388	213.63197920095126	8.655172413793103	
5526	0.942	103.47327489705673	0.4520866842522906	124.21516873730192	149	55.43087580916315	9.335456475583864	240.44330237441145	8.689655172413794	143	0.934	89.3318285279996	0.46852913919295075	122.00234084405777	149	57.36915998535168	9.4389721627409	211.37873986958908	8.515151515151516	
5536	0.97	110.99414134076932	0.45908882640841603	134.90997795524066	149	56.993455920757214	9.309278350515465	243.06900767600973	8.666666666666666	184	0.954	118.64195995569665	0.458047048455855	138.35746709268926	149	56.290439292951966	9.29350104821803	263.9385451767692	8.565217391304348	
5541	0.956	95.00715535120662	0.46699949283631303	125.97254214893408	149	56.72022784889964	9.410041841004183	221.23583554592173	8.636363636363637	190	0.964	88.58991324834291	0.4686512427176333	120.28413929935066	149	55.274653135920246	9.437759336099585	245.24463750928913	8.722222222222221	
5546	0.906	91.96102314292641	0.45108368452739406	133.67358697951587	149	71.55588104372578	9.443708609271523	203.5383300876277	8.829787234042554	73	0.916	91.35334596587512	0.45525340743681497	125.75114165667006	149	59.524206897802436	9.382096069868995	211.20163776136374	8.357142857142858	
5585	0.91	109.980421066546	0.4538417138417151	128.1220235130849	149	63.04693888793504	9.342857142857143	209.8610961647543	8.933333333333334	75	0.922	88.04430863198014	0.45993389594257406	118.05632636793429	149	57.19563170427841	9.412147505422993	232.8637613531731	8.64102564102564	
5590	0.942	101.77402277571976	0.45335306354414784	136.76099853522237	149	57.036584015831764	9.32484076433121	251.6538234303921	8.862068965517242	262	0.926	89.2134571671033	0.46307345761989505	126.10409981531654	149	56.08520635979152	9.479481641468682	216.40655382067354	8.432432432432432	
5595	0.958	108.35878294292336	0.46079795871027734	124.28793211703494	149	55.639143502318376	9.377870563674321	247.2832866544383	8.761904761904763	142	0.934	78.60364909444424	0.4611732545351405	125.89999623381816	149	57.19151387775565	9.516059957173448	209.83085944141334	8.757575757575758	
5605	0.962	122.83255445678468	0.4662083412083417	128.35392239318713	149	58.55141267797518	9.446985446985448	251.57117522184376	8.210526315789474	105	0.938	88.17446888483545	0.46279346689794526	118.24898893642909	149	58.251280914391636	9.390191897654585	246.59460595991368	8.451612903225806	
5625	0.948	122.01400329489877	0.46777745812556065	127.65821129238512	149	58.69014571313078	9.443037974683545	251.67714556607416	8.73076923076923	21	0.956	95.11869938152282	0.46562828152786323	121.8218372272486	149	60.96227991745709	9.46234309623431	227.7293842119716	8.636363636363637	
5781	0.95	118.6550759381941	0.4586411483253598	124.72333037609904	149	57.12049506994291	9.410526315789474	219.50524588249434	8.6	86	0.954	109.01112964844958	0.4583297904052629	116.73234338830278	149	57.878902557381956	9.358490566037736	217.44240916672973	8.782608695652174	
5800	0.962	109.08018867890893	0.4566144412298276	126.94573127131675	149	58.13248462754926	9.365904365904365	217.40608014819693	8.578947368421053	282	0.942	90.99690881028475	0.46494332513440895	119.43675221656429	149	57.98071985771711	9.409766454352441	215.3099903042679	8.344827586206897	
5810	0.944	99.62219548852146	0.46584279068389356	121.43480240477018	149	56.507736977102496	9.38135593220339	240.57048570067465	8.892857142857142	283	0.932	87.33951832185612	0.45830136125200704	124.79241352868348	149	57.966808487740884	9.431330472103005	227.28872663562606	8.676470588235293	
5820	0.938	88.972359759078	0.4662009217979377	122.27304636601588	149	55.70461725337403	9.46908315565032	214.50662523000068	8.612903225806452	276	0.94	90.23018295461985	0.4695889335251049	119.00865009545744	149	57.40437998524912	9.419148936170213	215.96049494992016	8.433333333333334	
5839	0.924	104.91177873093991	0.45480176389267446	137.50154895033276	149	56.94032419929075	9.383116883116884	241.36160512902882	8.710526315789474	277	0.932	90.22614622211889	0.4624008323579149	127.16863217306886	149	56.64325967392542	9.356223175965665	239.18108387951494	9.088235294117647	
5849	0.95	91.17782555381007	0.4733141127877974	125.15976139295192	149	57.018127404165625	9.393684210526315	242.41191005548706	8.6	278	0.91	85.410722331618	0.4542268415345344	115.91242154764424	149	58.664273256290954	9.331868131868132	226.82007236905184	8.622222222222222	
5859	0.956	110.5867110848275	0.47162646744236764	125.09228247024382	149	57.207521442352636	9.378661087866108	235.62928780867597	8.636363636363637	207	0.926	97.38552468231197	0.46007042513522134	122.67609032967071	149	60.89016238272623	9.460043196544277	225.6904632291506	8.81081081081081	
5937	0.954	120.38462509106849	0.4704148402261616	136.28963513901024	149	58.37079136366613	9.375262054507338	240.66874306242448	9.08695652173913	22	0.954	101.55418352296726	0.4591035740406824	127.08859626900004	149	56.96163758048709	9.375262054507338	232.68475019785149	8.956521739130435	
6015	0.954	124.53657772166943	0.46302526962904456	118.38059203238927	149	55.48805546675964	9.459119496855346	239.83201898942258	8.478260869565217	47	0.954	91.42309535373047	0.46385797989571687	128.45297228333413	149	56.534760684116996	9.371069182389936	235.31788979460939	8.565217391304348	
6034	0.932	92.30464494342978	0.460058741925696	124.89826962147615	149	56.62130417642094	9.32403433476395	212.04688218305128	8.558823529411764	284	0.934	89.96513128666412	0.46060027885509786	116.53069114428857	149	56.951836201012924	9.394004282655246	220.12109425714243	8.666666666666666	
6044	0.934	93.1002173001444	0.4571053143858291	131.3892746570868	149	55.98916573684853	9.372591006423983	229.8212858787535	8.606060606060606	285	0.908	82.71389010448273	0.4595553553152684	115.7222207119341	149	58.74823197559293	9.409691629955947	208.04330445573396	8.673913043478262	
6054	0.966	123.04165074474851	0.4554086412782072	136.73056371207443	149	60.526715745380834	9.306418219461698	241.62418208350243	8.529411764705882	95	0.938	90.64203161826434	0.46599002158703706	115.2085447338124	149	57.524089425519314	9.488272921108742	211.8892990245013	8.903225806451612	
6073	0.946	103.44224292361548	0.46316084080354786	129.17774951052291	149	57.54717315675484	9.399577167019027	238.00466126041417	8.814814814814815	286	0.942	92.74757300789189	0.46716676812218194	121.06834169632923	149	57.1815361312643	9.346072186836517	217.845462158189	8.344827586206897	
6083	0.948	105.24913402755764	0.45955596208760835	128.58819911012094	149	56.22535952598315	9.375527426160337	210.18449520014406	8.615384615384615	287	0.934	106.90168250014688	0.4606958233296573	124.7607748286735	149	59.58155611124963	9.411134903640257	220.0891832569653	8.666666666666666	
6093	0.978	128.9284960960398	0.45940226553723634	136.79429604477542	149	57.902715169393424	9.32924335378323	260.2623431372352	8.181818181818182	43	0.924	77.68884105692766	0.46599107962744324	109.74146601820749	149	58.894105384796994	9.474025974025974	223.6998581515883	8.894736842105264	
6102	0.948	90.26336335758394	0.4723815155777192	128.99310553373044	149	54.872714334720484	9.428270042194093	237.00308363636077	8.615384615384615	231	0.94	88.48891064492838	0.45762303889963624	127.69718191326736	149	58.55662638267652	9.370212765957447	243.55185909128244	8.9	
6112	0.948	99.6824462166652	0.465079060648682	124.94518918335329	149	57.58031778300208	9.379746835443038	244.35916688742617	8.038461538461538	133	0.958	90.89873994231704	0.4702088737057434	123.73098765859248	149	57.067888153372884	9.421711899791232	228.39503570721888	8.523809523809524	
6132	0.946	122.69461233401061	0.4627466320383882	129.08791485028928	149	55.16611175372424	9.399577167019027	224.80594021760697	8.518518518518519	132	0.954	91.8225918216074	0.46539768756750055	118.75930123420412	149	57.11958347891919	9.348008385744235	214.52375683411088	8.347826086956522	
6151	0.968	104.65317419153135	0.4642426329409815	124.30192740246945	149	55.95897002493623	9.37809917355372	230.01367307209622	8.375	185	0.912	82.95584784109745	0.46133756594283026	117.53078314789818	149	59.571783293760475	9.478070175438596	211.4945363925943	8.795454545454545	
6171	0.964	124.81226371267357	0.4643739904632029	130.83488613870102	149	56.272337937984815	9.33195020746888	241.70101167791518	8.38888888888889	101	0.93	89.8498637759677	0.46818394866781954	114.72371180074968	149	56.79104993861798	9.365591397849462	233.00085720203032	8.685714285714285	
6250	0.968	124.19491416873731	0.4708546848009662	126.61292731615279	149	59.88588342634841	9.37396694214876	228.8805953408064	8.5	14	0.946	93.9480008746787	0.46223439468682603	120.81176168568264	149	57.472327985812555	9.414376321353066	207.4580320212426	8.62962962962963	
6289	0.966	114.89877964774413	0.46908610712958626	124.78728708053171	149	56.16987344928493	9.339544513457557	253.11218162508493	8.764705882352942	134	0.964	113.37708465636365	0.45958495745840244	131.3748593641421	149	56.35380634666167	9.379668049792532	237.28262182247204	8.5	
6308	0.942	89.5420239166466	0.4659552820380855	122.96413668743212	149	57.282379438833445	9.45859872611465	229.58431934352618	8.89655172413793	288	0.946	87.45816615186294	0.4676356178470356	121.84203127452926	149	60.5171694428877	9.418604651162791	199.388255516271	8.62962962962963	
6328	0.954	103.39445961693843	0.4630196090887931	133.8711142987326	149	56.551721416040635	9.30607966457023	251.86920717439048	8.695652173913043	121	0.928	86.49615986749704	0.4593874755512703	134.4200227978086	149	59.484770244950646	9.40948275862069	221.11588360440047	8.75	
6367	0.952	108.38874214474608	0.46376291192467806	131.55584418764332	149	56.63179762642511	9.355042016806722	237.1849309082682	8.666666666666666	122	0.924	85.62532433944938	0.4664000982182809	125.12951883441411	149	57.71946123554348	9.383116883116884	228.23747481148504	8.789473684210526	
6386	0.97	106.66138857810834	0.46603140845408964	130.39855816460494	149	56.71144169236858	9.37319587628866	239.95204982900353	8.666666666666666	161	0.934	82.44183172659943	0.4680920554582235	126.63418146871483	149	58.14442430613013	9.458244111349037	217.1609275742012	8.787878787878787	
6406	0.976	133.32240526350137	0.4578077034531973	126.90359216940168	149	55.574955172936384	9.342213114754099	229.25197223186032	8.25	48	0.916	85.81760947374835	0.46971656436721926	112.63399069375757	149	60.83253218067396	9.543668122270743	223.26065170394486	8.404761904761905	
6445	0.97	126.17393792834706	0.4575820056232443	130.8207779599619	149	56.356896622067985	9.344329896907217	237.87085369373963	8.866666666666667	70	0.916	84.47690718604731	0.4629339243968071	130.62757107303597	149	56.60215363670136	9.37772925764192	232.53924929154363	8.523809523809524	
6464	0.956	109.16980701174262	0.4776687863507952	120.2958783197871	149	58.81481277438986	9.414225941422593	220.1735106544116	8.5	171	0.918	76.80722891535144	0.47361612606710657	121.0033396257897	149	55.36499032719863	9.461873638344226	216.1149845442389	8.658536585365853	
6484	0.95	108.20045558052128	0.4740648591174916	132.81212670738446	149	58.411492629834584	9.418947368421053	238.76831445026238	8.52	54	0.934	83.78635376934498	0.471503579694158	113.71421870630526	149	57.90551211264483	9.507494646680943	205.96389774415383	8.363636363636363	
6523	0.954	101.24594061159625	0.4667859452450655	130.5491506478348	149	55.31280761975654	9.452830188679245	223.80858233507863	8.91304347826087	208	0.922	80.41585989241153	0.4715822921354377	119.59395950738038	149	59.088964943001706	9.503253796095445	208.1086836404673	8.820512820512821	
6562	0.958	127.76399669201268	0.459750954218597	129.89891988936665	149	56.163344163022416	9.488517745302714	222.99258087148664	8.619047619047619	23	0.896	68.49629233236124	0.4849080173298916	110.86337083710401	149	57.90937257763127	9.676339285714286	185.4349288008229	8.576923076923077	
6571	0.936	82.4393595101406	0.47035418285418357	135.7398287966581	149	59.5777705945675	9.497863247863247	216.1736955452707	8.40625	244	0.898	86.91948816209448	0.4673630254922017	111.80876679997382	149	59.79836572118685	9.583518930957684	202.59222260685377	8.72549019607843	
6581	0.918	81.83422774530753	0.47091444019548684	127.93825079222319	149	57.81376065026813	9.494553376906318	213.52756633827968	8.829268292682928	242	0.944	88.8487312693416	0.4654897656486645	123.1119836291156	149	60.53859351178501	9.489406779661017	215.0526125299794	8.535714285714286	
6591	0.922	86.90570448237371	0.4632366548852454	124.01865075649616	149	58.64507276537617	9.572668112798265	206.93318147309162	8.58974358974359	243	0.906	74.54213358351431	0.46471185792377906	118.86812241757649	149	59.318104205205806	9.54746136865342	184.3083928638073	8.72340425531915	
6596	0.94	91.07821099048537	0.45630990758650425	131.39121656162035	149	56.29803813987614	9.41063829787234	241.59245301054062	8.733333333333333	256	0.934	82.53362317289111	0.4718203281372446	119.49830273332567	149	59.84933702843501	9.451820128479657	221.99205791697167	8.545454545454545	
6601	0.972	129.24500704850084	0.4665087484531945	126.1986859427157	149	54.25411760840658	9.298353909465021	270.6011417380527	8.642857142857142	135	0.916	76.85724354376919	0.4738912046226458	119.8613918246639	149	59.6465473760929	9.604803493449781	191.8487707500246	8.595238095238095	
6620	0.97	96.59622776786914	0.47012964698531806	132.93563853013868	149	54.628624524481324	9.404123711340207	241.64451261450736	8.8	137	0.904	77.3561979078972	0.4634034782817973	120.54499449213098	149	59.861560027621046	9.56637168141593	194.3105740732941	8.666666666666666	
6625	0.952	107.89980732065648	0.46627053502053567	118.16131475917155	149	56.24963944698838	9.308823529411764	233.82334327767538	8.5	257	0.902	77.01371219786095	0.47163641975171927	110.41978727313332	149	58.4748940889243	9.556541019955654	199.36223196822442	8.551020408163266	
6630	0.92	85.05288070477245	0.4599640637140649	130.74526058225123	149	59.43705566340264	9.47391304347826	206.67774611440672	8.7	253	0.914	66.74261011725822	0.47286163265375564	123.52117212866513	149	58.18903377872597	9.638949671772428	189.24670974028598	8.604651162790697	
6640	0.944	104.66096057475265	0.4643967790683897	118.45146595666402	149	65.20168079469012	9.332627118644067	240.96158775811872	8.928571428571429	84	0.902	75.73213326209942	0.4718543528410487	114.2214748693134	149	59.54499112828327	9.623059866962306	194.06438422576727	8.693877551020408	
6659	0.94	82.4735031934688	0.4650848914678714	122.35852051079391	149	59.64132970118403	9.58936170212766	195.40171376691012	8.366666666666667	177	0.964	101.5185661037968	0.4644998500807636	122.11941687422555	149	58.511559307163594	9.381742738589212	244.81774675024246	8.333333333333334	
6679	0.92	89.98963162924838	0.46303021857369786	123.00232637962903	149	58.83849192617945	9.51086956521739	201.59123914207134	8.55	176	0.952	99.80500283212814	0.45612549215490467	129.04750714841808	149	58.003585700515224	9.445378151260504	212.54465932634443	8.583333333333334	
6698	0.936	100.41841004188113	0.4663239478944614	118.93589756970289	149	60.80446119028728	9.542735042735043	213.88099448161967	8.375	245	0.894	73.6784848937277	0.46821006485436095	118.28449117251546	149	61.318151310926666	9.536912751677852	189.25021622386114	8.88679245283019	
6718	0.934	98.00629590737269	0.4492270339700762	121.76991353834326	149	67.12780261278988	9.400428265524626	201.60783065078866	8.727272727272727	83	0.894	74.46152820932024	0.47725386718675306	117.18640060410313	149	60.62173413567734	9.586129753914989	184.59503335457737	8.566037735849056	
6737	0.928	79.7620889416716	0.47215766752404714	127.61318356969186	149	58.78020666317804	9.519396551724139	220.97550685598844	8.527777777777779	247	0.912	76.1472179543169	0.46860686827792125	118.5778696375488	149	59.94211640438894	9.484649122807017	211.10589193880324	8.613636363636363	
6757	0.948	104.73055082948821	0.4818528108085073	119.9734935113709	149	58.78238521280509	9.481012658227849	194.3684438375345	8.538461538461538	100	0.9	74.62439056701372	0.46570202020202056	118.87102158190318	149	60.320609449530004	9.613333333333333	198.94774310637777	8.64	
6796	0.956	106.63216365014793	0.46442344266612207	123.01232328989606	149	59.29816363973658	9.43305439330544	219.20236194992003	8.772727272727273	85	0.906	73.60467950344885	0.47307808085953756	115.22575477711436	149	59.997604107236505	9.609271523178808	180.3741997497611	8.574468085106384	
6875	0.952	113.9710283714131	0.46713694801930217	124.85808150299023	149	57.34471838319209	9.4390756302521	227.84357519445777	8.583333333333334	15	0.896	76.91779410700147	0.4702418675074929	126.35291267979677	149	58.974048583422075	9.491071428571429	214.83762747133105	8.615384615384615	
6884	0.924	80.86819534411059	0.46892043142043255	123.05164151042695	149	58.55429462770101	9.508658008658008	210.54403929696485	8.394736842105264	260	0.922	69.17974729033169	0.47225458320903013	114.74092575923035	149	63.41648430363093	9.629067245119305	193.57731753602818	8.794871794871796	
6894	0.926	89.97279440226403	0.47230944601354996	126.08831136480178	149	58.594550186640646	9.4622030237581	206.28528294251936	8.35135135135135	246	0.906	76.22284666209096	0.4688517883882128	111.31029800873453	149	58.7379311614618	9.509933774834437	207.96852538414922	8.51063829787234	
6914	0.938	80.72705991726566	0.4711810577482221	119.3964681506673	149	59.804195506180676	9.477611940298507	209.3217644992003	8.516129032258064	205	0.912	74.35671656520623	0.4704545454545454	120.97283221888962	149	60.09692947195713	9.55921052631579	198.02917635662016	8.795454545454545	
6953	0.94	103.54703679247869	0.4687819686223947	123.29249226863968	149	58.28312172251234	9.476595744680852	202.18205775244817	8.833333333333334	203	0.916	76.68608934470703	0.4689096202196634	111.48547236856753	149	61.283223803348044	9.565502183406114	201.52458655674832	8.5	
6992	0.94	82.21670223664471	0.4667477971201386	126.32857050143744	149	59.2724178285514	9.46808510638298	233.06065137518837	8.8	206	0.91	73.36698002189124	0.4672755022755027	111.67022316730176	149	60.88972341493976	9.58021978021978	178.93817518007424	8.866666666666667	
7011	0.934	83.09164991264514	0.46714430584880373	130.44599359686802	149	58.89656635370992	9.447537473233405	205.38961440681825	8.696969696969697	292	0.918	76.60725015084617	0.4656779374099633	109.366940858799	149	60.302958357356744	9.509803921568627	198.24203394759056	8.341463414634147	
7031	0.928	102.82548476295129	0.4616216039707427	127.98146666717683	149	59.93895394628531	9.461206896551724	215.99677442474766	8.583333333333334	201	0.912	77.01271723112791	0.4638456937799051	120.75228106661778	149	59.22396279604918	9.55921052631579	199.69191443451746	8.5	
7109	0.928	80.93352636509454	0.4717487373737378	124.44776319284026	149	59.05711149725668	9.512931034482758	212.42239230856453	8.86111111111111	202	0.89	74.87296833329282	0.4675929563570017	122.48881339883914	149	60.36501489700509	9.498876404494382	214.87416395828086	8.454545454545455	
7128	0.922	89.04255113701642	0.4762418107320496	117.50858967060152	149	59.152780649328164	9.49240780911063	233.65901118851306	8.76923076923077	248	0.928	77.0610509523305	0.47450432709053375	120.97550385291186	149	59.4487007523165	9.53448275862069	201.18857328409266	8.416666666666666	
7148	0.942	81.84187662895202	0.4745523172274771	137.08375073236348	149	58.880212145003625	9.522292993630574	218.50690882357114	8.551724137931034	204	0.928	75.63532038990834	0.4769998978511905	113.0957021120714	149	59.61407079779191	9.668103448275861	191.06469215028645	9.027777777777779	
7167	0.956	97.62872490324204	0.4583861628840723	125.3166359801096	149	56.92955481528143	9.313807531380753	248.77040937224405	9.045454545454545	289	0.9	73.02823758506716	0.463052922386256	114.90264148284226	149	61.26346803623178	9.608888888888888	190.45449784867355	8.54	
7187	0.954	105.92232362975908	0.4648269910848541	132.3722077992915	149	59.38096234596032	9.448637316561845	221.58070689541105	8.565217391304348	118	0.914	78.46975394549808	0.47032112064934817	117.22453155828215	149	58.58640496384291	9.481400437636761	201.5649597342895	8.465116279069768	
7226	0.944	103.81840577178241	0.46549178222907134	123.85699402464422	149	59.353228612428566	9.408898305084746	230.36173057739222	8.642857142857142	149	0.874	70.34431692082153	0.4794437510112564	112.93203051187282	149	60.18521497738033	9.615560640732266	191.4721699802269	8.571428571428571	
7245	0.944	103.99682721611096	0.4705235618900879	129.15958150678185	149	59.042389805262644	9.474576271186441	222.65504305497262	8.464285714285714	151	0.88	72.2946994838442	0.4683681659249842	112.49079243526015	149	61.13905141080409	9.470454545454546	195.63687994779784	8.85	
7255	0.91	88.26724606160711	0.46843118420041585	127.31063645601037	149	59.75427761357897	9.485714285714286	212.25506595723562	8.444444444444445	224	0.894	75.90938423311997	0.4605651681155033	113.95999616644116	149	61.09670030383646	9.501118568232663	188.05499341831145	8.528301886792454	
7265	0.914	87.83563012879436	0.47390067991818585	128.45582158445222	149	61.241150862930965	9.514223194748359	205.85890291498856	8.813953488372093	148	0.918	76.3498453045094	0.4655090793979686	121.18487193208038	149	59.27718149610451	9.562091503267974	209.98270841708154	8.829268292682928	
7284	0.938	82.37608458932974	0.47113259874453983	130.9081780847541	149	58.72786336829888	9.50319829424307	219.31342743596264	8.419354838709678	152	0.898	72.28993254063272	0.47045657880847236	118.40458402225258	149	59.28899185210475	9.596881959910913	178.2105373278217	8.509803921568627	
7304	0.94	82.34201720368293	0.4780972986824054	126.34090263669529	149	58.86906450255933	9.48936170212766	212.7880414780762	8.566666666666666	150	0.91	68.22714390749249	0.4690468932776626	115.22529570047705	149	58.53165448066885	9.512087912087912	208.33266120672027	8.644444444444444	
7343	0.948	82.08502900767446	0.4815621321950435	129.46338503133805	149	57.750840827807586	9.5	200.05718830540934	8.538461538461538	119	0.914	76.02475379355357	0.47270916537874885	114.72528390979096	149	59.456669361383376	9.549234135667396	197.69643758694005	8.604651162790697	
7500	0.95	102.49660142772095	0.46652570236780805	129.73789739467625	149	61.98041041407877	9.477894736842105	213.56240547615252	8.32	8	0.922	69.29829835948254	0.4729608364640902	117.59354581238684	149	59.91177009801498	9.681127982646421	189.18190842048273	8.615384615384615	
7539	0.948	93.24651309085043	0.4615462069576003	130.49119512005728	149	54.676826562859844	9.358649789029537	234.27301343158842	8.923076923076923	209	0.926	76.3925554370427	0.4664495511687735	119.88758433393393	149	60.08029767567239	9.5377969762419	210.7683195362818	8.486486486486486	
7578	0.942	106.08347034848913	0.47221508734247625	127.20640994930464	149	57.69427049663044	9.422505307855626	216.88880314827628	8.655172413793103	69	0.918	76.26738447739368	0.47444285320102286	118.17837363050934	149	59.1744345580909	9.522875816993464	215.26421124532578	8.414634146341463	
7597	0.944	89.72531128262641	0.468909597935022	123.71840230984503	149	59.54608038565346	9.478813559322035	223.28519988720555	8.678571428571429	296	0.916	75.38598281628833	0.4790766244914713	112.49168269028164	149	59.469371341837785	9.572052401746724	194.44355095220095	8.523809523809524	
7607	0.934	80.44511817068839	0.46773824557550486	119.44675215369253	149	58.48007674358006	9.563169164882227	201.55042957231234	8.727272727272727	298	0.902	75.19925300826658	0.4677422786624562	119.53271045635034	149	60.546598461489225	9.545454545454545	201.63605037155529	8.387755102040817	
7617	0.914	78.38361662309067	0.4701968770349518	129.15935503541155	149	58.25014137665684	9.514223194748359	220.2085409763754	8.651162790697674	295	0.928	77.18924674006314	0.4654401274013341	121.19229692433167	149	58.39444442204044	9.530172413793103	199.42104390754645	8.472222222222221	
7636	0.928	80.20743301596984	0.46928619751895634	132.94904972727312	149	57.31590761306784	9.47844827586207	211.6863573813659	8.38888888888889	297	0.936	77.91818590620386	0.46652687293712974	122.72726514070379	149	60.52902998770452	9.461538461538462	220.84200017427406	8.4375	
7656	0.936	103.56731875540345	0.46748861893092786	121.80021023830517	149	58.67004161884338	9.463675213675213	205.97632933177346	8.625	39	0.938	78.71372707059167	0.4698805754775907	126.5262398905479	149	58.92930352128696	9.477611940298507	225.46592657178542	8.451612903225806	
7695	0.934	89.30620362477248	0.4694053448336111	120.27884870083858	149	58.86832959826754	9.541755888650963	201.29495675754288	8.575757575757576	217	0.92	76.9539614548127	0.47750544745109996	124.7028872287258	149	58.70006673391519	9.48913043478261	203.75432083667098	8.45	
7734	0.944	101.28538014251046	0.4704926547087571	124.6688983939297	149	58.7436958116358	9.533898305084746	205.0766934209067	8.75	153	0.908	75.52191632822155	0.4705451670209377	120.91886591161006	149	59.51875537069431	9.477973568281937	217.61197818171522	8.58695652173913	
7773	0.938	102.51590198677424	0.4680554105927251	127.88396576952854	149	58.65578908954458	9.535181236673774	220.74388765468302	8.741935483870968	154	0.928	76.18171967169368	0.46745936654341863	119.84030438317012	149	59.463561492994316	9.609913793103448	195.04471051745492	8.444444444444445	
7812	0.93	102.9034256891096	0.47206473335505655	125.4193814875845	149	56.991077971414434	9.520430107526881	214.5176286429875	8.428571428571429	38	0.898	74.31068153952494	0.4689530649998358	121.18597113412193	149	60.29945508075118	9.54120267260579	197.69515104781104	8.470588235294118	
7851	0.938	103.3836658206287	0.4685936782951719	121.05889131158733	149	58.71541392845463	9.40085287846482	224.91484388187425	8.774193548387096	104	0.9	67.91017747244204	0.467412457912458	129.4689538972276	149	57.52099228175853	9.54	196.37745379324213	8.64	
7870	0.938	95.85709322114717	0.4661264109025314	122.62223564364447	149	59.261893032696754	9.492537313432836	210.07079217983593	8.580645161290322	290	0.918	75.28169129569407	0.4704643698107749	121.99852447847815	149	60.83293870675025	9.572984749455337	202.17294717240142	8.682926829268293	
7890	0.95	98.55794169553941	0.46659538706907255	116.54338468680534	149	57.82299400348371	9.461052631578948	202.99940945403	8.4	103	0.912	82.2021523988119	0.46650734742840005	118.14609673674568	149	61.173080703048335	9.546052631578947	190.65042583796873	8.886363636363637	
7929	0.95	101.35928130806337	0.4675443503864562	127.93959155942905	149	59.435371343591605	9.44421052631579	224.5950876145278	8.64	169	0.91	74.67830882372576	0.46634105211028276	118.99491628023976	149	59.227105699121914	9.621978021978022	200.86243538652408	8.911111111111111	
7968	0.94	103.98460143025504	0.4721652697184616	127.29638559946059	149	58.322288759855866	9.4	228.32987792776052	8.566666666666666	46	0.918	75.85272342691943	0.4696296804139943	117.92911872970556	149	58.68783940453803	9.544662309368192	213.85723021784077	8.487804878048781	
8125	0.942	103.48918966455662	0.47134920988424245	130.61132062607507	149	58.32854128788403	9.547770700636942	213.76694630491446	8.379310344827585	30	0.914	75.80910040966616	0.47304177101770045	119.04115742550943	149	60.40759694939659	9.62363238512035	204.77281541379614	8.581395348837209	
8144	0.922	84.14865654172134	0.4693403246548588	129.58465110555002	149	57.78721295425473	9.546637744034706	202.08009545059406	8.487179487179487	293	0.928	75.96967762086194	0.47584193225356985	115.98741796122091	149	59.21750337766132	9.607758620689655	187.20954854792132	8.722222222222221	
8164	0.93	99.98709844030073	0.468069194843389	122.16289387193247	149	59.33899278385986	9.46236559139785	216.41360492230532	8.514285714285714	112	0.9	72.64039774650723	0.4729886039886033	116.04927797381839	149	60.59548327037066	9.622222222222222	189.5015949425556	8.4	
8203	0.924	99.99350691618753	0.4697727356818269	125.14733014776832	149	58.69026695828899	9.454545454545455	231.47581325316028	8.5	50	0.918	74.76178842008026	0.4731822583129776	120.19497196928425	149	58.48431554790826	9.540305010893245	203.28470408240747	8.658536585365853	
8212	0.916	96.47182727874461	0.4723578580565488	136.04793594443862	149	60.24407346182894	9.550218340611353	195.70441904054732	8.666666666666666	189	0.904	80.52878191382261	0.4702534191472243	127.52707343830002	149	60.34588540008075	9.603982300884956	199.34483637562704	8.520833333333334	
8222	0.958	111.58738293995333	0.4654778473672014	120.10228816489753	149	57.67955183028084	9.35490605427975	220.9288245445151	8.476190476190476	186	0.914	74.35609573676224	0.4753902006090193	118.11068163043342	149	57.763634625061215	9.599562363238512	196.60660090824524	8.69767441860465	
8242	0.942	101.93922604071898	0.4732918355529831	132.71060277519	149	58.1375900517583	9.471337579617835	227.95014025185984	8.655172413793103	51	0.902	72.98207003651503	0.47299284849174045	116.31838074114532	149	58.2776551250394	9.563192904656319	208.75987258619088	8.693877551020408	
8261	0.934	81.04402755759142	0.46614086009161076	137.50301528238387	149	57.91117878590168	9.516059957173448	203.54746569982427	8.393939393939394	162	0.918	74.62565236479182	0.46872042868774944	118.76255783726994	149	60.1047280552495	9.557734204793029	217.45778869021925	8.536585365853659	
8271	0.946	82.1765492800236	0.4746413968929834	130.81843125530665	149	58.788431749464046	9.494714587737844	212.14911688114267	8.518518518518519	192	0.936	75.33199195142794	0.46975794267460985	125.96943614149667	149	59.93637087859093	9.566239316239317	212.26698185025393	8.53125	
8281	0.966	111.88325225749911	0.45827485144255387	123.8673447813008	149	58.41232396877358	9.339544513457557	241.9007815471928	8.470588235294118	49	0.886	70.92425673632395	0.47312555139868934	123.86254758253735	149	59.07785428862801	9.586907449209932	191.93590794673247	8.56140350877193	
8290	0.96	112.3858581141775	0.45833224067599243	127.46299826170764	149	56.00832016817187	9.3375	230.86727752231133	8.55	232	0.89	71.17494641899627	0.4724792872545685	116.69435383069995	149	60.163678126064	9.573033707865168	204.29164308755497	8.727272727272727	
8300	0.936	88.38359993220537	0.4702041785375124	130.79968999507247	149	58.25716244265233	9.542735042735043	205.52927827149537	8.8125	165	0.912	65.6748232104617	0.4752421311631839	115.76443025380615	149	57.893134040880845	9.651315789473685	194.15562099985863	8.704545454545455	
8320	0.944	102.5373653108141	0.47290436141071773	123.79851734728574	149	58.05586917239126	9.514830508474576	199.64177742918727	8.714285714285714	68	0.92	73.38864071427265	0.4669606601128342	119.38173579717018	149	59.96341268130461	9.53695652173913	195.30343788453655	8.625	
8359	0.938	102.24101848472384	0.46903738881350937	128.63149056241565	149	58.17500690078091	9.42643923240938	209.66831402412072	8.451612903225806	66	0.954	74.78598977726308	0.46625532050060436	122.84775451326765	149	59.399809462467324	9.471698113207546	224.06711097469292	8.652173913043478	
8398	0.944	100.1634021600109	0.4773468468913388	123.40553881043196	149	57.57631609699167	9.440677966101696	218.4470543144072	8.642857142857142	136	0.906	72.37231000366572	0.4710978008991254	116.47215333224231	149	59.303880630709614	9.62251655629139	184.04957775308182	8.48936170212766	
8437	0.952	103.87116483907079	0.47101330042506584	130.34490242200263	149	58.392905024407774	9.451680672268907	224.50866540817847	8.708333333333334	31	0.91	71.317732252207	0.4742217123535808	116.5698942572301	149	60.042449681395	9.573626373626373	192.22126523215496	8.377777777777778	
8456	0.934	93.18753242465888	0.46722416888369867	129.68383391074386	149	57.95868179334164	9.436830835117773	206.64142804564312	8.333333333333334	175	0.872	68.39752137510482	0.47261442049286045	113.85541267664078	149	58.58625445990905	9.65137614678899	189.0823530625636	8.59375	
8476	0.932	79.83826754319976	0.4695262296120665	128.92813688925983	149	58.91655495017156	9.506437768240342	223.13187612610008	8.617647058823529	157	0.902	64.44790580069407	0.47230048222287657	117.90266603609227	149	65.19032362046019	9.57871396895787	194.3375577140686	8.489795918367347	
8515	0.924	78.49666983929762	0.4706819275001096	127.45398422030684	149	59.03841813699769	9.519480519480519	209.85155112627365	8.263157894736842	155	0.922	74.35723733090887	0.473348873348873	114.44694780472895	149	60.56181762969579	9.631236442516268	185.35482225779583	8.461538461538462	
8534	0.942	99.98089536895944	0.4738805249951755	126.27277509396548	149	59.34542154518576	9.507430997876858	233.65996889640977	8.793103448275861	158	0.908	73.52941176587709	0.4700566320610372	115.5021952645487	149	59.92264528498571	9.594713656387665	198.50380424189652	8.478260869565217	
8554	0.964	102.24211441800072	0.4608369039904317	131.5783643736985	149	58.56711310412134	9.495850622406639	205.3995306225481	8.5	156	0.896	72.5259425933869	0.4786792200854698	118.21054218354332	149	59.53411890267663	9.526785714285714	197.33803204989857	8.75	
8593	0.958	91.76421004188938	0.46949444084099695	137.25375875193808	149	58.599527874003144	9.400835073068894	222.72858784683746	8.523809523809524	117	0.866	70.23178109750879	0.47122943774214054	115.95680198195359	149	60.41971462444043	9.595842956120093	184.23608751602845	8.447761194029852	
8750	0.956	103.87239775862275	0.4709236718650949	131.9397380258815	149	57.86698081628843	9.48744769874477	202.9103063265671	8.909090909090908	11	0.922	74.6244496252079	0.47232849098358876	117.74768171069975	149	58.77753808907632	9.581344902386117	194.3651745128852	8.692307692307692	
8789	0.946	100.88944820252789	0.46953093300873533	127.94945010714602	149	58.66712580557486	9.460887949260043	230.43775999850894	8.74074074074074	160	0.914	74.24737209824286	0.4730803660234733	116.28378408121893	149	59.20059220789332	9.487964989059082	183.78539670834698	8.511627906976743	
8828	0.944	100.52391702337111	0.4804357130628323	122.49502004378745	149	58.097979503305694	9.444915254237289	226.84672601636595	8.464285714285714	67	0.892	70.22958460612126	0.4696827338082948	126.92955377647485	149	59.16051892992773	9.591928251121077	196.11014316007515	8.648148148148149	
8847	0.946	98.27550384208304	0.46777602829399906	124.42516068009732	149	58.707575995319154	9.490486257928119	238.688423317954	8.62962962962963	215	0.934	75.25460874065509	0.47088925825542566	126.0838614120092	149	59.46772372393069	9.533190578158457	210.77424323785954	8.818181818181818	
8867	0.96	127.8704246381514	0.4587103405853421	124.04895032213726	149	55.19649766283252	9.2875	241.86180793840566	9.05	71	0.918	73.59071378213065	0.4788412446909182	117.88151794267824	149	57.91658598168505	9.59041394335512	197.82461566828397	8.487804878048781	
8906	0.97	129.21273478115975	0.4571935853379164	134.27284026595038	149	56.24697617687828	9.239175257731958	294.6954293793367	8.4	44	0.924	74.54618797891177	0.4653471948926497	124.93334714707655	149	60.22719779300035	9.467532467532468	217.40934510320488	8.5	
9062	0.97	120.12681428898792	0.4710225971050725	121.12369612816967	149	56.30285832918427	9.307216494845362	230.71436613808126	8.333333333333334	24	0.914	71.81921045990197	0.4608159953345958	117.59931208390479	149	59.56610477500026	9.573304157549234	211.0615861955048	8.651162790697674	
9081	0.968	126.71483924865079	0.4631013729154243	126.05823325484702	149	56.83644684456565	9.324380165289256	240.70672275285537	8.25	123	0.898	72.57973263431897	0.47326040082164855	119.8474280807656	149	59.504090492111445	9.594654788418708	201.68370585447485	8.627450980392156	
9086	0.932	78.85207621363809	0.4673467507694982	132.49549346336534	149	58.531685304205546	9.491416309012875	208.4103947292805	8.5	233	0.904	68.20685388428302	0.4679332037186023	120.10813854671756	149	62.083593333169254	9.561946902654867	199.07355065176102	8.5	
9091	0.912	84.13439362382533	0.4745031710492245	129.46148769624634	149	58.062368743338666	9.524122807017545	203.8894159072104	8.681818181818182	223	0.888	60.17075484422997	0.4602649852649858	120.63042042978526	149	59.428771817736674	9.637387387387387	181.28652583421697	8.696428571428571	
9101	0.938	99.64730378545093	0.474885313691284	129.51880630224846	149	57.918319160757285	9.42004264392324	221.46913424816455	8.806451612903226	96	0.91	78.29438689464386	0.46168442668442783	138.84923470915257	149	61.789559687274505	9.49010989010989	203.1715983905532	8.555555555555555	
9140	0.946	101.36945200673557	0.4693563542400761	121.74548775442254	149	57.51625339973135	9.50739957716702	219.4316238792045	8.666666666666666	41	0.886	68.57585139358432	0.46667407711425796	132.8018867193547	149	63.04295237487034	9.647855530474041	194.02159336050545	8.649122807017545	
9179	0.954	117.49347258688327	0.4524691358024708	129.5878717189379	149	55.33875253451706	9.28930817610063	239.77432063412547	8.826086956521738	279	0.884	70.33176863767548	0.4692987567987571	115.61713848315698	149	61.314249662204574	9.44343891402715	199.65547494686757	8.413793103448276	
9198	0.944	80.4184485370261	0.4668373352165733	127.04839083833843	149	58.75974760390248	9.51906779661017	227.0798481049674	8.571428571428571	280	0.922	73.1908678121263	0.4664623458007417	121.3243475794113	149	60.54250336198204	9.55531453362256	215.0295188688473	8.717948717948717	
9218	0.94	102.049678651857	0.4655550182677853	124.0977871110456	149	56.962196988586	9.502127659574468	218.1054763178853	8.4	25	0.918	68.25177320861216	0.47244152603629885	132.354677474481	149	63.67613656069024	9.544662309368192	191.36375477063189	8.634146341463415	
9375	0.94	103.15161092087295	0.4770766939915887	122.95261157605132	149	56.11201158023044	9.431914893617021	228.33428331812186	8.8	12	0.904	66.36031300981932	0.46519006436041893	129.20810729268558	149	65.18774393548317	9.45796460176991	219.9196645096815	8.895833333333334	
9394	0.938	77.25123947957	0.463787663414529	124.46505414555303	149	59.19026150068452	9.477611940298507	222.04970736294763	8.548387096774194	294	0.922	67.39174926180104	0.4727910255567523	119.25869228611205	149	65.88398978215929	9.531453362255965	192.49502839973462	8.58974358974359	
9414	0.928	98.30091945052517	0.46954563037537267	131.73948047235143	149	58.32508452248129	9.45905172413793	229.16597466331166	8.444444444444445	92	0.912	72.2811355740829	0.4688574339890131	121.39497988671216	149	63.023402120592635	9.532894736842104	193.30078575828435	8.477272727272727	
9433	0.94	99.77497558715949	0.4663604126370094	130.17471717771195	149	58.433056476920164	9.44468085106383	211.15595928645098	8.466666666666667	108	0.916	65.92109618992758	0.4757953836556452	119.29933884013438	149	63.538610983607896	9.54585152838428	216.62848883623096	8.666666666666666	
9443	0.938	89.88979396214441	0.469418599642481	123.19239026585757	149	58.9532945013501	9.520255863539445	199.44316161823463	8.35483870967742	254	0.926	73.19926642678702	0.46639899577264576	125.2463560571421	149	62.83839932228504	9.483801295896328	224.8769858824883	8.297297297297296	
9453	0.966	125.5784930571346	0.46360201794984535	129.3517950920046	149	56.34446259601659	9.316770186335404	245.52300153825288	8.352941176470589	88	0.948	74.66213023312405	0.4688593169605827	121.72892847802774	149	64.13282561137589	9.49789029535865	209.35072406404223	8.5	
9462	0.94	98.6690179296553	0.46702466564168776	133.83680453239535	149	57.72777903995199	9.470212765957447	236.3709976194425	8.6	178	0.922	72.48769596015947	0.46731852143999736	131.62475616388687	149	60.57624379428436	9.596529284164859	203.4148119866179	8.435897435897436	
9472	0.926	91.71949286934269	0.4775383423871554	124.66059052439452	149	57.83697839755211	9.406047516198704	228.50571345796126	8.297297297297296	144	0.912	71.80876192891401	0.4617034890061218	121.48528547872976	149	60.78015646039779	9.585526315789474	193.00099043210966	8.840909090909092	
9492	0.94	100.12995589869308	0.4690887599398249	130.50446223905178	149	57.53618302372127	9.442553191489361	214.5771702569953	8.5	109	0.906	71.5730266064253	0.46632160456663885	127.24914007352747	149	61.14634258867302	9.52317880794702	224.08010191318365	8.72340425531915	
9511	0.936	99.33353143623107	0.46762334887335016	124.76838361929336	149	58.81951092497154	9.427350427350428	222.2133524166314	8.46875	110	0.916	72.83483349687266	0.4648989898989909	134.22373072138905	149	61.45714020492865	9.517467248908297	208.69524204021923	8.642857142857142	
9521	0.946	98.44732131641088	0.47220049741191494	128.33227609959872	149	57.13008269185602	9.511627906976743	215.45616227092492	8.518518518518519	147	0.906	71.62055336021109	0.46807757486565493	130.6251169276129	149	60.97251632764941	9.534216335540838	208.13098699049613	8.72340425531915	
9531	0.984	128.4293508033143	0.4582537776135349	131.07620347471916	149	55.217483688671535	9.294715447154472	246.68091235113243	8.75	87	0.912	71.65980450667425	0.46995392521708323	125.34204976136687	149	60.63363604521089	9.480263157894736	232.6294670412641	8.75	
9540	0.942	98.54381119740542	0.46112628819635293	129.3828294570658	149	56.71885136626507	9.520169851380043	203.05880450178014	8.517241379310345	183	0.894	65.61082652009475	0.47548866743497686	130.7650055785038	149	60.97841399435493	9.583892617449665	221.43844633347686	8.60377358490566	
9550	0.946	100.99500362776493	0.46990251350716583	129.75591806670653	149	59.11082308283688	9.43551797040169	219.86992372461648	8.814814814814815	91	0.926	68.26592748693048	0.47565881442771263	126.5546424082251	149	61.22444883785395	9.600431965442764	200.55931444247258	8.594594594594595	
9570	0.928	98.20729358434811	0.471964798850576	128.8022952524524	149	57.31570058282516	9.461206896551724	213.9263131974412	8.444444444444445	90	0.89	64.66895309009205	0.4779677501025808	118.20986096721084	149	61.53093770632261	9.649438202247191	200.78454440168372	8.418181818181818	
9609	0.938	100.2286666817756	0.4737016714628665	126.78766183735587	149	59.20897462802924	9.432835820895523	224.94793637570163	8.258064516129032	89	0.918	70.99218931196286	0.46902073356321716	122.96266796932375	149	59.311747343977764	9.586056644880175	213.3807787458325	8.634146341463415	
9628	0.946	87.61043916305876	0.4616268392166922	130.21212811673658	149	57.96159709417451	9.528541226215644	216.4185912957841	8.777777777777779	216	0.928	73.52824657427854	0.470103806633979	110.75132155558138	149	60.53302589737229	9.519396551724139	215.10774050037165	8.722222222222221	
9648	0.954	104.25318005045985	0.4663336721512831	129.48973689362276	149	58.88248930978084	9.31236897274633	242.38010426389957	8.434782608695652	210	0.936	74.01666956584866	0.4715024173357509	125.5344472303968	149	60.44584281820608	9.576923076923077	208.0240052038288	8.5625	
9687	0.946	102.66985022880651	0.4700034168321705	130.31679928185815	149	57.26829831247197	9.477801268498943	226.5206902458116	8.555555555555555	27	0.914	71.39732533364965	0.47154357920222256	123.47122659190129	149	61.641229727593284	9.649890590809628	197.18786911477548	8.651162790697674	
9843	0.944	102.25081778766885	0.4670968156137655	127.33158149959628	149	57.33184944862088	9.438559322033898	234.23067974216653	8.5	35	0.914	71.41182904979921	0.46323574917666904	132.98693826208464	149	61.27889892410849	9.555798687089716	197.08527709971034	8.86046511627907	
9862	0.936	77.85855695494496	0.4744152571075645	128.42855821781725	149	57.908102054033684	9.47008547008547	216.1627822897164	8.6875	163	0.912	79.21067259624797	0.45920664983165055	132.1367471534248	149	61.5620245055233	9.464912280701755	215.47802012600155	8.704545454545455	
9872	0.938	98.20549867038646	0.4709945527109716	132.7918107635408	149	57.80399805450825	9.439232409381663	209.29065849928176	8.612903225806452	193	0.918	66.12784717067771	0.4692250983100663	126.06744516764552	149	60.35452512840107	9.586056644880175	208.98423622717695	8.390243902439025	
9882	0.968	125.66858804829393	0.4663567493112954	129.527922975133	149	55.892134173850486	9.287190082644628	263.8286818271958	8.8125	124	0.93	80.9836465278322	0.45966476176153626	136.29521292945216	149	61.61038145278134	9.389247311827956	230.07857286854954	8.942857142857143	
9901	0.962	89.23105463349009	0.47215344715344765	136.85419867569487	149	57.56333885445213	9.54054054054054	212.72000929999572	8.631578947368421	125	0.916	64.27799531287462	0.4609280578712904	136.58449893695337	149	63.75545304470741	9.56113537117904	207.1805749767207	8.738095238095237	
9911	0.928	76.69548257016763	0.46875485625485697	126.49642630830198	149	57.045980820161255	9.495689655172415	218.73659853606492	8.722222222222221	188	0.914	72.3044062966186	0.4606259531861289	129.2182931554007	149	64.17429553803558	9.385120350109409	211.81571505672613	8.395348837209303	
9921	0.928	97.57123330941181	0.46527614507140436	130.46644568462276	149	58.021222255471585	9.463362068965518	209.0295623477144	8.444444444444445	53	0.922	70.61238244075646	0.46284811236004403	139.39064855085877	149	65.29928884193416	9.490238611713666	219.0418119064064	8.512820512820513	
10000	0.926	97.05278161980178	0.4610963850164726	130.05857523746064	149	58.218330127339776	9.438444924406047	216.94720570107387	8.45945945945946	1	0.894	57.865575808033476	0.46496621697964075	131.94076724552735	149	67.13640284186239	9.501118568232663	197.62823489009656	8.60377358490566	