index	success_ratio (division)	success_rate (division)	mean_second_ratio (division)	second_ratio_SNR (division)	probe_index (division)	mean_time (division)	mean_total_iterations (division)	total_iterations_SNR (division)	mean_total_iterations_failing (division)	order_index (division)	success_ratio (sequential)	success_rate (sequential)	mean_second_ratio (sequential)	second_ratio_SNR (sequential)	probe_index (sequential)	mean_time (sequential)	mean_total_iterations (sequential)	total_iterations_SNR (sequential)	mean_total_iterations_failing (sequential)	order_index (sequential)
1	0	0			31				1.73	0	0	0			31				1.48	
2	0.23	59.74025973994362	0.5072463768115941	13.97461466633206	31	32.88168025362319	3.5217391304347827	15.901842963984338	2.8051948051948052	15	0.28	57.875155023371704	0.42857142857142877	14.522027603412987	31	25.33905319940476	3.607142857142857	17.037096183623056	2.861111111111111	
3	0.4	59.14534969695237	0.38625	19.20956854357875	31	42.75517578125	4.675	24.635139684137382	4	45	0.32	50.0156298839894	0.41718750000000004	16.00371480551517	31	21.687933349609377	4.71875	23.584931841140843	4.0588235294117645	
4	0.29	45.00310366250284	0.4297208538587849	18.769166735775812	31	15.757691912972087	6.689655172413793	21.180647729213412	5.070422535211268	13	0.24	30.264817149867557	0.3500000000000001	13.174905122998048	31	26.307145182291666	6.25	19.471957017509645	5.078947368421052	
5	0.43	47.97500836771595	0.3521594684385383	26.705004205227503	31	41.091411873615726	7.093023255813954	28.452479090892876	6.0701754385964914	34	0.21	23.526775711420843	0.3217120181405895	15.347019088076799	31	30.285896975977895	7.476190476190476	17.71553221010141	6.012658227848101	
6	0.16	14.937914293702454	0.37375992063492064	14.12499136513992	31	32.95834447467138	9.4375	14.45286763020254	7.035714285714286	21	0.35	32.261037883630216	0.31258503401360554	29.185113367845474	31	17.895754721159296	9.142857142857142	27.445535108484005	7.246153846153846	
7	0.35	29.711375212227043	0.2785714285714285	22.173214159317208	31	41.24884486607143	9.8	22.282765667575124	8.153846153846153	78	0.29	26.678932842697723	0.2897509578544061	22.57651453471768	31	16.98676028196839	10.448275862068966	19.24131094999286	8.352112676056338	
8	0.18	13.054830287150713	0.29848484848484846	14.897774618151857	31	30.338000666386083	12.222222222222221	14.724865927651136	9.21951219512195	12	0.24	17.911784461441076	0.27916666666666673	20.099240118707577	31	23.711338975694446	11.25	23.005681116549532	9.289473684210526	
9	0.35	22.547188043504487	0.26870129870129866	22.5822117433367	31	37.59236505681818	12.257142857142858	28.181101108123524	10.36923076923077	33	0.2	14.741652539207147	0.33886363636363637	20.213342989878438	31	32.793372987689395	13.1	19.10099776006262	10.275	
10	0.37	23.33354354538921	0.22276822276822267	21.27030791375748	31	36.39944205569206	13.432432432432432	27.96164351294394	11.26984126984127	31	0.22	13.708019191239595	0.3216783216783216	16.022945041588315	31	13.92513962422521	16.40909090909091	20.61836448209968	11.384615384615385	
11	0.37	26.88562708910954	0.24284724284724285	22.490327244221177	31	25.194891459539903	14.135135135135135	32.162584428947525	12.253968253968255	32	0.28	14.903129657238729	0.24143118785975928	19.068488526060694	31	22.19296052255037	15.178571428571429	22.977773936517593	12.48611111111111	
12	0.11	6.366846095981136	0.23076923076923075	12.247448713915839	31	14.879479895104895	18.818181818181817	16.52776922107821	13.55056179775281	19	0.23	11.619095731237064	0.24988055422838035	24.95276854885511	31	17.466476797658864	17.782608695652176	23.901283534270892	13.7012987012987	
16	0.11	4.962331393519109	0.26994402226600367	10.40691321016484	31	14.221125853152268	23.727272727272727	15.37423514117911	17.921348314606742	11	0.21	7.982969664724884	0.16900093370681601	15.452105724144372	31	28.91954498813414	23.238095238095237	20.463779361061373	18.151898734177216	
17	0.35	15.089458935129716	0.19097744360902258	25.507364735293482	31	28.233920086675028	21.542857142857144	25.885179360035426	19.53846153846154	71	0.03	1.2928248222397	0.14814814814814814	6.531972647421801	31	23.821903935185187	27.666666666666668	4.600474162431657	18.711340206185568	
18	0.09	3.8059796168557996	0.18450292397660817	15.204267528245758	31	28.78832807931287	24.88888888888889	12.671987134060416	20.043956043956044	59	0.07	2.7214058004796637	0.21090225563909776	10.222082524292727	31	35.334571781015036	24.142857142857142	8.189678961185225	19.86021505376344	
19	0.16	5.801726013490262	0.1831845238095238	20.391778130985372	31	32.39659365699404	25	15.36059850973201	21.238095238095237	60	0.08	2.7842550377620907	0.1875	7.198966253494752	31	21.851259068080356	26	11.375	21.42391304347826	
20	0.26	10.265724325834057	0.20386135603526914	15.19876089990037	31	25.47472798657412	25.653846153846153	20.919689015971677	22.77027027027027	57	0.08	2.9033897074816224	0.21103896103896103	12.191388180031923	31	24.801752528070885	28.5	12.82434571333784	21.793478260869566	
21	0.24	7.487131492755407	0.16825475249388286	17.788711713574248	31	46.0711996407691	25.791666666666668	34.25127773710152	22.68421052631579	62	0.15	4.771295883965194	0.17957839262187084	13.287675804501927	31	28.009423377799738	25.466666666666665	20.193356746381383	23.67058823529412	
22	0.19	5.906858173226858	0.1694126620900076	17.96785872361303	31	24.816174213982645	28	24.192774181160893	24.28395061728395	58	0.03	1.0267643233636037	0.17391304347826086		31	21.297327898550723	31.333333333333332	11.704368759656209	24.628865979381445	
23	0.12	3.9834024896304046	0.16194444444444447	14.654391154441027	31	52.89424587673611	28.5	14.476084976516779	24.488636363636363	61	0.06	1.9050038100050288	0.23916666666666667	7.4093202922230725	31	21.243585069444446	32.166666666666664	14.511688390906556	24.9468085106383	
24	0.1	2.943947244463422	0.2270769230769231	17.859614508186592	31	24.773046875000006	33.7	16.072610619666722	26.1	14	0.1	2.9214139643565638	0.15846153846153846	19.656778445333206	31	20.207433894230768	34.1	11.096718216828082	26.155555555555555	
25	0.08	2.286236854139146	0.19729344729344728	7.585338235433889	31	20.409507295005337	32.375	27.1110855014363	26.565217391304348	44	0.09	2.610133116787828	0.14814814814814817	14.545098906521375	31	18.540629204257677	35.77777777777778	22.802711287528407	27.52747252747253	
26	0.18	5.366086334372352	0.14947089947089942	27.276367089715098	31	28.64177580513301	33.55555555555556	23.012936757129946	28.23170731707317	43	0.06	1.6612215515815503	0.21494708994708991	16.330215064589428	31	14.8831001295194	34.833333333333336	10.825673815755898	28.73404255319149	
27	0.28	6.707390106598003	0.146243842364532	27.6552477240923	31	35.20456733676769	32.92857142857143	30.075747746918264	29.305555555555557	46	0.04	1.178585108578641	0.14047619047619048	51.09549882328853	31	24.642957124255954	31	18.23880056785112	29.479166666666668	
28	0.13	3.4467216374535377	0.18778414762841905	17.87962674698732	31	40.73734491315137	34.53846153846154	20.388623627490134	30.436781609195403	20	0.03	0.7916611690198542	0.12452107279693486	4.824752523663841	31	26.454920977011493	39	5.7817446699565895	30.49484536082474	
29	0.27	6.395679363267744	0.16969334926324178	20.65685413787794	31	37.284097315561525	36.074074074074076	41.376102368479145	31.52054794520548	79	0.04	1.1102475852112725	0.1403225806451613	7.943611740029073	31	25.965064264112904	40.5	15.070220252588829	31.802083333333332	
30	0.15	3.466444814198782	0.16124551971326165	20.469585462942522	31	29.628036269321235	33.6	39.254558133570356	32.141176470588235	23	0.04	1.0101010101011882	0.1280241935483871	109.98522628068584	31	17.82039322391633	38.5	8.49172888518348	32.979166666666664	
31	0.17	3.8890922401223507	0.17535650623885918	13.221823056102364	31	37.46341393890653	36.94117647058823	21.51167105301643	33.33734939759036	35	0.05	1.240971929215076	0.13049242424242424	18.008841172483738	31	24.434077592329544	42	10.379074662015618	33.61052631578947	
32	0.04	0.9571438826555517	0.19474153297682711	4.019506161213571	31	20.156789633467024	38	15.80895559241903	34.677083333333336	9	0.08	1.7584349928559078	0.14661319073083778	12.955387179163163	31	33.31051815257353	40.875	13.020823293636651	34.72826086956522	
33	0.17	3.756906077346858	0.18398418190805735	12.967805995660795	31	38.20175539885073	42.705882352941174	15.669536788854476	36.08433734939759	30	0.04	0.8875673996498328	0.15441176470588236	9.497607354199538	31	14.588436351102942	46.5	12.282290143242452	36.666666666666664	
34	0.14	3.049643845164792	0.1385487528344671	12.383064648899389	31	40.62730654761905	41.785714285714285	17.20931814670252	36.593023255813954	63	0.03	0.6247917360881403	0.14285714285714285	4.082482904638625	31	44.108630952380956	48.333333333333336	9.027305692287998	37.43298969072165	
35	0.14	2.995357196344642	0.1551909051909052	11.496431077171462	31	32.4273640269734	43	21.89212957716341	37.51162790697674	27	0.04	0.8672462762611612	0.1659159159159159	6.167508572654703	31	49.77026220556494	51.25	6.527794424234371	38.03125	
36	0.18	3.9604831789472024	0.17577901788428102	12.332980784858524	31	40.73045071893756	46.833333333333336	23.913114436409465	38.329268292682926	66	0.05	1.0780973737538666	0.1391180654338549	21.39590484746289	31	37.32335359619488	48.6	13.6374888583714	38.51578947368421	
37	0.12	2.3369946249124474	0.14971884840305894	16.66671740870723	31	34.60964235759671	46.916666666666664	32.84313695019761	39.27272727272727	38	0.04	0.8882966910954228	0.15705128205128205	7.150827294779546	31	32.062105289515856	55.5	10.46776531414116	39.0625	
38	0.13	2.551521099116198	0.1161242603550296	17.98614121970613	31	32.440722078402366	47	17.71169506320144	41.11494252873563	42	0	0			31				40.67	
39	0.19	3.512793965391406	0.1445886056604927	14.161040094397944	31	32.258476077770645	47.473684210526315	21.23915899603423	41.629629629629626	26	0.03	0.6181998021759684	0.125	7.071067811865473	31	23.751855468750005	60.333333333333336	6.868192355685833	42.36082474226804	
40	0.09	1.685993143627614	0.14141809745893694	11.980397277187798	31	37.04600941803819	54.22222222222222	20.784784247998065	42.989010989010985	47	0.02	0.4083632799741482	0.14634146341463414		31	21.1879287347561	53.5	4.450613269821211	43.36734693877551	
41	0.15	2.745040626602724	0.17746400885935767	13.24339438465921	31	27.70409924882127	48.8	21.95434412456208	43.31764705882353	29	0.05	0.8781944322471199	0.14130675526024364	10.322808706775453	31	20.69036847660576	51.6	30.7001484531302	44.357894736842105	
42	0.11	2.169882037321836	0.1337903346360006	11.76331716560511	31	26.58345662208101	53.09090909090909	23.58061469366093	45.752808988764045	56	0.04	0.7062645667067057	0.13372093023255816	7.914842818534394	31	36.30455123546511	59.5	5.591793545363999	44.020833333333336	
43	0.11	1.8941350690505279	0.13634766638719206	6.263775179688042	31	48.86742124805366	51.45454545454545	20.423499843326777	46.06741573033708	28	0.02	0.32982074242643294	0.1477272727272727	9.192388155425009	31	34.95543323863636	72	4.242640687119286	45.42857142857143	
44	0.13	2.385583733990072	0.1369490104920262	15.341559967448813	31	46.615678699857476	53.84615384615385	14.449550785889468	47.770114942528735	41	0.1	1.7530327466510205	0.112955643390426	11.371620571485625	31	41.23093844353865	53.4	17.382947850728918	46.833333333333336	
45	0.03	0.4753830795314524	0.17267961763798953	3.7424824110555353	31	32.216219308896086	51.333333333333336	14.423421498358044	47.649484536082475	36	0.05	0.8053864244062853	0.12127659574468083	12.216178364709128	31	32.180844559435705	64.6	7.865775393132657	47.526315789473685	
46	0.08	1.3091575571130858	0.12156471631205674	10.424267904232448	31	23.701853650681514	51.75	51.48797299987992	49.52173913043478	64	0.13	2.024449116251125	0.1463587071489807	13.35195994533338	31	39.35176356529979	61.76923076923077	15.160954154396595	49.724137931034484	
47	0.06	0.9834453368308159	0.1551388888888889	8.96075152150788	31	42.800402018229164	55.166666666666664	21.61598802382939	49.297872340425535	16	0.04	0.6385084442746881	0.10873724489795919	9.752937192561241	31	78.2752145780187	55.5	24.820354550247664	50.197916666666664	
48	0.09	1.4886367395547495	0.1434920634920635	10.584607716940216	31	37.469840206916096	64.33333333333333	16.912996069446606	51.40659340659341	77	0.1	1.612825185877061	0.11608163265306122	16.155279596188628	31	38.179722257653054	59.6	25.736166696753653	50.63333333333333	
49	0.14	2.514187199193715	0.12383753501400564	14.556183550675211	31	28.38995382528011	62.5	20.366671011556942	52.80232558139535	75	0.18	2.6963060606950395	0.12032679738562095	14.692756875555324	31	36.1795420581427	56.166666666666664	46.6745178865185	52.109756097560975	
50	0.08	1.352036504985342	0.12617835595776772	34.09503775457925	31	24.46483583292091	58	18.341210428976602	53.619565217391305	76	0.15	2.1471821812509053	0.12624434389140274	12.638030491470689	31	36.67469686792986	59.46666666666667	24.27991798749328	53.78823529411765	
51	0.05	0.7820198007412893	0.11793796699457075	5.667401618884976	31	31.257335006450568	63.6	14.908069943844135	53.55789473684211	22	0.15	2.125549100186178	0.11731978713110788	18.634833684088147	31	37.869378836326796	59.2	21.255474866169696	55.49411764705882	
52	0.12	1.9505534695472129	0.15172955974842764	18.95920138050448	31	27.22138771965263	59	35.61850236665452	55.29545454545455	80	0.08	1.2284446355354282	0.13340480274442537	8.919925404234588	31	49.72032037280232	60.25	18.43303077865178	54.858695652173914	
53	0.04	0.6736161398427793	0.15622895622895622	5.701088971322682	31	32.21509824810606	77	8.60886171337419	55.375	40	0.13	1.7737754127444012	0.1336182336182336	15.072696606264557	31	38.07858604069541	64.46153846153847	14.785166028051021	57.50574712643678	
54	0.12	1.8540549727295945	0.10863095238095237	26.542520822482306	31	22.255659834956706	67.66666666666667	22.919749055239752	58.70454545454545	65	0.11	1.4655137958132052	0.13506493506493508	25.5566057335157	31	39.091468740776264	73.72727272727273	17.030300409628474	58.17977528089887	
55	0.01	0.13486358548335417	0.08928571428571429		31	67.61153738839286	74		57.505050505050505	17	0.1	1.452200810327345	0.11058897243107768	12.490268863595059	31	54.843503044721174	66.6	17.843711786978613	57.84444444444444	
56	0.13	1.969010799267325	0.1314858764949509	11.832933290958975	31	33.08150409075573	67.46153846153847	23.674857262436937	59.02298850574713	51	0.07	0.9266000397116017	0.1266960504710051	8.869856337300691	31	28.551775957944432	71	19.905672755781506	59.39784946236559	
57	0.24	3.443427358030883	0.12465906877069938	21.742363445282148	31	27.95738017180499	65.25	36.69655443803026	60.93421052631579	49	0.14	2.042900919304581	0.12133672873006594	21.005703902385743	31	31.765788399119145	71.42857142857143	20.683861027651993	61.72093023255814	
58	0.09	1.2171208330524355	0.11399874450721909	17.759031038360682	31	28.23183765399403	77	15.257624062236554	61.34065934065934	52	0.12	1.703456597344546	0.1210984532740576	13.62101929641804	31	31.728423639813144	77.91666666666667	16.74158004713858	61.52272727272727	
59	0.14	2.0290737278427224	0.13510928961748633	13.893704253313336	31	30.79822183291862	67.71428571428571	30.429722389174685	62.895348837209305	48	0.14	1.831813364385994	0.13245511319281808	12.370693975972117	31	31.88615888466043	77.35714285714286	29.768720843728833	62.651162790697676	
60	0.07	1.0016455605638583	0.15170563421913805	20.739462938076596	31	26.565568230910106	77.28571428571429	20.545126804130557	63.623655913978496	54	0.11	1.473069609235974	0.10415364645930483	25.087761755062655	31	32.996820315129085	75.63636363636364	17.554070886502323	64.46067415730337	
61	0.1	1.3848113886888693	0.11251920122887867	16.998405046391003	31	29.55620409706221	74.2	15.281824636569878	63.82222222222222	50	0.07	0.9175153683823588	0.15360983102918585	11.401428751884751	31	32.286305895005846	80.85714285714286	11.715360800186035	64.50537634408602	
62	0.11	1.4221256900535986	0.1150342712842713	12.978536812318026	31	25.195070634389484	78	19.573538915911328	65.75280898876404	53	0.15	2.039013117650605	0.11871693121693122	21.473632899575207	31	26.19928753565228	76.93333333333334	19.127095653315468	65.75294117647059	
63	0.02	0.2540327702273725	0.12367788461538462	1.9198228966779882	31	30.372379244290865	88		67.15306122448979	8	0.17	2.344083945782702	0.11906108597285069	12.708933803849659	31	24.327607167791996	73.29411764705883	26.724773015251145	68	
94	0.02	0.19980419189194962	0.1413925438596491	16.73053567596464	31	25.11696648848684	118.5	4.297033516441328	98.55102040816327	10	0.07	0.618571277084794	0.09260942304214144	11.301496951683989	31	28.906738375870816	108.85714285714286	14.270230093311827	99.21505376344086	
109	0.02	0.1535968543363596	0.10909090909090909	1.6970562748477138	31	33.40181107954545	149	4.5808221911650255	112.07142857142857	18	0.09	0.7455206633478572	0.09778869778869778	10.791050567063145	31	22.25091565286878	135.11111111111111	14.809630854857065	113.36263736263736	
110	0.08	0.7182231160110955	0.10135135135135134	7.391841257806916	31	20.51855028856982	127.375	35.52671494379069	115.03260869565217	73	0.04	0.344887049491347	0.08333333333333333	16.733879624066	31	32.12232545045045	135.75	7.886239117191306	113.47916666666667	
111	0.08	0.6696017543567452	0.11358249051833122	11.967181741863659	31	26.337712264995357	126.125	11.94288094419209	118.15217391304348	72	0.06	0.47001316036852975	0.09344896163713116	7.661731326791648	31	28.668325738497014	129.16666666666666	39.53669984988387	116.24468085106383	
112	0.08	0.6028636021101653	0.08738938053097345	17.922832956217267	31	31.298287990873895	134.875	15.591268293782027	116.6195652173913	74	0.03	0.25148797049215177	0.0849301013210209	6.9073442502225335	31	26.846794039374117	146.66666666666666	16.082619021867682	117.71134020618557	
113	0.03	0.22940339822897166	0.1106280193236715	3.2951896250142347	31	26.49448586082507	167	17.458459674543178	118.30927835051547	39	0.1	0.8514623866490191	0.09804729214340199	21.064605449814483	31	32.167799866514116	146.3	21.342571167808412	118.22222222222223	
114	0.03	0.23605133329661468	0.06609195402298851	18.779421361338255	31	48.19105827945402	129.66666666666666	9.867885329449324	119.10309278350516	68	0.06	0.5218616544752697	0.08934282858570715	16.888823724789297	31	21.1131791526112	124.5	69.81613318445952	118.88297872340425	
115	0.07	0.5948688314226984	0.10212201591511937	13.602952330050536	31	31.34754174001884	138.28571428571428	11.03891290042993	120.68817204301075	67	0.05	0.3970018420884915	0.08076923076923077	32.49444518639346	31	26.70260180656867	141.8	9.291122342562199	120.18947368421053	
116	0.04	0.31981578610720046	0.1175991073346421	7.814483707028285	31	37.13460173282902	122	59.3730401338591	122.0625	69	0.1	0.8041752780434458	0.0912139649427785	11.70719276536373	31	26.420855600599374	140	22.981377516912477	121.35555555555555	
117	0.04	0.28846500558908333	0.10787281014100555	3.955182912423442	31	43.42696575452215	136.5	11.568535153017091	121.1875	24	0.06	0.5049399962969148	0.10383472598078779	8.14422423734614	31	21.450357790096973	132.66666666666666	27.278195732492076	123.2127659574468	
119	0.04	0.3091835236099033	0.11441115702479338	6.114525543708453	31	33.148423577931304	158	6.154287356454242	125.96875	70	0.09	0.6551505754405643	0.09314581482986847	9.067351859035918	31	32.17685140690625	150.88888888888889	14.948370291943952	124.61538461538461	
120	0.06	0.5082506014297701	0.09353971909858645	10.811213229508489	31	18.817163358270673	151.16666666666666	13.21590272836818	124.59574468085107	81	0.03	0.21530224847320364	0.08539944903581269	25.31139400876078	31	28.81075671487603	155	5.624291338579865	123.65979381443299	
121	0.05	0.3728505167708596	0.08981740637078503	9.11257253706826	31	29.773708901855922	149.2	11.900825537793265	124.96842105263158	25	0.05	0.352006082665165	0.0818339330934293	28.201024420467203	31	37.25909755889311	155.6	8.774730628286113	125	
122	0.05	0.37178314632638626	0.09092578022554418	16.9099318976315	31	25.694630980773013	159.2	10.984536099690263	127.41052631578947	82	0.04	0.297776355068533	0.10959218463152372	5.239554474417561	31	38.17221082941991	151.25	20.65168522270145	126.3125	
123	0.04	0.25631167499679997	0.0784516129032258	18.326799679495444	31	45.79468605090726	151.75	7.668065163336426	127.9375	37	0.05	0.34430756305993787	0.08683870967741936	8.608925087123295	31	35.665029687499995	142.8	11.069268567733172	126.09473684210526	
124	0.02	0.1472331215629717	0.092	16.263455967290398	31	21.037859375	139	32.762614194976706	129.8469387755102	55	0.04	0.28230843608190337	0.10600000000000001	6.0795169475699	31	31.9097578125	154.5	7.99970676406279	132.13541666666666	
125	0	0			31				128.12	4	0.05	0.36188091222932545	0.0869891263592051	7.584662670082452	31	40.80590341246407	160.2	11.160308564747373	131.21052631578948	
156	0.01	0.06309148264984783	0.07006369426751592		31	10.854921377388536	254		159.87878787878788	99	0.05	0.28592178323696554	0.07369184874627105	17.416930541962287	31	52.69843425607716	169.6	23.789600790156896	162.30526315789473	
187	0	0			31				192.15	5	0.04	0.1881069387946636	0.09418270854441066	5.985204268188929	31	24.418602256856495	210	32.663978384008395	192.46875	
202	0	0			31				207.03	85	0.02	0.08762974679386076	0.07142857142857142	6.835365551469893	31	39.494698660714285	220	22.223355980148636	208.83673469387756	
210	0	0			31				215.2	86	0	0			31				217.01	
212	0	0			31				216.25	94	0	0			31				219.94	
213	0	0			31				217.15	95	0	0			31				217.9	
214	0.01	0.043620882188720185	0.07906976744186046		31	28.820239825581396	269		218.2929292929293	88	0	0			31				221.3	
215	0	0			31				218.08	96	0	0			31				219.88	
216	0	0			31				219.91	91	0	0			31				219.82	
217	0	0			31				221.17	92	0	0			31				223.25	
218	0.03	0.1288416278710382	0.07281142172358933	11.75045353412118	31	25.15984506179535	322.6666666666667	4.53576177203746	227.82474226804123	83	0	0			31				222.65	
219	0	0			31				223.92	93	0.01	0.040741827189472286	0.07272727272727272		31	19.146786221590908	329		223.88888888888889	
220	0	0			31				223.9	90	0	0			31				223.39	
222	0	0			31				228.25	89	0	0			31				227.58	
226	0	0			31				229.5	87	0	0			31				230.17	
234	0	0			31				239.56	84	0	0			31				238.72	
250	0	0			31				255.54	2	0	0			31				253.79	
312	0	0			31				316.57	6	0	0			31				316.61	
343	0	0			31				348.32	97	0	0			31				347.19	
375	0	0			31				380.23	3	0	0			31				379.89	
437	0	0			31				442.03	7	0	0			31				445.44	
468	0	0			31				475.04	98	0	0			31				472.98	
500	0	0			31				505.07	1	0	0			31				507	