index	success_ratio (division)	success_rate (division)	mean_second_ratio (division)	second_ratio_SNR (division)	probe_index (division)	mean_time (division)	mean_total_iterations (division)	total_iterations_SNR (division)	mean_total_iterations_failing (division)	order_index (division)	success_ratio (sequential)	success_rate (sequential)	mean_second_ratio (sequential)	second_ratio_SNR (sequential)	probe_index (sequential)	mean_time (sequential)	mean_total_iterations (sequential)	total_iterations_SNR (sequential)	mean_total_iterations_failing (sequential)	order_index (sequential)
0	0	0			48				11.022	0	0	0			48				12.15	
2500	0	0			48				11.872	3	0	0			48				11.958	
3750	0	0			48				12.04	4	0	0			48				12.15	
3828	0	0			48				11.258	8	0	0			48				12.036	
3837	0	0			48				11.208	16	0	0			48				12.172	
3839	0	0			48				11.332	43	0	0			48				12.056	
3840	0	0			48				11.408	77	0	0			48				11.556	
3841	0.76	75.87707913215077	0.5459754259215515	84.98130280057632	48	30.612735796309703	14.057894736842105	136.09030582850824	11.958333333333334	101	0.76	65.18345712470048	0.5646224578654909	87.98740370503948	48	29.751264435636187	14.25263157894737	140.32892126706312	11.991666666666667	
3842	0.782	94.51064755654845	0.5532775438727265	85.40817574321477	48	30.24322408878351	14.053708439897699	163.63788896149373	12.321100917431192	31	0.734	62.39162218225379	0.5641892987817603	88.60314877977498	48	30.107355657163037	14.376021798365123	121.8011265806923	12.082706766917294	
3847	0.74	90.90909091023504	0.5205519668367966	88.3443320044832	48	32.1808917164556	13.972972972972974	146.20161745922957	12.107692307692307	10	0.772	71.86208437196188	0.5502147835632888	88.57409351461126	48	30.965307607470496	14.044041450777202	134.7429351571153	11.771929824561404	
3857	0.71	66.94323967620785	0.5583480728175055	80.4294574890411	48	30.484362066162497	14.298591549295775	113.06021799039557	11.917241379310346	193	0.71	59.986481920105504	0.556636819819569	83.52059710844301	48	30.275866907853032	14.216901408450704	123.73747904385004	11.931034482758621	
3859	0.866	98.27061867438914	0.5436853528213389	96.65676037039589	48	31.17860009145854	13.750577367205542	182.36194993197327	12.134328358208956	286	0.674	57.109932383120075	0.5521707252518172	79.04399132495848	48	30.899009647953687	14.213649851632047	125.21908588771427	11.791411042944786	
3862	0.802	83.89647885928717	0.5831633154095182	92.31230810508136	48	30.16846434463455	14.229426433915211	143.424020194798	11.878787878787879	195	0.714	60.13036667752647	0.5560572370882098	83.14968831566397	48	30.37269944205253	14.285714285714286	113.243788291396	11.748251748251748	
3867	0.774	95.32489285077561	0.5156660305048113	86.99739053684635	48	30.70571171948887	13.950904392764858	159.4866899887287	12.221238938053098	9	0.74	68.86539606893595	0.5484827260523851	82.76114692036408	48	30.886498706382465	14.07027027027027	133.69132543399934	11.9	
3876	0.768	82.18298555401778	0.5438876192141471	88.2975505430061	48	31.316755721973607	13.953125	144.95578948179556	11.844827586206897	140	0.76	73.75203788495874	0.5463174042386192	88.68051963381404	48	30.348169170775172	13.93157894736842	132.7412707553467	11.875	
3881	0.784	73.12477847936536	0.5401550989368871	84.87024536459899	48	30.828254489696402	14.170918367346939	132.84844845025407	12.416666666666666	234	0.706	54.82047459292528	0.5858425413610286	86.87019795063028	48	36.33455206222545	14.328611898016996	135.77692306471602	11.714285714285714	
3886	0.826	100.69486773156933	0.5164981820254723	90.55436758383105	48	32.30792569349233	13.796610169491526	166.11424527175672	12.160919540229886	100	0.816	87.2148949356206	0.526914761074636	90.87300931687287	48	31.038375732039746	13.892156862745098	161.13508089255447	11.978260869565217	
3906	0.816	98.66034724505651	0.5663140954615069	91.97761757611096	48	29.843725642566547	14.284313725490197	168.7426413024643	12.206521739130435	7	0.776	67.73861275444571	0.5507436254919775	82.90413067163306	48	29.864349965214473	14.301546391752577	118.82072856414933	11.785714285714286	
3910	0.766	73.06789782084819	0.556274810381928	83.8667830721179	48	30.068671810642897	14.195822454308095	128.81121352056718	12.025641025641026	192	0.814	80.74275398238487	0.5358247993274728	87.1969901779472	48	30.723660275103963	13.852579852579852	165.90803890813865	12.53763440860215	
3915	0.74	69.93271338982362	0.5535126457185278	75.35873252669181	48	30.63815077679005	14.402702702702703	124.61041300740676	12.007692307692308	104	0.798	69.5424836595663	0.5450261335553116	87.09482703713783	48	29.63396196458234	14.080200501253133	142.18231013920712	12.584158415841584	
3925	0.74	71.7875089744556	0.560758812666707	84.42120126612139	48	30.86370841822593	14.175675675675675	133.398553788396	11.761538461538462	85	0.804	79.29619693789195	0.5457704029549709	87.52797063129738	48	29.36827300965308	13.972636815920398	146.5025757782286	12.26530612244898	
3945	0.732	70.62501206047503	0.5350262308089153	84.6158858385963	48	30.83865318250537	14.183060109289617	116.49529866301982	11.783582089552239	83	0.798	76.31251793103498	0.5460360502930157	85.91048288824263	48	30.541696223149533	14.027568922305765	150.25064093780358	12.03960396039604	
3949	0.782	83.75639954552568	0.5498227130437535	86.58314257501586	48	30.486611309410467	14.127877237851662	145.52130932935495	12.082568807339449	185	0.782	68.88289907097028	0.5600053287784048	86.93958170387273	48	30.56059094487693	14.30690537084399	135.92153718228616	12.137614678899082	
3954	0.814	87.24731505546585	0.5672714426056666	91.12736951733014	48	29.908910047412295	14.162162162162161	147.70890280832728	11.763440860215054	108	0.692	59.122054576552664	0.5437992198853829	82.52127347974401	48	29.967682729013845	14.147398843930636	133.16180085818456	11.766233766233766	
3964	0.802	96.98171616523605	0.5417817974124567	87.50501568428247	48	30.573524786490484	14.097256857855362	159.79891657320462	12.232323232323232	84	0.662	56.481750081612184	0.5512196632820408	80.30042499482114	48	30.17969520321339	14.06344410876133	112.43802019108952	11.70414201183432	
3969	0.782	81.16411342119882	0.5407871809610229	87.76251385764526	48	31.01858988121399	14.007672634271099	132.61498935958247	11.559633027522937	173	0.762	62.61606981438364	0.5605938133353967	84.37993347650527	48	30.261364667608618	14.170603674540683	131.37987440532007	12.07563025210084	
3974	0.7	65.25832976005044	0.5641593713795162	74.71583885691237	48	29.34607332391298	14.62	123.58887890997956	12.493333333333334	171	0.754	64.34325505245491	0.5497278022769515	88.64096599009439	48	37.10646338622243	14.339522546419099	131.36562261222514	12.146341463414634	
3979	0.732	69.7993744764983	0.546827159411537	81.25992495368035	48	30.009036588512153	14.21311475409836	120.50365967265323	11.67910447761194	172	0.756	69.72883231910777	0.5317113075049579	83.0602909039703	48	32.06898299737073	13.88888888888889	128.00225557003566	11.811475409836065	
3981	0.736	69.04833383447269	0.5515411619107721	83.37844171713266	48	30.595322161233838	14.296195652173912	125.68209268302333	11.712121212121213	243	0.708	68.52895057768696	0.5651936533800807	89.35472312842842	48	30.91376599628625	14	135.61374321726242	11.801369863013699	
3984	0.842	98.97033240988766	0.5485802009497979	85.89798185768731	48	32.37945813304642	14.180522565320665	151.26429013376494	11.936708860759493	15	0.7	59.791243144398365	0.557780454839278	80.793671179168	48	30.560677486318568	14.18	124.27867730358945	11.88	
3988	0.806	98.56915739098037	0.5167626144091351	93.21278994088796	48	32.122014291786805	13.88089330024814	154.86697097614595	12.381443298969073	130	0.836	87.76165781402493	0.5645285146759061	91.58464569674979	48	30.888927774315576	14.057416267942584	155.41638342060762	11.951219512195122	
3990	0.744	69.1796998487102	0.5694441179712199	83.25429998655557	48	29.082046202242264	14.416666666666666	128.57703953940293	12.328125	294	0.758	60.04911669109745	0.5715971304337296	91.9827548066472	48	29.254431649172357	14.401055408970976	134.29570045721894	12.132231404958677	
3993	0.718	68.08655906876736	0.5605593607628843	82.77566933829904	48	30.85648135381106	14.362116991643454	128.26368449307756	12.00709219858156	107	0.794	70.58530687753566	0.5578085948640845	83.1559446406678	48	29.04485200229469	14.261964735516372	153.44193123386466	12.932038834951456	
3998	0.704	62.87735343494691	0.5613742735285043	83.30896196547221	48	30.620980285073884	14.164772727272727	107.46446357376159	11.722972972972974	285	0.79	71.76990024890888	0.563442668453543	84.92890044184804	48	29.30549384763938	14.48354430379747	141.489738716078	12.514285714285714	
4003	0.764	81.26967917671696	0.5569060637131561	92.0628346535285	48	30.522001279270544	14	141.05386562229697	11.838983050847459	106	0.812	73.31960848011478	0.5619610755770749	93.3782462665754	48	29.339227265635532	14.275862068965518	153.04869775838873	12.287234042553191	
4013	0.796	91.77061956708215	0.5386814157591415	86.05468695617958	48	30.516277436197825	13.93718592964824	155.41884226325183	12.088235294117647	168	0.78	63.927090334401626	0.5827240632670492	90.65856979635087	48	28.805629888349717	14.397435897435898	143.68090682013315	12.381818181818181	
4023	0.806	98.07261753958909	0.5346234451468798	85.8191375925586	48	30.88723257947902	14	157.1846296566939	12.123711340206185	36	0.776	70.34975432018379	0.5684558420777133	89.95341027240929	48	29.76031909034068	14.466494845360824	145.89389811712957	12.758928571428571	
4042	0.786	96.01759100919276	0.5374623854417293	81.80618212686234	48	30.956020873657337	14.117048346055979	158.916269646118	12.261682242990654	42	0.726	59.643127074171474	0.5685461818281712	82.72747207531012	48	29.899051272645366	14.360881542699724	135.78865735340074	12.379562043795621	
4052	0.806	92.62451446909571	0.5556369221207811	85.89926772447978	48	32.05139537907439	14.05210918114144	160.68483816040995	12.257731958762887	76	0.766	62.13800152589174	0.5623655845847637	86.15853665283318	48	31.57924479932547	14.347258485639687	131.20719157499	12.273504273504274	
4057	0.792	89.94072088878306	0.5402669862955766	82.40973051658975	48	33.51548642980851	14.146464646464647	149.15507138824594	12.115384615384615	137	0.77	61.89113590328351	0.5561494665788816	85.2199941290294	48	31.472011479869852	14.345454545454546	141.05966547160918	12.4	
4059	0.752	67.12487726514107	0.5679898539808748	80.5405837429994	48	34.05674435901808	14.52127659574468	126.8853024777958	12.306451612903226	233	0.806	69.95434741106945	0.5442779052545004	92.32716188174962	48	32.26838981532599	14.057071960297767	156.26760665852214	12.670103092783505	
4060	0.76	67.63852548058631	0.5619319482727897	79.39703615622568	48	31.938258780678673	14.45	130.68887466397064	12.466666666666667	263	0.868	76.29159561862141	0.5625038955985511	98.38768120771361	48	30.563862924894416	14.188940092165899	150.13929736101332	12.515151515151516	
4062	0.91	104.73011854052646	0.5444056691785738	112.51856363823848	48	31.69565765397691	13.861538461538462	188.18829423955333	12.088888888888889	6	0.728	56.705768721993465	0.5691264540672768	86.79432216072563	48	31.539867245193463	14.321428571428571	134.25647723324568	11.992647058823529	
4064	0.706	65.22542498138785	0.5257633314928587	83.11299247048646	48	33.276652083150736	14.008498583569406	126.18808834085567	11.993197278911564	182	0.7	55.58731973833384	0.5496445779636845	85.6774454546565	48	32.45309178953951	14.174285714285714	120.24835221414347	11.846666666666666	
4066	0.7	65.36069767833636	0.5256928659207514	76.68981129459421	48	32.53950291726977	13.845714285714285	140.928340563437	11.986666666666666	181	0.708	54.37871549530978	0.560994642054095	91.5762345702909	48	33.26955127054729	14.245762711864407	118.01795763116873	11.993150684931507	
4068	0.728	66.07609642810608	0.5578803454745422	78.39877773599481	48	31.922361820380537	14.403846153846153	125.50353182044206	11.963235294117647	229	0.74	59.675494339249056	0.5511770238240821	85.81331499838983	48	31.85265700707653	14.108108108108109	145.86991089690886	11.784615384615385	
4071	0.824	93.78556795064016	0.5605582140476669	85.26694116706012	48	32.43780340284816	14.220873786407767	160.2120996643357	12.284090909090908	53	0.714	64.27799783935191	0.5393093364995433	84.27481730829015	48	33.31159222514855	13.974789915966387	124.19052602853797	11.839160839160838	
4073	0.67	62.26765799251116	0.551083970901793	79.51061481728291	48	32.57956974498433	14.137313432835821	123.84498096091829	11.854545454545455	196	0.758	67.38137145039524	0.5523173684413542	86.51993377071696	48	32.519914715282454	14.097625329815303	141.2459925837147	12.223140495867769	
4076	0.696	63.79819238452514	0.5616539076925273	74.54412515149379	48	32.82170154005708	14.318965517241379	135.957682711829	12.06578947368421	184	0.798	70.40886551788773	0.5600994211445449	88.67502619141824	48	30.8543421473684	14.167919799498748	139.8499657015161	12.237623762376238	
4081	0.75	87.13230168699826	0.5576022137935447	81.24821679933804	48	32.070498451943365	14.232	158.84854491285114	12.304	37	0.812	71.98326300455845	0.5459513008093505	89.84503273799682	48	32.02744010096282	14.189655172413794	140.77893834446215	12.53191489361702	
4091	0.744	66.8079451171575	0.5706545442828898	76.01290428695238	48	31.466812225819208	14.553763440860216	130.42274856672242	12.2890625	239	0.83	73.2012770527411	0.5496491920138824	89.37878169652674	48	30.27331438019449	14.30843373493976	154.36959527263247	12.51764705882353	
4101	0.778	91.19894968748376	0.5346389236608458	80.69453147619376	48	32.491573495941964	14.113110539845758	155.3155227108748	12.585585585585585	33	0.718	60.20661434246408	0.5541029873086151	84.43378383931834	48	31.302159436410008	14.239554317548746	134.1795478765594	12.148936170212766	
4110	0.786	70.47936730038954	0.5655169854041939	78.9166319709783	48	30.968877025828654	14.615776081424936	138.99959502829054	12.598130841121495	191	0.684	53.542912610117455	0.5774822614229085	82.23332211926306	48	31.866207494510554	14.444444444444445	128.8880643181897	12.20253164556962	
4115	0.792	70.42504001541704	0.5760963551381523	79.32409820204813	48	30.913607116431464	14.66161616161616	133.04963626617769	12.5	293	0.692	53.9016373016751	0.5667539279869043	83.94767584006776	48	32.80635701341902	14.265895953757225	125.35483515944416	11.915584415584416	
4120	0.742	67.65875186895182	0.5624161403947644	82.16972276265805	48	31.87487609073811	14.309973045822103	126.8811534670199	11.728682170542635	81	0.722	61.76747369314695	0.5403115364482133	88.45050754686656	48	31.85908160535921	14.011080332409973	136.77658193570224	12.06474820143885	
4130	0.714	66.3457785873584	0.5656807380530607	80.35555335060003	48	32.899404551478675	14.156862745098039	134.92621709043544	11.93006993006993	94	0.848	83.50566223512229	0.5486414665842487	93.16076236200757	48	32.55107914694817	14.01179245283019	151.57888020830654	12.43421052631579	
4135	0.788	79.5332969989017	0.5799124754068087	86.15687745982555	48	31.43011056857203	14.418781725888325	144.5904149562866	11.90566037735849	127	0.774	62.328877435662164	0.5711081583519602	85.22476540392385	48	30.987479937399712	14.294573643410853	150.2609544332806	12.699115044247788	
4140	0.832	94.18157120183584	0.531282080734238	94.8306533840703	48	35.49090216260622	13.860576923076923	183.0079484369576	12.166666666666666	13	0.802	62.84379946298531	0.5595810960316678	96.95157622727017	48	33.79471640070295	14.067331670822943	154.10864091963032	12.343434343434344	
4149	0.812	92.29999772862953	0.5145976217260849	95.57760989570815	48	36.57307958720824	13.810344827586206	181.6203727242711	11.861702127659575	92	0.792	69.7625255444003	0.5282615097407761	98.3643060457188	48	34.662955063724056	13.717171717171718	162.45989451498153	12.346153846153847	
4154	0.736	69.89553656201777	0.559486248897992	77.48155627179435	48	31.197302253651504	14.315217391304348	136.40484076882123	12.492424242424242	170	0.828	72.25761410225255	0.5819812377497339	91.8953199822635	48	31.878256798372245	14.304347826086957	159.74610710459388	12.837209302325581	
4159	0.73	65.98333243023859	0.5749140122451114	79.73108364785618	48	32.62699772374965	14.509589041095891	118.47696218796082	11.874074074074073	91	0.814	70.19177704229887	0.5530696968249733	91.10927916616261	48	32.1571780504099	14.14987714987715	136.24802936712257	12.559139784946236	
4169	0.748	67.59076862038725	0.549978424124858	84.17101645847673	48	33.42174121322632	14.37433155080214	124.19979713963632	12.007936507936508	136	0.69	55.0318227503997	0.5481303798503283	85.2999002926975	48	32.45987390047087	14.272463768115943	113.58573952433605	11.974193548387097	
4179	0.784	90.18128278395785	0.5663607905305238	86.21452235685305	48	32.72542151856068	14.214285714285714	153.0890376516342	12.12962962962963	55	0.724	55.59821840014036	0.5837793811980474	89.04461902896443	48	30.760793846517785	14.400552486187845	129.123586577993	12.13768115942029	
4183	0.722	58.992711702959156	0.588071773254079	76.26099821723592	48	31.365473547430454	14.645429362880886	114.65393359053118	11.913669064748202	278	0.732	65.25692686190031	0.5411367426599875	88.6524940105052	48	33.49654276634777	14.076502732240437	148.824828034839	11.977611940298507	
4188	0.714	55.47440718461109	0.5753386681265414	77.40316682265097	48	31.658035986341563	14.619047619047619	116.95413871230792	12.034965034965035	276	0.834	73.60728659272888	0.5563217497867918	89.9567179767171	48	31.235423957554225	14.225419664268586	140.7872824031404	12.662650602409638	
4198	0.71	57.22668214206488	0.5935683587404904	80.88697277549062	48	31.15784389950286	14.616901408450705	117.60269595543049	11.848275862068965	274	0.808	63.895742392960976	0.5720421704717673	89.98543998104822	48	31.17272449132222	14.581683168316832	119.99428067736302	12.625	
4208	0.726	73.41193601240384	0.5521914508663859	79.68725801575312	48	31.23504008959808	14.37190082644628	135.19964425974928	12.299270072992702	275	0.76	60.687364252249864	0.5666741141600591	91.81473571652862	48	31.07762029357685	14.371052631578948	131.22762987278796	12.45	
4213	0.734	61.95452166796879	0.5452589880539906	93.59439125077898	48	38.83889955799974	14.076294277929156	134.19636517981507	11.827067669172932	277	0.79	62.36973409972762	0.5477510366234544	102.01033360075301	48	35.48188493802088	13.850632911392404	157.91726336877872	12.533333333333333	
4218	0.796	90.92155160602644	0.5210141538926517	92.01245441544997	48	36.014002478159036	13.834170854271356	176.0657519137518	12.284313725490197	11	0.81	71.28901093041371	0.5386349009660552	97.72829923429171	48	34.767174827911994	13.8	171.49997031579738	12.126315789473685	
4257	0.804	87.7882599596032	0.5370813051124723	92.53955924595509	48	35.6351459849654	13.970149253731343	165.65342137897628	12.26530612244898	41	0.804	69.86322795895008	0.5445656684956505	94.50828416055076	48	34.66044277055926	14.13681592039801	148.79597276211345	12.173469387755102	
4266	0.824	93.28020286166665	0.5361259917913633	93.61421050925519	48	34.65579290864556	13.895631067961165	173.10254744012286	12.261363636363637	103	0.768	62.62945867915233	0.5555467810120841	92.79469053256322	48	33.94333262494998	14.015625	160.54934974073353	11.89655172413793	
4271	0.744	70.17543859678713	0.5446604729462007	85.42858517392233	48	35.70326526208188	13.973118279569892	139.2604358086364	11.921875	142	0.708	55.06642192714449	0.549228679991654	93.2714618894353	48	34.70766950231651	13.875706214689265	127.81688560159331	11.787671232876713	
4276	0.726	68.74739593148482	0.5417684484475028	87.63476871105627	48	35.983469167411634	14.068870523415978	131.44292317964658	11.627737226277372	95	0.736	59.90558359068875	0.5555173386844452	91.75872347366303	48	34.962930120228286	14.190217391304348	128.25854190095478	11.916666666666666	
4281	0.76	60.82432973248212	0.51429931910195	102.81809858106517	48	37.67663846431666	13.586842105263157	160.12873976223236	12.05	231	0.778	65.41663163119185	0.5240565859195833	121.6287162751074	48	41.559098422678844	13.555269922879177	165.81644056509515	12.26126126126126	
4286	0.786	85.78725633671097	0.5225167447421836	90.24462187831004	48	35.88506321924993	13.849872773536896	167.53584280516964	12.271028037383177	96	0.756	67.18447292177136	0.5439883600422812	102.19170190344454	48	34.83096128977042	13.83068783068783	143.23538220074434	11.655737704918034	
4291	0.838	71.38719460150207	0.49061441623564345	125.18476016989425	48	46.60537481728717	12.675417661097852	179.85169055074502	11.74074074074074	197	0.814	62.846466237679756	0.4878016332561791	134.52658726954004	48	47.07068447946467	12.744471744471744	166.5285068789858	12.03225806451613	
4296	0.85	92.99781181486591	0.49702079274051564	114.57551985673582	48	40.637416767087984	13.388235294117647	215.0260766424746	12.053333333333333	12	0.724	57.8848060384134	0.5278238755611195	118.82580589876261	48	39.54607968811753	13.582872928176796	155.36963989289274	11.789855072463768	
4300	0.77	70.68240650670216	0.5429739566608802	105.01279162922674	48	38.23305729828652	13.922077922077921	154.22119346505355	12.08695652173913	162	0.67	51.18880264123108	0.5383413109181325	114.84732969238709	48	40.18004122459246	13.832835820895522	140.54565041829204	11.921212121212122	
4305	0.728	63.46106907466703	0.5310558398614006	96.34408646391415	48	39.22925527155949	13.958791208791208	133.7895037734825	11.669117647058824	160	0.73	57.02412198524309	0.5523481874468977	109.18732365597441	48	37.649306376158314	13.794520547945206	153.5322172297624	11.718518518518518	
4307	0.844	83.07740767089143	0.4862555098929502	129.7859259687472	48	41.17047618984655	13.014218009478673	187.93709307281924	11.756410256410257	163	0.878	74.73230853154159	0.5062144859696108	137.32921238988737	48	42.12865196036904	12.952164009111618	186.22737581804037	12.131147540983607	
4310	0.936	81.7767215914625	0.39186066782220685	126.10463038219669	48	50.893987914796206	11.854700854700855	259.78993949751293	12.15625	161	0.934	72.12577994723613	0.39868020986864816	123.02665494197484	48	51.150952351615196	11.995717344753748	226.33424672555375	11.484848484848484	
4315	0.896	94.45498629525966	0.5149572696940077	128.15914517708396	48	42.86189018795206	13.388392857142858	199.44056243045742	12.23076923076923	40	0.85	65.6624179216469	0.52643194387312	127.20412487759636	48	40.49063331655074	13.35764705882353	178.4200382805069	12.226666666666667	
4325	0.87	75.06859716677191	0.4680805273908722	136.71992515160906	48	47.69803102825394	12.65287356321839	175.0058358099137	11.923076923076923	126	0.85	66.0789526879081	0.4586511527688001	126.37507904262856	48	46.853672594868364	12.592941176470589	176.9433552569116	11.626666666666667	
4327	0.78	60.81302334279566	0.5366096469132903	108.92757098141188	48	40.39291283825483	13.574358974358974	158.39619941812919	11.781818181818181	295	0.858	71.76553247022002	0.5312631578622938	123.18691956313644	48	40.840016293856564	13.477855477855478	180.8821147338484	11.915492957746478	
4328	0.798	67.9831660730377	0.5360515302876039	117.87568211351619	48	40.54272687193509	13.446115288220552	178.12885986502076	11.772277227722773	296	0.804	61.84805686227075	0.52228989915557	116.76924680251412	48	40.09503231014625	13.512437810945274	171.13914623478055	12.183673469387756	
4330	0.958	93.13992377848598	0.3958717691494327	128.23626453771655	48	50.658408437910836	11.80375782881002	261.4950742528544	11.523809523809524	159	0.942	78.48953472820583	0.4034359954742134	125.37955505576743	48	51.76593145332194	11.936305732484076	256.03942111545075	11.620689655172415	
4335	0.958	102.25865676063607	0.36369736735081243	126.91958418164558	48	53.947151783444035	12.039665970772443	274.2801980008756	11.238095238095237	27	0.94	75.49958234290314	0.3689322379747915	123.39897509831208	48	55.60195029441408	12.087234042553192	272.29746273171	11.533333333333333	
4355	0.942	75.96774193462802	0.4095377729135696	133.70619787305128	48	59.49421722438373	12.409766454352441	303.2567327006692	11.724137931034482	235	0.932	75.07652650169398	0.4132390231370916	139.35074176369537	48	55.85206928669616	12.484978540772532	290.13258790661706	11.529411764705882	
4365	0.934	73.31240188388405	0.4130876796294352	136.20633263965505	48	63.09922379443198	12.486081370449678	280.37871890228644	11.909090909090908	236	0.926	68.66787292738016	0.41839632649567854	127.9046905691138	48	56.52972778239805	12.67170626349892	263.37219943179673	11.45945945945946	
4375	0.972	96.47834200124841	0.4189410726447766	126.85582738281235	48	56.82659484170986	12.537037037037036	297.8210749232634	11.785714285714286	5	0.922	69.31705409984222	0.4105835596074208	129.97059174376298	48	55.675281633107296	12.683297180043384	238.63056565342123	11.615384615384615	
4379	0.914	74.62077298599635	0.4120120215306213	133.830937109874	48	54.65773835599946	12.62800875273523	246.26390315706598	11.674418604651162	298	0.94	78.37513340494735	0.41016759835908745	132.1116043390158	48	56.88847177838779	12.404255319148936	339.7565669643716	11.8	
4384	0.924	70.9535730190727	0.41064083823824093	134.4628686262852	48	55.62690320437251	12.463203463203463	268.21537392028046	11.657894736842104	169	0.922	67.73435204249171	0.4183602911910938	127.57876605923504	48	55.45783799343339	12.54229934924078	262.6757721947345	11.307692307692308	
4394	0.928	84.51730418957871	0.41579757347537494	122.6244628871932	48	55.79601273276326	12.573275862068966	263.1172145979252	11.583333333333334	122	0.93	67.29085567931415	0.42105288976256716	129.99441393249447	48	55.937266934943985	12.50752688172043	262.1152524932868	11.82857142857143	
4414	0.928	77.77014229810874	0.4108233720302685	135.84693381815123	48	55.60590726047817	12.523706896551724	258.3515083371084	11.472222222222221	121	0.952	76.58766552391349	0.41144346724703895	138.98636505605924	48	55.608671132693054	12.502100840336135	290.11533431823625	11.875	
4433	0.928	85.56465294773118	0.40481906742682644	132.28659004924504	48	55.26797693890274	12.65301724137931	246.8701218638571	11.694444444444445	133	0.926	65.09849134563883	0.4194101794533759	128.14153972884426	48	56.34461509217816	12.511879049676025	276.30188487483326	12.135135135135135	
4443	0.924	69.09754419554373	0.417237632497373	127.9577316132624	48	54.68525730306626	12.5995670995671	282.4408317774871	11.736842105263158	241	0.932	70.26114227125068	0.4113510952566747	139.80623504570144	48	57.278903180041546	12.607296137339056	245.73509561812142	11.735294117647058	
4453	0.956	97.25330620475627	0.41437880459847026	127.24537066706398	48	55.59998954890615	12.57949790794979	263.014715308698	11.818181818181818	72	0.938	76.06474423339648	0.4184376391199418	127.03154143082999	48	54.96789130712034	12.486140724946695	277.58362524220894	11.774193548387096	
4531	0.952	100.20419762809496	0.4080302050890282	140.02828612130895	48	54.42282222848712	12.432773109243698	294.2324805814789	12.125	70	0.954	77.10710937251832	0.40991269387495827	134.158059364716	48	55.621039977640116	12.39832285115304	278.10572104291833	11.91304347826087	
4609	0.956	96.5890720980356	0.4248084203105123	124.07959169923788	48	56.30806122241384	12.531380753138075	282.0849851218354	11.636363636363637	71	0.922	74.0752643247631	0.4129942725387413	131.60594434616198	48	55.13803081648669	12.54880694143167	269.6842292208363	11.794871794871796	
4648	0.956	81.30081300845977	0.4143868683617637	131.3697316260069	48	53.782242731254236	12.414225941422593	317.43795010489436	11.5	90	0.934	80.92325287212458	0.4120864503091486	125.23674257581325	48	56.58132674150497	12.644539614561028	213.59862011428964	11.575757575757576	
4667	0.944	77.10276557142971	0.41969273664188894	129.92248704268468	48	56.403110060705345	12.57415254237288	291.2808594513686	11.678571428571429	153	0.942	64.07901718355832	0.41648022890061054	134.50993304391187	48	54.78454192740865	12.456475583864119	288.1328789395257	11.89655172413793	
4677	0.938	85.0577631074747	0.40814266579192	139.20534411847595	48	54.076751957175766	12.582089552238806	243.64578690531152	11.451612903225806	186	0.944	62.20429894929689	0.4232403895539489	135.76985995879107	48	56.42075025232431	12.508474576271187	256.40248953037843	11.964285714285714	
4682	0.95	76.93553611922118	0.42498175508701824	132.8768802184489	48	55.22223414482994	12.547368421052632	293.12231804889313	11.76	299	0.936	65.31386942757223	0.41344844614075377	128.82624927736404	48	59.52147403989348	12.643162393162394	255.64822729269815	11.75	
4687	0.98	104.02955288584076	0.4088834634753002	132.76759264668914	48	54.16472919067808	12.375510204081632	299.2679199671276	12.9	14	0.95	67.74198148821273	0.4255070631123263	128.8338973332294	48	60.77297852339548	12.494736842105263	269.00009954640177	11.52	
4696	0.956	87.24538219983229	0.41261551947929	128.2572180983466	48	55.10363176641293	12.49163179916318	287.52320008378706	11.772727272727273	151	0.938	75.3401551777499	0.40817817576879395	140.52234844700874	48	56.70163433575101	12.522388059701493	301.0265871874604	11.580645161290322	
4706	0.93	76.35091867345724	0.4193378932895066	128.33037296469777	48	55.54905742159805	12.550537634408602	248.97852590019056	11.628571428571428	150	0.924	73.33100536425648	0.41504902024382584	135.77478371670796	48	56.35427742731548	12.612554112554113	257.5545060880004	11.973684210526315	
4726	0.946	86.64590584490627	0.4132415769572217	134.3522105660066	48	55.89417239544504	12.448202959830867	302.61394971280987	11.74074074074074	149	0.928	67.2805046034756	0.4202515157256539	132.9246992830523	48	55.08664052054491	12.525862068965518	272.27588459533405	11.722222222222221	
4745	0.946	76.03523662539146	0.42317115583500337	136.65868539058752	48	54.08130498501348	12.477801268498943	286.01477788924905	11.407407407407407	164	0.942	68.59389791010624	0.4175848921071856	124.12912344970559	48	55.54429964984403	12.530785562632696	267.89594299840206	11.89655172413793	
4755	0.932	84.58885460214739	0.4122991100458908	131.91653407209787	48	56.45982686408393	12.467811158798284	258.2382107509883	11.617647058823529	290	0.93	73.64936566447601	0.4136874594939111	126.64131654455545	48	56.43767842680394	12.55268817204301	265.0327399046457	12.142857142857142	
4765	0.968	101.21923165541004	0.4098420518875064	135.102457264053	48	55.82430924059107	12.365702479338843	298.5307311145165	11.375	35	0.952	76.24295233181664	0.4166863248796024	126.61395125883246	48	56.51543491754763	12.38655462184874	292.40460950832465	11.541666666666666	
4784	0.95	78.43979126806234	0.4137467094309202	134.84476392905458	48	53.88429791220297	12.473684210526315	281.0963422246591	11.64	165	0.912	72.71799451359992	0.4188888961915277	126.31289619577076	48	55.16491572249828	12.618421052631579	255.84167009585906	11.727272727272727	
4804	0.946	98.84231203377084	0.4113723837825319	127.1138079542671	48	54.152479425470155	12.496828752642706	291.93169625065894	11.518518518518519	97	0.914	61.109328198367066	0.41657296022722684	125.4541481411004	48	55.68747570041422	12.62800875273523	249.01164390200535	11.953488372093023	
4843	0.946	97.3331138371901	0.4242087634000956	127.93415580620746	48	54.849099069411345	12.395348837209303	276.7025114522691	11.703703703703704	17	0.932	73.57701113187026	0.422600620052337	125.58452656847041	48	57.15003953063519	12.493562231759658	273.71660781689167	11.617647058823529	
5000	0.946	93.73947164975934	0.4289645654408649	109.64420788804483	48	57.91575987756665	12.47568710359408	242.43279056210852	11.592592592592593	2	0.942	75.15797536242961	0.4171003801577048	134.4213962092448	48	55.46801587188353	12.435244161358812	314.3079840982283	11.517241379310345	
5039	0.954	76.29192457255536	0.4206046224914146	122.35815396080176	48	55.09303118524446	12.641509433962264	270.2696336175977	12.08695652173913	264	0.898	67.52387397490052	0.4178906190320442	119.53508455026979	48	61.5492692018218	12.525612472160356	261.08200206169107	11.803921568627452	
5058	0.952	69.83875463965776	0.42442328329933415	129.77401727861263	48	55.847318506661296	12.552521008403362	258.0959946036063	11.833333333333334	265	0.94	65.38766538298667	0.4227913575785912	125.43587567940143	48	55.29802854683549	12.548936170212766	251.32815316204955	11.8	
5078	0.94	95.12629533713184	0.41168955262509715	128.37150381568216	48	55.64660809221471	12.5	268.8484859771349	11.7	78	0.942	71.300977928278	0.42274777593248913	129.79460788329303	48	56.9680279119586	12.530785562632696	258.9425387721865	11.793103448275861	
5117	0.934	70.43953060429291	0.4154052674662954	130.47032840533205	48	54.67183774100578	12.443254817987151	293.1533193940585	11.848484848484848	228	0.928	72.74779718508057	0.4104046815253716	121.61532316561463	48	58.71082555756913	12.663793103448276	254.79482579992322	11.583333333333334	
5156	0.932	92.9508916116339	0.4197738914287769	118.87125181067319	48	57.84550781520924	12.572961373390559	260.93378952806444	11.852941176470589	65	0.916	72.74113368250596	0.41837784668024813	123.35450192202671	48	56.869128391502244	12.532751091703057	266.4633734410662	11.761904761904763	
5312	0.934	95.33919931403322	0.41187509849180115	127.95897845358222	48	55.244502324579194	12.464668094218416	288.92571546140204	11.636363636363637	57	0.922	56.356279263105094	0.41757197971948484	138.82544166504354	48	56.34789423635044	12.731019522776572	233.1997326358412	12.179487179487179	
5331	0.95	96.28833796146527	0.4147766619345569	122.6293113954838	48	55.84037373084702	12.48	304.84272445626823	11.84	148	0.93	73.76269035528637	0.41379709895838923	122.35061032023648	48	57.01387553950309	12.526881720430108	269.2824730357811	11.885714285714286	
5351	0.966	78.27947230318121	0.42117232319095704	123.87249496064676	48	54.99190499797121	12.496894409937887	285.6231698563889	11.647058823529411	147	0.932	72.92644757417547	0.41741622111793775	128.84496130191968	48	57.709414080036886	12.508583690987125	303.8396491860503	11.882352941176471	
5360	0.934	69.00628001520384	0.4254357081177207	126.36103266146547	48	56.89588243888432	12.526766595289079	269.7176155618795	11.454545454545455	287	0.934	81.03980841957998	0.40884839642869586	133.04852635332603	48	56.67267349678895	12.558886509635974	255.87743094258892	11.757575757575758	
5370	0.942	69.43215991424476	0.4207130449168663	127.69844124906439	48	55.06400219750915	12.607218683651805	271.4942831880522	11.620689655172415	187	0.916	57.86846926474826	0.4281423271052088	127.82404247059867	48	56.50066693673953	12.65065502183406	240.86764404216322	11.880952380952381	
5390	0.948	77.40291975642766	0.41571111729339594	125.8451754850409	48	54.704725020578664	12.48945147679325	282.1277640094367	12.115384615384615	144	0.936	70.72584666964697	0.41446278080893445	132.5003490427514	48	56.92892852909754	12.538461538461538	251.4422477208206	11.78125	
5429	0.958	78.49370739414289	0.4183904474092367	130.98708745785794	48	55.24076591141112	12.490605427974948	279.07264280423976	11.523809523809524	145	0.928	73.2959481868833	0.413637314553263	124.80214539576282	48	56.70775006965635	12.431034482758621	284.319037044026	11.86111111111111	
5438	0.934	76.58499786822627	0.41436724410493125	143.670727980997	48	54.354987377311986	12.66595289079229	252.62233928008834	11.818181818181818	183	0.94	75.91910576864369	0.4115982953217	133.52016995414937	48	54.629158961052276	12.423404255319149	294.75969947245886	12.066666666666666	
5448	0.918	76.27498878350069	0.41842413214962204	121.79081024509252	48	54.469081324937854	12.549019607843137	270.44296127169815	11.585365853658537	146	0.954	74.93284320559323	0.41096719492945927	126.77635767822422	48	57.166123646264424	12.450733752620545	263.96533153996364	12.043478260869565	
5468	0.928	94.3492140954401	0.41548342103298996	127.81325141812394	48	54.85492277536437	12.618534482758621	264.61303856216983	12.055555555555555	59	0.944	70.18796098059437	0.41071444445385125	124.88031215483167	48	54.09391073411028	12.442796610169491	283.79323921621324	11.571428571428571	
5507	0.934	74.41875288855331	0.4172279897119298	125.10128116359914	48	54.573191014658754	12.563169164882227	249.4330836024892	11.848484848484848	98	0.932	59.647236514891944	0.4190662699246386	128.29844444222985	48	56.06989290383706	12.510729613733906	251.17270505529015	11.588235294117647	
5526	0.934	75.02972269462153	0.4172704526023588	131.67801508388504	48	56.24951502714558	12.537473233404711	270.61949396494373	11.666666666666666	225	0.938	71.71253822589121	0.41516369202936365	123.98448205477415	48	56.89773816033277	12.515991471215353	275.16910603101456	11.67741935483871	
5546	0.95	94.97340744465242	0.4177905252642096	128.16433160237844	48	56.20790380959498	12.534736842105263	251.93419103647895	11.88	60	0.936	68.36308393457483	0.4127275946987488	125.10431296480208	48	55.64968676714937	12.561965811965813	250.32719940417098	11.65625	
5565	0.96	77.93219898547676	0.416390588578089	124.59502472724931	48	54.50021271656403	12.445833333333333	263.82906180842417	11.6	279	0.934	67.7213996733812	0.4150917961410467	130.26730448012685	48	56.815072873375975	12.541755888650963	267.8983824905071	11.727272727272727	
5585	0.962	95.57873820000866	0.42202298740760247	116.76061327662498	48	56.32702601114555	12.494802494802494	285.19577821535086	11.789473684210526	82	0.946	75.4988028729362	0.4182717740328736	131.76868131551356	48	54.822070608579295	12.53276955602537	236.10133059466597	11.962962962962964	
5595	0.938	69.17608189013309	0.42335136434283593	131.99046535445078	48	54.410623098395945	12.601279317697228	241.07404923311523	11.806451612903226	259	0.922	65.72006956923138	0.4168556678318069	127.79552983915656	48	56.620799965580304	12.533622559652928	276.51914952538897	11.487179487179487	
5605	0.938	75.98710325537583	0.4172891962337591	124.71407805829986	48	55.22566796473671	12.44136460554371	297.27153765097523	11.516129032258064	237	0.926	67.85572963181886	0.41203480644625345	129.49150529275744	48	55.20696485081017	12.542116630669547	267.01472957376797	11.783783783783784	
5615	0.954	77.69488875152763	0.417974923399452	126.15218970733454	48	55.09530261047339	12.49056603773585	267.17477056444835	11.869565217391305	238	0.946	74.65159956490996	0.42164389521683404	137.8355760012036	48	56.04462664534972	12.517970401691333	248.33069031028734	11.37037037037037	
5625	0.976	96.37983133457188	0.426845729407205	124.58386848155189	48	56.7217360734582	12.53688524590164	289.3174828167679	11.75	56	0.95	67.89205877361289	0.41927588974493035	130.8207180203864	48	55.25106745172684	12.570526315789474	269.0680713446855	12	
5644	0.956	78.13777094859203	0.41291774514762447	124.65668861164912	48	55.829649521191435	12.47489539748954	260.6475284906653	11.909090909090908	213	0.914	68.6165580608858	0.4103303880656175	127.27003906746067	48	57.53885186000489	12.582056892778994	240.91218371653446	11.720930232558139	
5664	0.938	75.27364940764244	0.41693370595289575	121.40620453036576	48	55.111012115133654	12.462686567164178	270.5947201054311	11.935483870967742	212	0.92	65.48695243609195	0.41156943599878437	127.14670512225804	48	56.36167596365648	12.61304347826087	249.80217377248675	11.4	
5683	0.942	77.91434384888584	0.4104981713261966	130.90275414232656	48	55.453926680985546	12.490445859872612	266.9221474282545	11.724137931034482	214	0.954	64.07414870052712	0.4295760842930652	127.99616128429767	48	55.4702303288572	12.530398322851154	255.06678810292746	11.826086956521738	
5693	0.966	85.77060359052031	0.42006227037282934	129.90925944126764	48	55.763652976757115	12.46583850931677	319.26597248561336	12.058823529411764	255	0.932	66.5172645133749	0.41441391226798907	137.46366401721906	48	57.90560122046678	12.469957081545065	295.87440996567193	12.058823529411764	
5703	0.968	99.5884773665414	0.41672332488448227	128.59777025480395	48	55.45017990172062	12.37603305785124	324.3911972752979	11.375	62	0.936	68.45808405165192	0.41202569688146623	133.31928599219762	48	55.46653688338069	12.564102564102564	250.85580519963173	11.75	
5742	0.958	100.18614963037753	0.4127481773619564	128.4311365457955	48	54.276891820123176	12.411273486430062	311.81893241485784	11.476190476190476	66	0.97	75.81323370714499	0.41685922325097563	134.63176600690352	48	55.38365218986878	12.48659793814433	254.6668851070109	11.333333333333334	
5761	0.96	78.42880951596683	0.41878846847596873	128.69184004132435	48	56.44086848481376	12.402083333333334	278.3778259775927	11.75	155	0.946	74.40265521488503	0.4161754735750507	131.09585406363792	48	57.30181589849104	12.501057082452432	282.5018394617723	12	
5771	0.94	61.473265669700154	0.4219656318858444	133.39666327897945	48	54.44303128273404	12.493617021276595	290.2735266729965	12.233333333333333	257	0.936	68.00645189388533	0.40804629843091406	135.07601741278373	48	55.94748310875488	12.474358974358974	258.28996471222683	12.03125	
5781	0.934	94.76076458001862	0.4156747368738805	129.99128668836676	48	55.224158951477946	12.509635974304068	258.9716905592087	11.666666666666666	61	0.934	73.27444181219327	0.4140031542333472	128.19202128959117	48	56.72386528152627	12.524625267665954	240.18888836887314	11.575757575757576	
5800	0.936	72.0398990203105	0.41682637163406405	127.59652077051683	48	55.85070068458745	12.4508547008547	289.3313092100494	11.71875	284	0.916	62.73800717840418	0.41457061860992017	134.93516214803705	48	56.090736691778936	12.532751091703057	257.1686071550749	11.785714285714286	
5820	0.946	73.2322841341043	0.4152565204144603	126.37866716992646	48	55.51391193389604	12.45031712473573	292.70184914648445	11.74074074074074	283	0.938	60.38445196889646	0.424616224216437	122.87057023612684	48	55.958533067731274	12.550106609808102	268.0648408547326	11.806451612903226	
5859	0.94	95.61396370836606	0.4142885837566684	131.9208410880493	48	55.5393700488618	12.608510638297872	260.83715504508314	12.033333333333333	63	0.954	76.46804213018618	0.4116746286557607	126.93290330940013	48	55.07403746427183	12.427672955974844	276.79309263560094	11.91304347826087	
5898	0.938	90.32432015922326	0.41812711098425365	125.69580803062013	48	54.64261290859112	12.55863539445629	271.7900964236827	11.67741935483871	102	0.948	69.01472022750077	0.4225643203491303	130.7853976595321	48	55.65888629558401	12.481012658227849	278.19284236118824	11.961538461538462	
5917	0.948	75.09862636102058	0.41881612585726474	128.29844537318775	48	54.920097641115376	12.49367088607595	303.75899944019415	11.423076923076923	166	0.922	71.97726705081377	0.4164541171048763	132.61996686745022	48	57.493298854328295	12.58351409978308	284.4732259329052	11.743589743589743	
5937	0.96	98.78372538121315	0.41298611111111094	130.55663324482083	48	55.864881726888534	12.435416666666667	297.8290047640457	11.6	58	0.954	76.06927566682857	0.41293643463454816	137.19252683277995	48	55.848935398109916	12.49266247379455	276.88910028516636	11.869565217391305	
5946	0.924	71.70461423811871	0.4179885770794864	124.70693494332859	48	55.399949963653555	12.532467532467532	254.58242746147985	11.736842105263158	210	0.948	74.83186511408404	0.4096844084185855	141.13217058240005	48	55.7462250394373	12.514767932489452	264.62249246343634	12	
5956	0.926	74.43011928109159	0.41506482971989245	125.76508077620323	48	55.37958055949508	12.561555075593953	281.17893699119315	12.027027027027026	205	0.924	69.68641114931478	0.4110730539301967	141.03040122067227	48	57.98666749494418	12.491341991341992	256.1322835909282	11.710526315789474	
5976	0.93	74.25386838629878	0.4238293516519322	121.17738203678348	48	54.68167752512386	12.746236559139785	249.46532820427018	11.628571428571428	204	0.9	63.07291228668895	0.4119386169386166	126.55646846412502	48	57.05179642406209	12.642222222222221	272.6631331906379	12.12	
5985	0.932	83.36762259138285	0.421038930668759	133.9771237247359	48	55.52420820371709	12.555793991416309	278.0055960657767	11.705882352941176	247	0.92	58.238168788865984	0.42066904110382314	123.35837876099453	48	56.73919719758838	12.556521739130435	261.0244397280956	11.725	
5995	0.966	77.69520316517519	0.41941236817013233	135.9234034640694	48	56.70163130890584	12.43064182194617	263.6551936767868	11.588235294117647	246	0.934	73.82582164767314	0.4178343070206027	131.92988353976426	48	55.99581204019144	12.627408993576017	261.2905742137142	11.757575757575758	
6005	0.94	74.98404594719163	0.4236572558647032	116.32231684447247	48	55.207602108800984	12.470212765957447	284.3373617662892	11.533333333333333	291	0.954	74.26205006895175	0.41402560577088876	134.93226018581728	48	57.01079491408667	12.530398322851154	276.05912993968093	11.73913043478261	
6015	0.944	74.92182415613392	0.4168518773516284	130.45941772094645	48	54.34613864247157	12.639830508474576	262.9059111363244	12.035714285714286	203	0.95	74.98381928102313	0.41760569255306085	138.74989776542301	48	55.94118853761374	12.414736842105263	290.8684809772021	11.76	
6034	0.962	79.83402489595704	0.4107314030390963	133.81119693715473	48	54.32032689278033	12.45945945945946	299.98118745253686	12.210526315789474	208	0.942	65.91745623020304	0.4213739286191511	124.71680537114824	48	58.68145828597629	12.690021231422506	247.92327124523476	11.655172413793103	
6044	0.936	70.45009784816803	0.4155756725468262	126.26509558158786	48	54.517579840719634	12.478632478632479	280.77143424118054	11.59375	209	0.94	72.69352718349307	0.41532981203193997	129.42119043611558	48	56.54668702543579	12.625531914893617	243.7597906835001	11.433333333333334	
6054	0.914	82.33195813108637	0.4172540078448176	131.44062880967766	48	54.45011183488653	12.599562363238512	261.7718870612628	11.69767441860465	206	0.928	73.54805985291691	0.41472690384328337	125.56824093861093	48	55.48221983063491	12.502155172413794	280.4543463884658	11.805555555555555	
6073	0.934	75.35661266455146	0.42275383431700336	129.61773713316265	48	55.08524053430284	12.659528907922912	264.12645468204084	11.454545454545455	207	0.954	63.90161562519865	0.4189222028844675	128.41521940768823	48	56.218032206236046	12.568134171907756	270.5250624425489	11.565217391304348	
6083	0.948	75.8254415159498	0.421830876577712	131.44288295786342	48	55.832245989440416	12.586497890295359	267.598583558569	11.5	297	0.92	65.91579973030942	0.4127603917821307	141.3133645564539	48	56.16027954806745	12.554347826086957	255.7574933159764	11.725	
6093	0.956	94.40669932105315	0.42953260128992365	121.71948030167759	48	56.259830344612595	12.518828451882845	289.54680797420883	11.681818181818182	64	0.942	68.18379223442552	0.4176406749655158	129.35865159326002	48	55.63295973822816	12.496815286624203	269.85146906905914	12.068965517241379	
6132	0.962	84.3238315621685	0.42097086039393766	126.32118483479684	48	55.977545412164595	12.428274428274428	297.6188018690588	11.631578947368421	111	0.928	72.21902286435333	0.4144535780311644	133.09906367536365	48	57.028671673420696	12.620689655172415	274.472793371228	11.61111111111111	
6151	0.946	75.37248027919176	0.4290941999591421	122.44013608078849	48	55.72596237494555	12.579281183932347	278.8791226499669	11.777777777777779	113	0.934	67.08517087245946	0.42410778907031593	128.5823597459518	48	55.33825106453314	12.550321199143468	261.66382759705004	11.696969696969697	
6161	0.956	76.12192247667653	0.4217486836733698	130.99447734276998	48	55.97895777595611	12.527196652719665	297.6054346132418	11.863636363636363	232	0.918	66.55067420620355	0.41668278750170323	132.33685322521896	48	55.011784856192634	12.514161220043572	272.4162990550609	11.804878048780488	
6171	0.916	92.002973022772	0.414195311602517	125.37532476296492	48	55.58703296655725	12.626637554585153	234.9575691290029	11.476190476190476	110	0.928	71.37034131631326	0.41795321237670396	127.17096817449752	48	57.033458733817376	12.581896551724139	282.6115477776641	11.88888888888889	
6180	0.958	79.38875629851022	0.4151085170918158	130.20440713778342	48	54.63814079101133	12.409185803757829	311.8438282540798	12.142857142857142	141	0.944	60.85689604051851	0.42221877698572574	121.04096329735056	48	55.85951982064105	12.538135593220339	257.6585532300789	11.857142857142858	
6190	0.968	79.83110114196563	0.42207850689255605	134.6107736390436	48	55.82168551280201	12.388429752066116	303.3908182109096	12.1875	128	0.944	70.6830196025558	0.41795256297374905	130.01259924565414	48	56.16926932916575	12.51906779661017	258.6204727923621	11.571428571428571	
6200	0.932	67.7946375314954	0.42358589193353136	121.82977317789677	48	54.465063902701395	12.67596566523605	244.31272892947092	11.5	292	0.924	67.96516417510159	0.4143177720335853	137.9278954892295	48	55.001434602998586	12.448051948051948	282.6313123532213	11.81578947368421	
6210	0.946	77.92421746209553	0.4161785096510257	137.63025379239198	48	54.93281917304198	12.579281183932347	264.66365212756665	11.62962962962963	112	0.942	67.21657723491384	0.40804362834617647	133.86262986642214	48	55.75392981114889	12.473460721868365	267.19205658801917	11.689655172413794	
6250	0.948	93.07257304459058	0.4209566453237339	114.3225881147615	48	55.288917253495235	12.542194092827005	270.8754612347989	11.692307692307692	19	0.942	73.8522328161181	0.4205716081512259	136.6927208736155	48	56.05981640219302	12.503184713375797	291.02082283861046	11.620689655172415	
6269	0.948	77.77887171344457	0.411929631549885	127.04230421150221	48	54.507602590195106	12.390295358649789	305.1757893254423	12.076923076923077	248	0.926	73.11257441501155	0.4094518692250876	131.9819396054091	48	56.232557383952	12.5377969762419	264.6398925392482	11.621621621621621	
6289	0.934	74.04823441786647	0.4219122657024154	128.8050668657844	48	57.463578710465455	12.554603854389722	282.3445129306686	11.878787878787879	123	0.926	57.42421987347314	0.4209896824050041	140.88040257180236	48	57.664467888322214	12.721382289416846	244.23906463543287	11.891891891891891	
6328	0.932	93.28395556073443	0.4135656378461228	123.01716216841497	48	57.3555798425439	12.50214592274678	245.99527314217207	11.764705882352942	46	0.92	71.25927532381505	0.42116322988605603	134.5044195442069	48	56.782042542878045	12.580434782608696	249.4113733791546	11.45	
6347	0.922	71.42857142827252	0.41152536003403695	133.32670061864957	48	54.4823684278977	12.631236442516268	239.3490560895701	11.717948717948717	249	0.93	65.96680380196644	0.4140056359411198	134.99345909997095	48	55.76591401227308	12.531182795698925	256.01787127859717	12	
6357	0.946	68.01449442034838	0.41851390329191623	132.48965606959612	48	57.82960835686956	12.496828752642706	283.7113471787172	11.518518518518519	261	0.932	61.55227981201644	0.4160781278807031	126.63639482214055	48	55.33720181388377	12.650214592274677	266.28556154231285	12.088235294117647	
6367	0.946	68.41884483632393	0.4276142198182365	132.17361123176457	48	56.14206855354225	12.522198731501057	289.0850704670841	11.777777777777779	174	0.948	74.26207933797443	0.40873679766084836	132.682848953823	48	56.25955053182354	12.434599156118143	299.18071161514064	12.23076923076923	
6386	0.956	91.49200880447458	0.422969383011224	115.76101968978129	48	57.73054591351624	12.52092050209205	271.67543772240947	11.409090909090908	175	0.932	72.93672035151327	0.41617459793425465	130.93065886602866	48	56.62663901951055	12.512875536480687	256.03975088023594	11.852941176470589	
6396	0.926	61.42049826257768	0.42079033277737404	126.9819515062608	48	58.14343847269313	12.542116630669547	270.4831337491054	11.54054054054054	194	0.922	72.79905250669468	0.40903330220033024	129.43556961584238	48	57.05310543094691	12.498915401301518	291.4178515966976	11.692307692307692	
6406	0.922	79.90016811879292	0.42686672510425233	127.17501295908734	48	58.292969101225374	12.546637744034706	262.27179692283966	11.820512820512821	44	0.918	57.79764528058271	0.4244682695663088	125.8362102177305	48	55.830721617735236	12.625272331154685	251.27775425067495	11.439024390243903	
6425	0.912	69.62469844546708	0.4240757688948477	125.23615624771196	48	55.82080697779579	12.741228070175438	219.199580968098	11.636363636363637	244	0.956	74.10048521948006	0.4153200007802515	134.16412891023157	48	56.92565720174283	12.55020920502092	279.6383910804711	12.227272727272727	
6435	0.934	76.79784242536562	0.4154392716491221	134.8892795257674	48	54.05004696465649	12.522483940042827	273.71765236947687	11.636363636363637	260	0.948	68.78736866494823	0.4211331565761947	133.22827778018055	48	59.45197524907458	12.50632911392405	253.97953457318766	11.884615384615385	
6445	0.936	93.72746936001958	0.41694037799807093	124.73125432799219	48	56.708968696470606	12.527777777777779	256.89661545342915	12	49	0.926	64.35829360202133	0.4230546631194579	136.42799424171986	48	58.39542808618889	12.55291576673866	270.2674044658793	11.864864864864865	
6454	0.91	61.0557956044619	0.41767321506332494	122.791182316921	48	54.44165785929675	12.562637362637362	261.4262796148049	11.777777777777779	288	0.92	56.7992393842868	0.4257604996239904	125.9484448387119	48	56.859428498194205	12.769565217391305	246.0240610447682	11.525	
6459	0.926	65.20116601573226	0.42199844791637425	129.87006348669962	48	57.96813210935954	12.602591792656588	264.41500831523456	12.027027027027026	289	0.922	65.53787975673511	0.41876828883336503	127.83296863669706	48	56.68608268242852	12.596529284164859	271.0642718403763	11.692307692307692	
6464	0.96	75.92534008312488	0.42462716970529457	128.97748825096107	48	55.01583314932678	12.545833333333333	281.11297213856926	11.9	129	0.93	72.89201009614331	0.41128641967351615	131.7819946612617	48	56.57332320401372	12.617204301075269	234.76533952194802	11.685714285714285	
6484	0.966	95.05254457386998	0.41555190840905143	128.49221078525534	48	56.799567240687175	12.467908902691512	305.77710001500265	12.058823529411764	45	0.908	57.721158491550455	0.42061748823863404	125.846762323144	48	59.1794699386746	12.6431718061674	253.0679046166306	11.782608695652174	
6493	0.924	60.07177406785694	0.41747844507584736	124.65709505359528	48	61.90266643853416	12.653679653679653	249.05445485307524	11.842105263157896	269	0.914	54.28907447225315	0.4164647988772712	125.94428785931021	48	59.939518441326584	12.599562363238512	246.84987027551526	12.116279069767442	
6503	0.918	64.00423906078487	0.4301013619641071	119.11985259126737	48	58.78286377779049	12.71677559912854	228.94420971817902	11.560975609756097	267	0.906	57.26059257696302	0.4203722142463865	134.1759289459903	48	59.762736701326084	12.620309050772628	269.90055363857124	11.808510638297872	
6523	0.926	73.26644934603152	0.42085567420340664	122.59338300499054	48	55.62784228277911	12.602591792656588	255.11400475978598	11.945945945945946	266	0.888	55.37126181660771	0.4237739925239923	127.44602064227259	48	59.19760252405516	12.666666666666666	252.29563977060528	11.821428571428571	
6542	0.936	69.6034980215778	0.4260597664443824	116.89303563524106	48	56.380242161323125	12.636752136752136	252.9612399303701	11.78125	268	0.93	53.7895613547461	0.4242160706676833	132.06217959814313	48	56.87235021670761	12.718279569892474	241.706731402096	11.542857142857143	
6552	0.91	64.7115712825744	0.4187351842296902	132.16368939422495	48	58.10168092810348	12.494505494505495	272.3717481180058	11.866666666666667	270	0.95	70.43088876290813	0.418995741101004	131.7122991699492	48	58.25064935886479	12.494736842105263	292.9432953742555	11.72	
6557	0.922	65.62557831697112	0.4188226451783935	125.05598889756715	48	57.82353631150571	12.594360086767896	272.15428746224296	11.717948717948717	271	0.94	69.77331096649257	0.41179487179487206	136.3363940233019	48	56.92221281461231	12.487234042553192	289.43614273190104	11.766666666666667	
6562	0.96	83.39848840282956	0.4292207185175935	123.6825223510456	48	57.376712762674046	12.6	257.07003346267265	11.55	28	0.932	60.47785290620126	0.42628626738068803	130.43095783171975	48	58.6212932141178	12.63733905579399	250.63496250740442	11.676470588235293	
6581	0.952	67.60787432826105	0.4263834554800947	124.23909618435293	48	57.74399675971381	12.684873949579831	237.66493498632158	11.625	216	0.898	57.45067430996735	0.42055794984525524	118.82574763897512	48	59.97529831868902	12.585746102449889	272.2414594670158	12.156862745098039	
6601	0.934	77.1786015299541	0.4114317160355704	134.4708236938828	48	54.188182935907804	12.428265524625267	290.17882759034376	11.515151515151516	215	0.92	59.289046992561566	0.41994510018966547	126.7397620768899	48	59.57293487991996	12.567391304347826	271.65172740225404	11.875	
6610	0.918	64.60512055376911	0.428764844451119	130.55020498142915	48	57.59820686519619	12.642701525054466	235.33312436824733	11.829268292682928	254	0.92	62.47877758972687	0.41166731818905683	136.65230236631987	48	61.24618056903469	12.647826086956522	248.68586920731138	11.925	
6620	0.906	64.34750493638461	0.4233354015590086	137.825776315716	48	57.19249551361096	12.64459161147903	229.94638359348775	11.787234042553191	217	0.918	50.132704217028795	0.4238489361038379	123.17993788102797	48	61.475569157228016	12.612200435729848	239.23935013615213	11.926829268292684	
6630	0.932	67.73452716653507	0.43041021504793253	129.43442457730293	48	57.41452201893964	12.594420600858369	250.09442249183826	11.735294117647058	218	0.918	58.188917483430906	0.4256137471823749	126.16623912853773	48	59.469454537128414	12.642701525054466	234.9453634496176	11.585365853658537	
6640	0.952	91.26641740878057	0.4198849497472892	120.01057938846374	48	57.34901358703862	12.573529411764707	256.91088497423317	11.875	48	0.932	63.247329631992656	0.41538697354147996	128.3663490370442	48	60.748878153487716	12.65236051502146	233.34817905165235	11.794117647058824	
6679	0.954	85.57281762535186	0.42241254244583887	130.36392926159698	48	54.952732756344616	12.50733752620545	266.4550503705147	11.73913043478261	131	0.906	56.47041224611862	0.425430088675122	123.32962752078951	48	57.494010544878414	12.73289183222958	248.43215961246264	11.702127659574469	
6688	0.932	64.18467556364773	0.4221823955729534	136.22471129765256	48	59.234535849299164	12.53862660944206	279.29101040751294	11.852941176470589	230	0.942	62.22010858794184	0.41972931527071705	134.04075613452275	48	59.882831723826186	12.560509554140127	254.03759422502407	11.827586206896552	
6698	0.922	60.981255869136575	0.4241539371691215	125.83700899041823	48	58.59185186118801	12.481561822125814	274.62476690035015	11.58974358974359	224	0.922	64.58120280746864	0.4183242643112493	131.79225589122822	48	58.1999481511179	12.66594360086768	235.40881731975176	11.717948717948717	
6718	0.938	81.57940511460686	0.4189080010461549	125.17221460172424	48	56.90537931389466	12.57995735607676	258.6155869480988	11.612903225806452	29	0.952	72.7928919876073	0.41546729602988913	132.41812756029847	48	55.37559363585568	12.506302521008404	269.74918159662667	12.333333333333334	
6796	0.934	67.05916140114364	0.42531541442141024	120.99662370639574	48	57.2050884710261	12.554603854389722	249.15651458815603	11.969696969696969	202	0.926	57.53339546452982	0.42457323094472127	124.52379510579617	48	58.757763800478244	12.600431965442764	259.5427611021115	11.783783783783784	
6875	0.934	81.48238619366349	0.4198130563226925	128.41922837998519	48	57.55780478694441	12.546038543897216	276.29295043032704	11.757575757575758	22	0.932	63.14277584256726	0.41956902182224093	131.91045407764534	48	59.45573308352954	12.598712446351932	286.5577494529647	11.941176470588236	
6914	0.94	77.30136017472952	0.41839995111271727	128.50222291928912	48	55.22992843177437	12.540425531914893	254.341403610267	11.766666666666667	156	0.914	57.387548032191155	0.4196321184286175	131.7213836770212	48	59.96984235207149	12.682713347921226	234.73887683323372	11.744186046511627	
6953	0.946	67.5646721033355	0.42283773309143335	126.99369669575995	48	57.541247269621635	12.575052854122621	258.89882475791046	11.962962962962964	125	0.926	66.70124182431381	0.4163907007319536	136.96832293712623	48	61.14045404201935	12.606911447084233	264.6199994241821	11.64864864864865	
7031	0.942	79.02021642420392	0.4176381297400409	126.37134437679967	48	58.363864609409724	12.61995753715499	250.87683934731015	11.724137931034482	47	0.922	51.77157616898978	0.426360597103547	126.59191585803688	48	58.92596078585585	12.557483731019524	262.6397368281273	11.615384615384615	
7040	0.938	66.65908638719894	0.4224827855158346	130.21161393395346	48	58.527815734996274	12.582089552238806	240.7772871947969	11.870967741935484	222	0.896	55.70407211700809	0.42025853610674974	130.59817588927336	48	59.90043763101322	12.566964285714286	258.5657591077242	11.903846153846153	
7050	0.906	51.06469321736224	0.41631799356770127	131.5564998218807	48	56.99448977210505	12.567328918322296	238.0950235994142	11.787234042553191	221	0.934	59.718670077117515	0.41480578664732864	128.74417913548933	48	59.22373155665825	12.612419700214133	255.09341755339585	11.818181818181818	
7070	0.908	64.156915946836	0.424428435001122	135.56066540276552	48	58.090996435592224	12.665198237885463	233.23460191722475	11.782608695652174	219	0.908	61.19175663513159	0.41721615389016264	130.5439081779993	48	60.8026060411974	12.66079295154185	272.260098602993	11.73913043478261	
7089	0.93	71.70172084134961	0.41878756916707605	128.69535176904887	48	57.47208317268134	12.651612903225807	265.3141059157649	11.885714285714286	220	0.878	51.41598931888225	0.42375682738807474	117.06450458994327	48	58.94411599462878	12.694760820045557	241.27444251812923	11.80327868852459	
7109	0.95	72.35779788517115	0.41534076449865875	130.16131877499407	48	55.323810305169026	12.557894736842105	250.83035435295812	11.8	211	0.938	68.07954710441031	0.41861959114091296	132.14956093100582	48	60.23112322015783	12.5863539445629	253.54111495662926	11.35483870967742	
7187	0.946	81.41416227688114	0.4242804147930999	123.52610429263835	48	57.06859492148811	12.668076109936575	252.9241445946492	12	38	0.904	49.682340785746504	0.4218718597037182	128.38272772108593	48	58.42800142105317	12.630530973451327	250.45370928424066	11.541666666666666	
7343	0.946	94.78388072741419	0.4169865194706633	128.7525806365749	48	56.36128540897168	12.53276955602537	257.50056956546825	11.555555555555555	39	0.916	62.02852228552647	0.4234939369218845	120.05839121109422	48	60.588874666857606	12.556768558951966	258.9659840833428	11.619047619047619	
7382	0.946	66.44471602968864	0.4218234197092549	135.02881209503946	48	58.09198495619408	12.636363636363637	269.5925773716251	11.666666666666666	223	0.902	56.33556510419359	0.42172919467819686	125.76417715337324	48	58.04872587325262	12.689578713968958	256.77844096569885	11.510204081632653	
7421	0.938	78.96287566321936	0.420813283042055	128.44180903827265	48	58.10840098005022	12.611940298507463	277.2042398917392	11.96774193548387	51	0.9	52.691357446501094	0.4228309468309465	123.51899653406483	48	59.06100283079187	12.693333333333333	255.98901422702042	11.36	
7460	0.942	77.01489608755163	0.4233382152171961	131.39433326347097	48	57.809225686733626	12.600849256900212	272.90143499563123	11.689655172413794	143	0.924	62.26415094304455	0.41699496991704754	133.42294505512407	48	59.055920312802876	12.63852813852814	246.50950261697832	11.763157894736842	
7480	0.926	65.5167046362528	0.42186945523878555	129.27064934102984	48	57.81968409518057	12.542116630669547	281.7599221706858	11.891891891891891	198	0.914	61.256769073238296	0.4148008446695535	132.1787840814294	48	59.417632134800826	12.61925601750547	234.97046028171022	11.86046511627907	
7500	0.926	79.15612391363533	0.4230435331407253	130.41022317084685	48	57.69324185934036	12.591792656587472	254.65792127749688	11.756756756756756	18	0.922	50.56876144930422	0.4197184865026509	134.4196932609188	48	58.213284264196744	12.661605206073753	243.69607922868852	11.64102564102564	
7656	0.926	77.29936390909742	0.42227200445342966	126.89732557901029	48	58.03347185982694	12.52915766738661	258.51787698785216	11.702702702702704	69	0.928	58.11550456531273	0.4139963843627636	137.5353097477579	48	59.10500582041317	12.629310344827585	254.8989985755123	11.805555555555555	
7675	0.912	63.4487748545003	0.42584904130956774	129.40991868065512	48	55.88561011842006	12.697368421052632	251.84567250684844	11.727272727272727	280	0.922	57.087662377685284	0.4143062830156109	129.07844542415634	48	59.6090972541798	12.644251626898047	246.74448949911078	11.76923076923077	
7695	0.914	63.8687406539241	0.4221930148625993	133.86821811774018	48	58.85523031058113	12.693654266958424	243.06209885164813	11.953488372093023	99	0.918	50.58966163355804	0.4248388140545003	123.19576078250111	48	58.23265009559814	12.651416122004358	249.75951824955422	11.853658536585366	
7714	0.934	70.62809092392024	0.4224001740376597	133.8813515567315	48	57.265603430914965	12.616702355460385	276.4237852383872	11.757575757575758	109	0.916	57.07378469012007	0.42140348734235167	132.94093683856408	48	58.163898965859055	12.61353711790393	250.24826502426583	11.833333333333334	
7734	0.948	79.33187166426913	0.4303221040562812	126.95176524446939	48	57.02895981205416	12.613924050632912	282.4063818058056	11.384615384615385	93	0.896	52.84140501513887	0.4267815146163359	133.61477256154174	48	58.72657082994429	12.720982142857142	215.20990965159365	11.942307692307692	
7753	0.93	64.87708234580083	0.4299831709509127	131.95990200851273	48	57.53940120111742	12.664516129032258	247.51198550134885	11.542857142857143	177	0.934	61.10645870397968	0.42286578517841905	135.33692379394628	48	59.504305116028455	12.595289079229122	280.9293657453659	11.606060606060606	
7773	0.928	74.7964858540183	0.4194896339292891	121.23320374727172	48	55.06891779432599	12.607758620689655	251.05912338386963	11.416666666666666	176	0.922	57.075646899081384	0.4222552212790824	125.96082527425006	48	58.59004601717194	12.579175704989154	267.94726460962676	11.743589743589743	
7812	0.938	91.02377486714546	0.41794314427576645	135.4832648687976	48	57.62493714141664	12.539445628997868	244.8338811553415	12.129032258064516	67	0.892	48.112189860270206	0.43018118839307173	124.20694932166742	48	58.05683216063698	12.77578475336323	229.14262521064055	11.796296296296296	
7890	0.938	79.77275819884673	0.4225201593005431	129.39466605827792	48	57.06329264765641	12.526652452025587	274.25988965618376	11.64516129032258	79	0.92	61.07762168975649	0.41504139881857277	125.11285967607037	48	59.59690594293048	12.682608695652174	247.84786878792613	11.75	
7929	0.934	65.2234636868539	0.4282924427464046	125.43256413459137	48	56.94892845182341	12.644539614561028	257.6562969899363	11.424242424242424	135	0.9	55.74619377377085	0.41969881969882006	133.4294387897809	48	59.22295427662611	12.586666666666666	252.96159187951176	12.18	
7968	0.924	76.62072739993879	0.411817736736568	133.1690357941236	48	57.60629743696344	12.634199134199134	239.95222023746024	11.578947368421053	68	0.9	55.68273216625721	0.42690120990120967	128.73403621995354	48	58.14712712331072	12.617777777777778	271.8663225063526	11.6	
8125	0.922	79.0886788249658	0.4197378001607937	129.12104693383387	48	56.463742501955025	12.609544468546638	261.5767708142132	11.58974358974359	21	0.912	53.0553357846589	0.4243784815330864	127.35536042988848	48	58.37607269386062	12.631578947368421	267.36132197763715	11.840909090909092	
8203	0.918	89.05877102919123	0.4105060154079766	125.92359842540992	48	57.52379508124746	12.5359477124183	273.0451488903607	11.78048780487805	50	0.902	55.2269693738593	0.423075630947028	137.51868704625767	48	58.86948926255634	12.702882483370288	240.6597960320107	11.591836734693878	
8212	0.934	66.85755189594141	0.4150493164726696	132.67486093492406	48	58.77448742853241	12.558886509635974	241.94165076012513	11.969696969696969	258	0.896	58.93573636699898	0.41241226221694943	135.39730108942263	48	58.52014583770754	12.607142857142858	245.51484738710866	11.73076923076923	
8222	0.944	65.3477135228559	0.4185853341573681	136.49263106508482	48	56.52660593470024	12.57415254237288	269.36689178057776	11.357142857142858	138	0.896	47.09147097750949	0.4135622004483611	125.69897095743478	48	58.55592263295558	12.689732142857142	231.98269633385394	11.596153846153847	
8242	0.944	75.4632516341841	0.42020497158209047	136.17513583388723	48	58.06453491514773	12.552966101694915	269.6752641779593	11.785714285714286	86	0.78	40.75831365090537	0.4225104062604064	117.39468215265289	48	68.69178890483016	12.794871794871796	195.8877278746325	11.854545454545455	
8281	0.944	79.9309071806971	0.42279912883726445	134.34780007840035	48	56.54136840645998	12.603813559322035	263.14858986697584	11.357142857142858	30	0.912	54.85186388051866	0.41705567823988876	125.13423934225061	48	66.05122219517398	12.56140350877193	269.94453629499833	11.681818181818182	
8437	0.946	79.27462876777199	0.42434027389101386	122.6473391264824	48	58.18612227808633	12.54968287526427	277.06232589062944	11.444444444444445	23	0.926	60.301376642508316	0.4205461205461204	135.3954859578161	48	62.02678763891004	12.626349892008639	256.2150698927997	11.81081081081081	
8456	0.93	60.907721527857035	0.4237446066478318	129.51372547647745	48	57.4025459159456	12.630107526881721	240.78275907712592	11.857142857142858	250	0.926	53.54396271545126	0.42104040667755555	134.49103613282287	48	61.50687254455523	12.684665226781858	250.34914459085817	11.621621621621621	
8476	0.932	64.14580092829046	0.4238560438131253	130.40129781539636	48	57.34339549614033	12.665236051502147	247.15955850670386	11.294117647058824	178	0.92	54.566375250604615	0.42557638014159727	128.6466826185917	48	61.94553613930232	12.656521739130435	244.67596725270326	11.775	
8515	0.936	77.53222225938167	0.42604336546644234	123.73326459778178	48	58.10339686911206	12.566239316239317	261.1556877504552	11.75	89	0.91	58.18265517536989	0.41698423963453035	134.44289402112523	48	65.28897123903018	12.672527472527472	244.38989799143138	11.511111111111111	
8593	0.932	77.58778575116985	0.41612475507325286	142.5985591251852	48	57.107558642096684	12.534334763948499	297.45175960646026	11.529411764705882	87	0.898	50.25575590721018	0.4239123626929854	122.15448786580805	48	62.27468614452807	12.768374164810691	222.33807642998116	11.686274509803921	
8632	0.928	73.62625156726878	0.4166543226888055	125.43610275685634	48	56.54388751360103	12.579741379310345	266.11078549546085	11.722222222222221	157	0.91	58.44272612800686	0.4137321378255442	135.19907686195063	48	60.59387775728734	12.74065934065934	227.68478792151382	11.644444444444444	
8651	0.92	63.68721271539066	0.4238006558658733	131.27009841034538	48	58.45013954257928	12.654347826086957	259.74638586801507	11.65	226	0.898	50.78266377101385	0.4195990824102315	125.13168079618713	48	60.44633840747008	12.714922048997773	249.91639686292376	11.607843137254902	
8661	0.934	63.756877414797366	0.42549500925240935	131.4924392583834	48	57.86863485900992	12.612419700214133	258.0264764192498	11.454545454545455	262	0.916	57.40715207918032	0.4181672937902065	133.0505006046534	48	62.253173792426985	12.648471615720524	259.9640494668022	11.833333333333334	
8671	0.944	76.57862288309421	0.426278312083397	136.81006731004888	48	57.97943836238576	12.620762711864407	252.29836174545514	11.75	88	0.92	57.95056564823344	0.4217484146288492	128.28174181209678	48	60.1168525352026	12.660869565217391	256.05442065135617	11.625	
8710	0.934	63.05272395833608	0.42695666218150186	130.15914414247868	48	58.14991846725609	12.738758029978587	228.97436121744698	11.818181818181818	199	0.918	51.65835706118824	0.4294638549540509	128.0621834092224	48	60.188114398034095	12.694989106753813	249.90756837421068	12	
8730	0.944	70.16083479528547	0.4239570281413504	142.77992979465492	48	57.23814345224117	12.60593220338983	245.96431419890354	11.5	200	0.9	54.512416717110376	0.4182719143601496	123.8402894563175	48	60.57810882837802	12.695555555555556	270.7406952574755	11.7	
8750	0.952	81.23975969326261	0.4220767065567489	141.58823721791615	48	55.95798168706124	12.466386554621849	291.5695253829365	11.541666666666666	20	0.93	57.254023172362466	0.42471721826560493	131.34613095169883	48	60.867677888168146	12.58279569892473	267.8673691359968	11.8	
8769	0.946	64.94219732581192	0.4254002868167777	126.68291138246778	48	57.240367337252245	12.60676532769556	275.9849174852321	11.814814814814815	139	0.904	48.96862541168116	0.4167711344702493	135.22034316525344	48	64.66697170262101	12.579646017699115	260.55234616887265	11.666666666666666	
8789	0.926	64.10345161744243	0.42158735792645113	128.49653950765773	48	57.17741357157546	12.602591792656588	250.35290323604957	11.675675675675675	132	0.928	59.26834253001255	0.4119041877662563	132.21612989846068	48	66.41005834719	12.655172413793103	236.68999693792878	11.722222222222221	
8808	0.928	68.40025944842796	0.4247001651365877	130.9808902105088	48	58.36950791276254	12.59051724137931	268.26398064714164	11.472222222222221	281	0.888	46.492633430796346	0.42192893442893414	125.37319829043827	48	62.37115804147047	12.722972972972974	253.86428754850448	12.071428571428571	
8828	0.938	77.15465477873666	0.4203284721674914	132.70558414220113	48	57.04630239212356	12.652452025586355	260.08130455134693	11.483870967741936	74	0.908	59.8060912633761	0.42457623140442546	126.91896038235713	48	59.6530164080081	12.594713656387665	267.9369823133824	11.565217391304348	
8867	0.936	83.84542343759503	0.4166576845309877	136.028596728184	48	57.3586914554749	12.566239316239317	260.1274036291881	11.53125	124	0.922	48.54164472945296	0.4260895839305944	128.66730114722472	48	59.41741349835379	12.737527114967461	252.7891719756287	11.64102564102564	
8886	0.93	64.0002202154374	0.41675647828873635	133.64815841930883	48	56.61637960623193	12.567741935483872	257.1843990280491	11.685714285714285	245	0.916	55.505732360121804	0.42012154512154554	126.0263006292659	48	59.051917990380524	12.657205240174672	239.9375584658057	11.619047619047619	
8906	0.922	72.8554270185974	0.4153602362929911	136.95423695189368	48	57.88626023543744	12.642082429501084	220.43950464521876	11.487179487179487	73	0.894	50.495921917916185	0.41929222902377244	131.97531455158122	48	60.24977320448821	12.718120805369127	209.584405029532	11.716981132075471	
8945	0.926	63.79958936724764	0.4218032057934868	136.4640501088719	48	57.575542774767676	12.580993520518359	260.7980040639797	11.45945945945946	152	0.916	58.30978025643495	0.4168166622315096	137.85796685723832	48	61.69351293408425	12.648471615720524	239.932499493813	11.904761904761905	
8984	0.934	76.54608336523556	0.4261441596149999	130.22333772085491	48	57.053151175102975	12.580299785867238	260.68364700694053	11.818181818181818	75	0.912	56.442629038871935	0.4180008040205409	139.37588107874643	48	63.51005953139739	12.646929824561404	278.74838102298696	11.840909090909092	
9023	0.93	61.63185240234034	0.42371076951722136	128.14105556223163	48	60.5276059771322	12.69247311827957	246.88748295368117	11.542857142857143	179	0.898	52.19230948067489	0.4230906064981788	133.59717360141624	48	61.38288377480818	12.708240534521158	228.13729222763087	11.980392156862745	
9042	0.912	55.34047743346394	0.42297849853964414	125.55813080334543	48	56.096564865727785	12.660087719298245	258.0457691935079	11.704545454545455	251	0.894	58.11307999341977	0.41309731469127436	134.27209860903855	48	60.02691432694153	12.62192393736018	234.73983273881666	11.528301886792454	
9052	0.936	64.21779162162069	0.4148142811604354	136.24736152426541	48	57.610925030310774	12.628205128205128	231.7944986780121	11.59375	252	0.918	52.083333333593124	0.42225074308407623	134.2299334216942	48	59.148897656220015	12.679738562091503	254.1986002674866	11.853658536585366	
9062	0.944	79.2917499634401	0.42190338792563387	138.5920641027776	48	56.61192758860607	12.559322033898304	269.34624277693825	11.392857142857142	25	0.906	54.51197939854731	0.4209939262140271	132.41939088784827	48	59.895524393537734	12.629139072847682	244.8129377974098	11.808510638297872	
9218	0.946	78.64850933600795	0.423284150662586	130.45116609816876	48	56.579422685835816	12.632135306553911	254.70169743438808	11.25925925925926	34	0.932	48.947009085738664	0.4328159322794513	127.42022155372511	48	60.54852223834172	12.841201716738198	228.605771377497	11.882352941176471	
9237	0.924	62.78282848887701	0.42361786842306326	125.80309518131713	48	58.23019835264278	12.621212121212121	240.20910270529856	11.342105263157896	253	0.928	59.87328541805983	0.4205819772899518	140.4508595248941	48	59.583270269909434	12.620689655172415	255.45419420885617	11.555555555555555	
9257	0.932	76.10151223126434	0.4229621505104339	130.710388137048	48	56.575458594168175	12.609442060085836	270.194166337283	11.735294117647058	54	0.906	47.79438917049382	0.4288494617964814	124.18635460601351	48	59.0699949390657	12.726269315673289	209.75583522586447	11.74468085106383	
9276	0.928	76.39117550185915	0.42310807906174297	130.53456890290744	48	57.011589247565475	12.517241379310345	268.5102955430732	11.722222222222221	154	0.916	54.778136587075764	0.4205183361248734	138.10731745685476	48	60.300956813409854	12.766375545851528	237.39117039420657	11.571428571428571	
9296	0.908	71.39936463961143	0.42589115179974213	121.72100245885088	48	60.00124167745573	12.579295154185022	253.16430277213612	11.76086956521739	52	0.936	55.979522021034214	0.4230600595985207	132.64586684661836	48	61.50142724390778	12.628205128205128	279.46563374412466	12.03125	
9315	0.916	71.8161006052896	0.4124382531587772	133.88634338484312	48	54.37863449025386	12.524017467248909	260.6334405645233	11.904761904761905	167	0.928	56.0007724240343	0.4266325100693759	126.56798587046939	48	59.26706624775578	12.70905172413793	222.44947196583823	11.555555555555555	
9335	0.93	68.64076523387429	0.4222459619233811	136.98456024006185	48	56.631398527407846	12.518279569892472	279.4301060884033	11.885714285714286	105	0.91	53.49605540099732	0.4218571172417323	132.5855062432534	48	60.5908253787622	12.654945054945054	254.20229139293477	11.911111111111111	
9375	0.926	77.57003082807073	0.41965385226724305	143.46773554121822	48	56.763618749692085	12.572354211663066	272.2057500256076	11.567567567567568	24	0.936	48.668885191154494	0.41741911934219617	138.45136727732898	48	66.03517956888976	12.617521367521368	263.3741392128109	12.09375	
9394	0.932	63.07440343270118	0.4205570538188564	136.85914763451095	48	57.95624409372149	12.585836909871245	270.79814322080585	12.088235294117647	227	0.924	58.59523628345985	0.41764400822842385	139.93454759856513	48	64.03261682485758	12.651515151515152	238.72333923370226	11.710526315789474	
9414	0.942	64.48079950742442	0.4228149327671617	142.7466286620967	48	57.0200159924172	12.575371549893843	263.5133446659085	11.689655172413794	120	0.908	48.853976111330404	0.4139605071873793	140.2271691788507	48	66.31663111322102	12.731277533039648	216.5613591125713	11.630434782608695	
9453	0.944	70.94117293465132	0.42140795292278344	137.81924970411347	48	57.63498415715754	12.495762711864407	266.4265718629488	11.357142857142858	119	0.916	54.69505714322146	0.41426433828180514	140.4954931033153	48	61.03503498241659	12.580786026200874	254.7107232862228	11.595238095238095	
9462	0.956	85.50830933210567	0.41139479418768143	139.01060037375478	48	54.53462232859676	12.46234309623431	320.1256613023789	11.909090909090908	189	0.884	49.193647118839095	0.4160195008611301	128.05576204964282	48	60.05003430769838	12.735294117647058	230.04548991593376	11.620689655172415	
9467	0.938	63.664006081685585	0.42713984664944166	133.63170846746888	48	56.97875898463539	12.552238805970148	267.02858741534556	11.64516129032258	240	0.876	49.569941149784086	0.4153700561234808	130.79495919836867	48	62.935221504588164	12.707762557077626	242.45940299864455	11.612903225806452	
9472	0.9	72.0888134176493	0.4134797054797059	130.39887343305463	48	55.748845080122415	12.633333333333333	249.10928539040188	11.62	188	0.912	45.21925388212635	0.4190894438378955	132.59477617369924	48	64.07353098517964	12.739035087719298	237.4350208861449	11.886363636363637	
9482	0.908	61.4801272932912	0.4235553360002699	131.63952725930167	48	56.95768761269816	12.570484581497798	265.72244686409886	11.434782608695652	256	0.918	58.84690829381974	0.4176593558946496	143.63080488959477	48	61.04847456365904	12.642701525054466	268.4050918258214	11.75609756097561	
9492	0.926	63.50469084259906	0.4227868783484333	140.22469288482662	48	56.975088475794514	12.568034557235421	240.35276827888197	11.432432432432432	180	0.926	51.73820246087239	0.4233373897520766	129.92046886783436	48	59.35392270251128	12.749460043196544	248.70045666165143	11.54054054054054	
9531	0.934	78.75210792512075	0.4212266498669068	142.10931981914797	48	56.5081969685312	12.511777301927195	275.8697801229063	11.606060606060606	32	0.916	54.868698485981774	0.42230659624218575	141.19658930745442	48	60.492114966249076	12.687772925764191	265.1111627853477	11.738095238095237	
9570	0.94	64.14893471843277	0.4236382766170006	128.1286171363291	48	57.56811407910017	12.606382978723405	266.50231321219377	11.566666666666666	158	0.888	48.44200052334979	0.41975264677470525	126.19278586691475	48	63.67068938548863	12.725225225225225	233.5767628825668	11.696428571428571	
9609	0.946	77.86136397298118	0.42139798186309824	137.12465996041283	48	56.987718806544144	12.541226215644821	256.29299288683836	11.592592592592593	80	0.924	58.28623334681512	0.4228376601753223	136.6676349379883	48	65.52090946346225	12.658008658008658	273.2753032183716	11.657894736842104	
9687	0.948	79.4289161475345	0.4175196463171146	141.41357318495824	48	56.200099989700206	12.567510548523206	293.45306555932234	11.76923076923077	26	0.886	48.97571114281454	0.42100345102602404	141.06756365324927	48	66.15758945000046	12.72686230248307	267.5819899549855	11.789473684210526	
9706	0.936	62.8626692461607	0.42332418293956764	135.0931634471156	48	55.93508632501644	12.47008547008547	283.28998828760433	11.40625	273	0.904	48.82369461415922	0.4197825404683813	134.53476872362265	48	59.347724634038045	12.763274336283185	270.25170704729163	11.604166666666666	
9726	0.93	68.7442713109683	0.4197999491547876	127.73461151328318	48	56.776103110599095	12.53763440860215	288.15162797552705	11.771428571428572	272	0.938	50.48765259323078	0.4240313346923149	139.87499424192487	48	58.916242913730514	12.663113006396589	268.6108838500673	11.548387096774194	
9745	0.922	57.62716101822153	0.42018856053563197	126.4725736780673	48	55.998206616035155	12.63991323210412	262.0715198834526	11.615384615384615	282	0.918	56.700967252364435	0.41864957845350026	133.00695770273197	48	60.841953372566714	12.538126361655774	268.89100769485117	11.853658536585366	
9765	0.942	69.20466066170897	0.41641677501550156	129.96986715948537	48	57.273173139007135	12.53715498938429	280.5617284222342	11.655172413793103	116	0.908	50.4382797658398	0.4220530112325263	126.31161786325802	48	59.35921214972473	12.67180616740088	245.64107269911392	11.934782608695652	
9804	0.936	63.60856269177563	0.4229855614470997	131.81848489914037	48	57.32313109747384	12.600427350427351	256.9925568719166	11.8125	118	0.922	59.574578067980696	0.41623806417732667	129.54323812535065	48	60.19269857012785	12.563991323210413	282.8973464765422	11.743589743589743	
9823	0.946	65.02612042914141	0.4198379844257227	131.65299991477798	48	57.489713455589516	12.528541226215644	273.38983850239276	11.88888888888889	134	0.886	45.98679566535558	0.42476751051807415	118.61032149808123	48	58.41575612390953	12.641083521444695	248.40502409389788	11.543859649122806	
9843	0.964	83.4950110876491	0.41799479911513104	134.02364052881137	48	57.86334179697484	12.489626556016598	253.31055691095187	11.555555555555555	114	0.934	59.74006037930406	0.4173000279310895	139.49176098653606	48	59.87113560131051	12.582441113490365	243.9755172663011	11.969696969696969	
9882	0.954	70.42669422782377	0.4246346508138961	134.7046671649354	48	56.92330766813006	12.582809224318659	266.79539498518795	11.608695652173912	117	0.918	52.974782157351044	0.4179162522299774	130.16852168380163	48	59.93763700134432	12.745098039215685	242.13337021453273	11.365853658536585	
9901	0.946	64.01580770832909	0.4255388990854109	128.300853325965	48	57.32124512753808	12.568710359408033	266.3694868965998	11.518518518518519	190	0.896	53.760860173803636	0.41806660601303436	133.39807070434784	48	60.20899832531213	12.723214285714286	237.4488391892901	11.75	
9921	0.936	69.40736785897488	0.4211621711621712	137.56510565701603	48	57.375989233317306	12.621794871794872	256.50587204782465	11.8125	115	0.9	46.139176262036	0.42673755946304975	123.16666108490436	48	60.81505683841544	12.773333333333333	229.06481187482433	11.66	
9960	0.93	62.96206028085377	0.4231865714930232	127.27072278830511	48	57.55287303681141	12.597849462365591	271.42511451214625	11.571428571428571	201	0.926	59.11040751729872	0.4177373022945375	149.72560421463558	48	60.12597440174005	12.67818574514039	255.62238841082535	11.783783783783784	
9980	0.944	63.65046187038261	0.4167250122758604	134.58555519625705	48	56.90593240884185	12.629237288135593	244.45247534396086	11.821428571428571	242	0.904	49.585326253790065	0.41980154800951214	134.65443498038934	48	60.11457968495486	12.672566371681416	243.36195114357872	11.875	
10000	0.944	72.20327056258085	0.44519263399030323	121.55506426926893	48	63.57923701988366	12.817796610169491	240.84642790205203	11.571428571428571	1	0.912	53.533693354996025	0.4225337162837157	129.36067876267708	48	60.94564458379478	12.666666666666666	241.54076237917042	11.795454545454545	