index	success_ratio (division)	success_rate (division)	mean_second_ratio (division)	second_ratio_SNR (division)	probe_index (division)	mean_time (division)	mean_total_iterations (division)	total_iterations_SNR (division)	mean_total_iterations_failing (division)	order_index (division)	success_ratio (sequential)	success_rate (sequential)	mean_second_ratio (sequential)	second_ratio_SNR (sequential)	probe_index (sequential)	mean_time (sequential)	mean_total_iterations (sequential)	total_iterations_SNR (sequential)	mean_total_iterations_failing (sequential)	order_index (sequential)
1	0	0			12				101	0	0	0			12				101	
2	0	0			12				101.6	16	0	0			12				101.33	
3	0.98	23.43544491474198	0.14649021466693957	24.37119611080237	12	39.6189585534154	101.92857142857143	858.9338781574472	101	18	0.92	22.645596416061746	0.0718711176173114	37.15018755000306	12	39.78956050396464	102.18478260869566	389.53279567195955	104	
4	0.98	23.032810002767786	0.23202054876517625	22.431514630591604	12	39.84119751292252	102.64285714285714	629.0665630463948	102	13	0.95	23.355869698805467	0.09142090551596263	38.383082797635424	12	39.26824554136232	102.52631578947368	438.20996568096916	103.4	
5	0.99	24.506770304674326	0.2573848429854584	20.079427831236277	12	39.90316536585072	102.55555555555556	645.4745878249315	117	130	0.97	23.62856864461392	0.24834243720587829	19.53811399378544	12	39.28560438417695	103.04123711340206	560.169981669032	108.33333333333333	
6	1	25.1509054326265	0.14875116279255207	38.487592716446976	12	39.22214118100123	101.69	1226.3536097230315		95	0.98	24.363564041359027	0.16011415811964402	23.88130385325789	12	38.885778525335816	102.06122448979592	883.2451131224269	103	
7	1	25.167996375822234	0.18613357195228356	35.53158347797584	12	39.29803814004708	101.85	1216.0736456317106		100	0.99	24.810786426744368	0.176693241032996	29.243477882215473	12	38.09342180638307	102.17171717171718	523.3211504817367	102	
8	0.95	22.170879133708578	0.2960430559750876	29.14913891899708	12	39.10856893608485	103.94736842105263	432.3572632399224	102.8	9	1	24.22304580579847	0.21904734277046997	28.404648290857292	12	39.77604374074053	102.5	220.85891959304843		
9	1	25.25061232731004	0.2592539688643575	29.782193976431692	12	38.87547752052276	102.47	738.0817326836179		101	0.99	24.162253191161287	0.24433027883041986	25.717285364964717	12	39.59405182873332	102.31313131313131	710.2504325761516	104	
10	1	25.875229642723404	0.287865131048765	27.952870287090924	12	36.63490987043561	102.7	821.9774868106362		96	0.98	23.640661938568005	0.27273384051947414	24.769949194893563	12	40.259795630251524	102.55102040816327	806.1954571511116	109	
11	1	24.52603438547332	0.3567234713543794	24.965856410418123	12	38.97319500934648	104.04	529.8849343211391		131	0.97	23.84757221878032	0.30917109905801565	24.406098042044682	12	39.053470723192405	103.12371134020619	604.1504684968793	102.66666666666667	
12	0.98	23.795071020936877	0.34817132293586023	25.88380567448143	12	39.33557993811782	104.0204081632653	493.5411306642049	106.5	62	1	24.631755258862512	0.3480616722319759	24.669718489464884	12	38.29569725722167	104.17	540.4575092673557		
13	1	25.529742149595943	0.3689462441913309	26.82233352562263	12	36.322726577870036	103.81	542.1149590049145		132	0.98	23.92578125005576	0.37243978414165013	27.616108838490113	12	39.036287321130395	104.20408163265306	595.6920158487646	103	
14	1	24.78130498359021	0.4040825235589437	26.972986584875493	12	38.794969751013355	104.23	512.2949516202515		118	0.99	24.965325936163076	0.342564460016018	26.53608501930162	12	35.70108107107665	104.16161616161617	479.38700244682656	101	
15	1	24.318474745273065	0.4254965032042811	28.122448857923402	12	39.55638563354524	104.66	455.0579164725772		144	1	25.255076270317865	0.3421480889091798	29.482013951216977	12	34.6458747121779	103.85	708.2032310550894		
16	0.99	23.214369460234664	0.3137661304385931	39.87575599412824	12	39.27677728863901	103.42424242424242	781.5538422125104	101	7	0.99	24.22492475591719	0.4294560489789174	26.994585647881763	12	38.48651866734237	104.85858585858585	443.8533408122903	104	
17	1	23.881167311485274	0.3840485881813167	23.48883254772386	12	39.980986015061056	104.13	432.8135448509643		220	1	24.099869860733044	0.4254775139750042	26.408390323845286	12	38.68800785768924	105.24	431.04279505723633		
18	0.99	23.625993365618726	0.4381454553971447	26.31331380205158	12	39.743156394193576	105.11111111111111	417.146790044526	106	200	1	24.018830763290772	0.41658564726697433	24.78493339406604	12	39.44915542507517	104.62	467.1556895151491		
19	1	24.474412002305897	0.4597847968855337	29.742731965516256	12	38.02309398749285	105.16	446.59100473981863		221	1	23.684896141736424	0.42893948293569933	26.12820030812051	12	39.77352885834447	104.77	412.0281215576895		
20	0.99	24.37883227857837	0.38731716771402086	34.45668933954703	12	38.5213346559743	104.35353535353535	540.0229258129956	110	173	1	23.45050770351841	0.42060947418959016	26.662123768444193	12	39.37717969058582	104.96	403.29915111839875		
21	1	24.055809477951207	0.44422518232908453	29.38338789053674	12	39.00514776483232	104.79	445.3681361824119		202	1	23.904572944781457	0.4428150467560566	29.45503099281863	12	39.57309971138546	105.12	411.83162318252687		
22	1	24.597825552268233	0.3767197825998507	26.21333415998047	12	40.531239951124086	104.11	446.9485759311321		201	1	23.842449096382033	0.4644057926303959	30.800728177030525	12	39.6921507232334	105.04	475.71698397233973		
23	0.99	26.36695341834747	0.4803626453480112	34.05639178277895	12	40.34514783484001	105.53535353535354	407.35218248995864	101	203	0.99	23.851398559288793	0.4619475264291632	32.41382835841392	12	39.421650391493785	105.33333333333333	432.36892773257415	104	
24	0.99	24.933887419746757	0.46736414276175653	32.20780126864705	12	37.26851188101562	105.23232323232324	432.8449963766709	101	79	0.99	23.663830194069615	0.4616511337275032	33.52230363311321	12	39.47797385219423	105.0909090909091	494.25993547218525	101	
25	1	23.969319271298584	0.48626051599048375	36.75521847529785	12	39.51223049993245	105.83	449.98732549522146		145	1	24.040195206363816	0.41445312822062846	29.662109188770447	12	38.09989023084539	104.5	431.43717412549336		
26	1	24.466627520095667	0.46207456694907845	32.1817219579646	12	38.9694609318757	105.09	444.35598309543553		119	1	24.454063042533868	0.4481571159865039	32.049690088877234	12	38.22548477305108	104.71	488.35156027120144		
27	0.99	23.18609770952405	0.4586468364572656	32.15977715090004	12	40.110676625531845	105.33333333333333	410.6136329392334	101	222	0.99	24.019215372363238	0.45096621294824396	32.27962232922111	12	38.358106434007425	105.12121212121212	456.82677170849905	106	
28	1	24.676734774451667	0.46900428210813705	35.359424543743216	12	37.994089354629935	105.54	410.8221491677875		103	1	27.398010904377582	0.48331785982475783	39.41770024732734	12	40.41627487458699	105.25	502.0473234117115		
29	1	24.093482712906557	0.47153670142900045	36.12199234307541	12	39.3222657180554	105.64	449.62339435348457		223	1	24.628115456591704	0.484555435499598	46.64348763359224	12	40.463963056615654	105.49	543.6747815906365		
30	1	24.937033989180367	0.450425395939583	36.198197596786734	12	38.667548655475464	104.98	457.5449285662914		204	1	23.73042240147679	0.43883942672524623	33.8613923297381	12	38.946938893476066	104.86	437.88637828251314		
31	0.98	23.947413434964904	0.482915378699108	37.24321572631958	12	40.3760962296148	105.61224489795919	433.18864982935025	101	224	1	23.99750425952161	0.4753751288504132	39.24173540817644	12	39.07172666738893	105.43	451.4622937323346		
32	1	23.697244010541713	0.3629947632142242	142.63916500720114	12	38.22662351585026	104.21	299.24613816831896		5	1	23.71297811287093	0.467608868518283	35.874480993502	12	39.674854381292334	105.35	444.41886063759955		
33	0.98	23.367271513397444	0.4909980461873945	41.64703556234902	12	39.701941659805264	105.39795918367346	496.8069847582794	103	206	1	24.15400594186047	0.4699435003349061	39.05734984844073	12	38.28975603297992	105.41	454.9311897880938		
34	0.99	24.234412866203943	0.44435178563668315	63.42219528346417	12	38.61790228480246	104.8989898989899	604.7223922210993	104	205	1	23.39071856285285	0.47451290490963394	45.581911051319786	12	40.08815092613472	105.49	473.24546971464775		
35	1	24.047710657943885	0.5100918851331712	52.21624499466899	12	38.96891408914089	105.89	557.3363464055103		207	1	23.96644697423206	0.4818925365250518	41.31451028816667	12	38.56515981288027	105.56	493.3845891243081		
36	1	24.127780726730922	0.5104304253568468	60.81177129728478	12	38.97536520321377	105.93	544.8214527096396		174	1	25.83178342627058	0.48840278399396975	42.698751131135474	12	39.83780720742593	106.01	496.40154608479344		
37	0.99	24.6667497196903	0.5060182690704582	51.37742258256029	12	40.978077069574105	105.65656565656566	502.65980715505606	104	225	1	25.41683611225188	0.47808339393202637	48.519609597391664	12	39.45432865196553	105.4	536.6979118381481		
38	1	24.50079627587757	0.4469743504788743	106.73879415449977	12	38.10778402310912	105.11	645.606680599883		208	1	23.898860024330027	0.5113989127749466	53.22410417419372	12	38.991447937895316	106	471.194509867244		
39	1	24.887384584746922	0.49906310706095375	55.82803703614173	12	36.06664488824747	105.8	439.48766915355907		226	1	25.824445420015664	0.4844047140585689	44.86696987828483	12	38.441396479331694	105.49	460.20050287338177		
40	1	24.042507152649648	0.5054891875651806	53.035879810965184	12	38.853649107290465	105.86	481.34846313868735		158	1	25.420712796699256	0.49082351986318856	52.810309708512904	12	37.881845737922546	105.55	447.7079567158198		
41	0.99	23.39319470697438	0.5016082869541955	51.009640106257564	12	39.81561066408764	105.46464646464646	484.73649331082686	102	178	1	23.93546997289743	0.4960678834239578	51.23501858644487	12	38.441729959112735	105.63	505.8840027351764		
42	0.99	24.335086770596323	0.5256620071462491	69.93086577785142	12	37.33952462849619	106.1010101010101	393.85136237018446	105	176	1	23.30947996551032	0.4786724482134155	48.37465956437524	12	39.77191124615169	105.65	464.6306094111494		
43	1	23.882878364525855	0.5073476701115189	60.92297335974882	12	38.77925572679858	105.46	565.5196283936582		227	1	23.87090613955222	0.5003203193490477	53.62995213804443	12	39.07797238540799	105.93	451.91554520379094		
44	0.99	27.164965426372756	0.5309906630535894	65.60385136272642	12	41.316800410208096	106.43434343434343	468.19369282934	102	175	1	23.677605720495706	0.5055670908962653	54.30011792654257	12	39.657623367458356	105.81	513.9654082499655		
45	1	23.34921079667101	0.5086890915950351	57.27653768153755	12	40.08449455559641	106.06	443.0551632138915		228	1	23.790831013680922	0.5190039986824528	63.2489519539443	12	39.32085248442951	105.97	503.0584311976647		
46	0.99	23.55684576212388	0.5085251843610793	68.68006196604684	12	38.94954088496546	105.8080808080808	502.77061777944454	101	177	1	23.43072705542653	0.501030391779238	57.70554586193827	12	40.398001382225466	105.81	511.5085218453127		
47	1	23.5454780909702	0.4583207504461803	91.3472299870371	12	40.50766210425139	105.18	533.6330287292618		179	1	24.98438475951076	0.4968049112278669	59.22381491112295	12	38.63575911810503	106.01	537.6816817185356		
48	1	23.646252069009954	0.4657286371110624	180.76022695278442	12	38.55687183669203	105.1	835.741679529761		30	1	24.014793112589025	0.5149593488943162	65.62710153974113	12	40.26063049160818	105.88	547.4905044888088		
49	1	23.65967917478115	0.4652832596729366	146.90879776464325	12	40.13112768322071	105.08	569.7686045036932		210	1	24.00672188211089	0.5195320698043221	66.6524106545547	12	38.44657023849958	105.75	516.5671499031846		
50	0.99	24.101078462439773	0.4676900794635003	169.9744356511808	12	39.2970177910881	104.86868686868686	933.1558076682334	101	209	1	25.135101168798386	0.5139392875192885	69.39900777031728	12	40.58097736020292	106.05	474.9003418998273		
51	1	24.05523080995862	0.5349821926961057	85.3480048897937	12	38.63224643742831	106.3	589.2140817546124		211	0.97	24.82342102565595	0.46385363649684813	162.15009482120516	12	41.01882558597437	105.22680412371135	719.702708588086	103	
52	1	23.395643731191807	0.4692079226629511	162.6605078382927	12	40.21000331092769	105.28	687.0148846124107		180	1	23.46922011784934	0.5182590662649367	82.53426226844657	12	38.52518236607928	106.02	542.7632307912241		
53	1	23.56711915537152	0.526943370733871	82.43118119718817	12	39.81588366352341	106.11	532.0790538362312		229	1	23.823704586093527	0.5360572712855302	81.37328266135412	12	39.045766460494804	106.34	482.31163930768207		
54	1	23.684896141735774	0.5382939340536131	87.04047627659146	12	39.94933263254892	105.96	592.138087494931		212	0.99	22.944284787282037	0.5324469774518963	83.83464868243311	12	40.05660778547419	106.48484848484848	543.4520888658149	103	
55	0.99	22.8880565959124	0.5251656005469415	80.13737705691527	12	40.00330874929651	106.17171717171718	306.54444193135504	103	230	0.99	23.563013209510558	0.5368234263567949	92.45706719999843	12	39.1440424150285	106.16161616161617	515.4369487557166	102	
56	1	26.968716289113953	0.4846672500661128	191.55487042276914	12	42.43843377917516	105.61	491.8944587978291		60	1	23.725918193024633	0.5473041462460324	88.62967234383315	12	39.44043349494732	106.02	562.675924796495		
57	0.98	23.50796392247537	0.5427435804982124	99.82158391539441	12	39.07927665291866	106.63265306122449	592.4775728028493	101.5	231	1	23.22664560785438	0.523674794849184	85.04657398636937	12	39.687630563413116	105.91	558.7064078647676		
58	1	23.921155870266173	0.5517426834677369	97.54888818055758	12	39.43820702747867	106.51	574.403493336156		120	1	23.765388088766187	0.5226264158254886	96.41106876440774	12	38.285008178005654	106.09	545.8801504235395		
59	0.97	22.723545810196978	0.5406167725296195	101.46642275420915	12	39.496626872304475	106.3917525773196	557.9346037431009	103.66666666666667	146	1	23.46756782130588	0.5458868773655972	99.05299833212592	12	39.45681775232259	106.36	600.9191504111495		
60	0.99	24.135156878553822	0.5567691921659976	110.28243835836857	12	38.29904327490831	106.95959595959596	396.7970206260724	101	84	1	23.513920240770698	0.5503631736737231	106.87737956478091	12	39.78090816144878	106.36	584.0433973917344		
61	0.96	22.940712595896116	0.5500103036418235	106.2505731736637	12	38.85314153081797	106.79166666666667	580.1209649111707	104.25	147	1	23.38415489662854	0.546630658929335	115.61555366381438	12	39.45647166868151	106.45	645.250940636085		
62	1	24.048867298319543	0.5516244039684629	114.49216604116235	12	39.19185583092804	106.54	521.6403735487296		121	1	23.008075834669473	0.5383966706769118	102.29960279742166	12	40.315888680502425	106.1	494.6093336430573		
63	1	23.786869647966185	0.5504716506957039	115.73619078485982	12	39.70329123191037	106.43	569.3281121885568		133	1	23.812925656059832	0.5526352463697456	124.97321769889068	12	38.83411060107045	106.32	650.5767244161623		
64	0.98	21.782134204614305	0.5091001752265457	192.2556129833178	12	39.095229247566806	106.0204081632653	450.13515747448446	106	4	0.98	22.924512854079875	0.5584848406341684	125.70634890250761	12	39.92235052432534	106.40816326530613	566.7497200256614	104	
65	1	24.106260395820467	0.5663291508763514	129.51619961834908	12	38.570527875282394	106.73	573.2809867691709		134	1	23.96759581043322	0.561109239791953	124.59780445540692	12	38.00998720501785	106.69	650.8175693869516		
66	1	24.09290223095558	0.5603639673791756	136.0987750892903	12	38.82529678087717	106.52	558.1572572683789		122	1	23.60661929600079	0.5654085400445049	136.04547546534383	12	39.359701562399835	106.97	583.927127227291		
67	0.97	23.12000953409576	0.5198125873009304	221.33077518136037	12	39.33206304852018	106.23711340206185	531.9752325578053	104	148	1	22.95526019787655	0.5564939397795644	131.76815519585787	12	40.12795324135588	106.65	552.8386580459263		
68	0.99	23.983720141467952	0.5697180627340597	143.71779949816053	12	38.985980079547275	106.66666666666667	573.7011988794483	103	85	1	23.82711048633829	0.5620470702988856	145.94714112462447	12	37.9567946505891	106.5	635.79697231113		
69	0.98	23.124115148668366	0.5286002058731771	184.2271463765778	12	39.566059417973996	105.75510204081633	656.5521137416728	105	149	1	23.473627379641027	0.5681574054831042	160.6537345934191	12	39.20055138314312	106.63	573.0813485962806		
70	1	24.283632831458544	0.5749181613440884	185.0786311959285	12	38.18664669875366	106.83	578.6070031353726		123	0.99	24.30640805309469	0.5815777783247328	179.42557879332134	12	36.01350127007073	107	443.11437575416124	101	
71	1	23.564342436988355	0.5672793302797247	156.49767859764867	12	39.478084005969635	106.82	525.6406874534596		232	1	23.447208609843674	0.5395958915976388	204.98158262719485	12	39.57403003225945	106.07	626.9798582892639		
72	1	24.041351123966134	0.5750761546837987	167.25706600538751	12	38.371299218709844	106.9	578.2165209542856		80	1	23.60494759704799	0.5715778663584364	152.06353464102352	12	38.513770659848	107.15	504.13643395143254		
73	0.99	23.932119805627632	0.5799913065639293	216.04254382158072	12	37.28393087616682	107.42424242424242	472.61549075031564	108	233	1	23.66023896847093	0.5763538006106614	172.3310318849941	12	39.360597652308236	106.77	515.9525686448375		
74	1	23.852116875346198	0.57906277261489	173.5997418707554	12	38.61215144757355	106.92	521.8949746475428		213	0.98	23.05339920024627	0.5763946322811156	204.8065121740778	12	38.81906485627116	107.11224489795919	575.6499094122549	101.5	
75	1	23.51336734938238	0.5817334315124846	194.77572087951154	12	39.66378848531765	107.05	621.5298690879865		234	1	23.78460660259283	0.584982425670453	188.3284087831373	12	37.88851557132647	106.84	689.3328090635822		
76	1	23.768777334069203	0.5848181986463505	175.1409305565156	12	39.46574875950779	107.12	473.99928614578755		104	1	23.381967826454023	0.5891578836709218	166.40685297504646	12	39.2659769059031	107.08	570.4368057128903		
77	1	22.738125014156434	0.5889888597077058	235.66604989550873	12	40.12920287465028	107.57	541.6839851241439		235	1	22.67830819823835	0.5819380051050252	180.8977089667437	12	40.44986442308869	107.22	578.086696269007		
78	1	23.825407414494805	0.5923011063845941	211.2759584357419	12	38.80560934989024	107.37	542.9290416017192		124	1	25.111116691338417	0.6032387277597716	184.03976135947758	12	41.60146489297854	107.58	480.9602851139303		
79	1	23.092554960247778	0.6013715271027278	238.57858312943833	12	40.116316857909354	107.57	530.8086921787107		150	0.99	23.252536640375517	0.59923018165306	218.0363416045582	12	39.232215945130825	107.32323232323232	595.7741826570674	106	
80	0.99	23.513763864854933	0.6209179631063806	245.28295071613996	12	40.02122593160157	107.84848484848484	480.0554405913433	105	31	0.99	22.83842391807543	0.5994658254267072	198.98506936863936	12	39.54006610342765	107.77777777777777	410.78830640582385	106	
81	0.99	23.797504867707545	0.6189786355762578	160.27686497145262	12	41.626830752602	108.34343434343434	360.31966351978133	105	185	1	23.360665311731815	0.608312772132336	231.5859877846972	12	39.63997669266134	107.7	556.5675295587482		
82	1	23.231501916607705	0.6115294916224991	231.79710610668073	12	38.87898489384624	107.54	531.7649396413551		182	0.99	22.890173410420644	0.6333928337940339	175.38187766264232	12	38.24577780793693	108.26262626262626	439.3457272788727	101	
83	1	23.300789896768904	0.6153294456661755	222.15094831098293	12	38.818095669237245	107.86	489.41118138979374		236	1	24.002112185888187	0.6398034888260075	152.49450534835935	12	36.65765311552219	108.47	428.20386663353094		
84	1	23.051034991480023	0.6221890580996239	186.86328033138352	12	39.41960749184004	107.64	498.4616814703573		181	0.99	22.86532554217455	0.6693284003669708	206.31692925993028	12	39.74498472710239	109.13131313131314	353.11928273760066	101	
85	0.97	22.268647122319372	0.6645745533762636	139.2504634248897	12	38.7894101633307	109.48453608247422	322.18618840022316	109	184	0.99	23.110862105188435	0.670482946991605	125.74367059055183	12	38.54193663415895	109.14141414141415	278.4001734378408	105	
86	0.98	22.934706295337225	0.690900826825686	146.603106503743	12	39.061079351031346	109.74489795918367	323.532235933347	109	183	0.99	22.63115784658454	0.6294609474979572	164.8152218668673	12	39.721812149913475	108.18181818181819	379.42913576699294	103	
87	0.99	22.616164846649987	0.6945219679277875	145.802395285194	12	39.12615463680515	110.37373737373737	276.24627122201707	109	186	1	24.02633286080685	0.6265303735163468	178.55391242684644	12	40.06072722524432	107.76	526.7126823519596		
88	0.99	24.587110393686906	0.6418548201926404	205.5837846100375	12	39.74080992564445	108.58585858585859	398.23928134864997	107	81	1	22.983222247784965	0.7033702091806433	155.92238582900396	12	39.122352304927865	109.78	368.2217671605523		
89	1	22.71694684240987	0.6906943172956495	121.49703178464661	12	39.963704469597495	109.97	350.84603366871715		151	1	22.189677362123945	0.6295105657431166	167.95467126005943	12	38.85520393020848	107.78	535.4151094534224		
90	1	23.449407902424216	0.7167204865780243	119.18437525470667	12	37.78280543007902	111.59	260.81121137633596		125	0.99	23.275497249252282	0.6429793833135616	215.57902265427705	12	37.630092390845306	108.44444444444444	384.883489844067	107	
91	1	23.336678257171982	0.6452226337447304	244.00012300847845	12	39.17544801802417	108.75	406.7081797008818		237	1	24.28304315092594	0.667964478653413	192.20353519311334	12	40.35956507974592	109.07	389.50742983655454		
92	1	23.645133831448636	0.6636111958239691	206.8644878355907	12	38.87139177325239	108.72	458.88105978484225		105	1	23.196474135923822	0.6695148979242848	201.51521148702545	12	40.570989159955126	108.99	428.1918572171072		
93	1	22.953152615568413	0.6712690726767147	207.8367453762617	12	39.55598630348951	108.89	443.1383959132082		238	1	23.146004999553796	0.6683711722957174	217.06964894979322	12	39.490547233231425	108.5	479.8948284855606		
94	1	23.008075834670088	0.6827785068699296	192.7169559458949	12	39.844344235874786	109.63	402.4434183889626		214	1	25.50760126515945	0.6675439759757803	200.88495434070455	12	42.1383355548893	108.86	432.11005099024806		
95	1	23.117111285742375	0.6816925043513093	219.8543498581373	12	39.30396206237574	110.05	320.8911029936502		239	0.99	22.14566929131021	0.6812689139407194	176.49599860255572	12	40.16475363997251	109.48484848484848	374.5248724288464	107	
96	1	22.24199288256631	0.7211218320399132	115.85750311796693	12	39.09109812532884	110.78	281.1959795616161		28	1	22.76452376615654	0.7019417736746835	223.84392329025823	12	39.8140927778115	110.45	366.78461271784874		
97	1	22.633651713367673	0.6992394046431811	186.397847756344	12	39.16248408122777	110.57	300.55035137660144		240	1	23.18303002208144	0.6907798002350222	204.22750755488755	12	38.26051655351568	110.02	368.8574451659569		
98	1	22.760896779304158	0.7144441709504527	213.40323923988453	12	39.44164092266113	110.63	363.60534458267944		188	0.99	24.035543470336414	0.6829077336645685	159.60388058295896	12	39.72385454797501	109.51515151515152	400.88824216456516	111	
99	1	22.68602540837003	0.7115252316343867	163.23975707297546	12	38.95730608824189	110.99	313.43310962518115		190	0.99	23.436390322444968	0.7164808710375942	180.68823375763964	12	40.44814713795768	111.21212121212122	299.238267851475	101	
100	0.99	22.35772357723636	0.7652231582557613	142.32153724790598	12	39.57515354104469	113.18181818181819	188.11240236111377	102	187	1	22.465851905051593	0.7131149150164688	143.85632148195438	12	40.574250625772784	110.22	362.28775466380455		
101	0.99	22.45865565662926	0.7295689937620065	155.337414916241	12	39.537471218802565	111.55555555555556	268.12895067821785	105	241	1	22.39090033807645	0.7532381491999164	235.51913964017527	12	39.56802401641941	112.62	314.9039837117412		
102	0.99	22.40123093633198	0.7375672573266707	146.35852174808016	12	38.58993363081077	111.88888888888889	286.20873405301745	106	189	1	21.894773717536847	0.7375469136799235	143.9371630967023	12	40.14831362556245	111.68	311.0128244548356		
103	0.99	22.299808536958814	0.7532837802297747	133.05078250115395	12	39.30358765039617	112.35353535353535	231.27189560678912	110	191	1	22.786829212710217	0.7472673352738209	156.25411945873577	12	38.57527215672685	112.41	284.49029962590635		
104	1	21.632847315420417	0.8349143910795417	105.40739539043636	12	38.84767425376859	120.4	132.99944589945386		61	0.99	22.41441767799801	0.744216555509464	121.43075403481899	12	38.655070320162345	111.71717171717172	243.35041127574752	102	
105	1	21.615545900595187	0.8182117889858372	83.62751233400265	12	38.92661505753971	119	124.79424762973721		152	0.99	21.97460712066307	0.761678506490773	115.67803359037846	12	39.327818027808846	113.04040404040404	237.0552234494569	113	
106	0.99	22.120927738323896	0.7908649107371408	96.37690976220637	12	38.10872554524837	116.1010101010101	140.6395873844929	107	126	1	21.684447913938158	0.7825639619159817	124.95536846503563	12	40.169385322937984	114.56	190.76364216245443		
107	1	22.202486678503405	0.7845801329212861	114.35063085087565	12	39.38337914841068	114.83	199.83838978636717		242	1	22.190662169366473	0.7640565320471288	107.17571690895309	12	38.406395071254735	113.59	191.89476827661284		
108	0.99	22.55741888442987	0.7891120534633654	112.17098994697544	12	37.21125905258226	115.28282828282828	179.34961323980738	101	86	1	22.17393232515946	0.7892200891135167	108.09161065670861	12	38.02911152325859	115.41	180.3797954286327		
109	1	21.856012589055908	0.8017244819342941	109.63037348154083	12	38.9918684202839	116.15	182.52717718731233		153	1	21.68726957274108	0.8140867839678825	131.36728792835552	12	39.123642709844155	116.52	180.4411045654701		
110	1	21.786017733812468	0.8181191718181701	109.43122622799228	12	39.096044985022424	118.06	163.3815859208257		127	1	24.590567058442016	0.789255294509811	101.09495081237915	12	41.22197311555552	116	145.8469458470188		
111	0.99	22.10462857522197	0.8113972118077084	102.72939464902008	12	37.32485042589554	117.75757575757575	136.03913701201273	104	135	1	21.41740378231735	0.8221548001072178	109.24836078399017	12	39.4583539333241	117.73	151.87118546575846		
112	0.98	19.040587538157656	0.8678161115581393	105.36708678006192	12	39.52749635111803	126.16326530612245	96.05059814714802	122	29	0.99	20.847810979862654	0.7991431324261614	84.66607225694709	12	40.47703691261293	116.31313131313131	141.7622899858905	121	
113	0.99	21.34955036549706	0.8203347328233551	96.67229348873839	12	39.07992516127908	117.84848484848484	142.15239608243144	105	154	1	21.234578387436457	0.8346384006245421	113.76925256097698	12	39.35455056072839	119.91	131.7531453253512		
114	0.99	21.218681012505716	0.8423357660086273	103.18739593851693	12	39.11222730468674	120.27272727272727	110.0859853471397	112	106	1	21.09081705819318	0.8072262527930127	87.63280574686976	12	38.78902995927795	118.58	127.79610452546743		
115	1	21.200814111220325	0.835213041917282	103.11703421170765	12	39.598016881776005	119.86	130.2631889844334		155	1	20.793479164919983	0.8074423554128568	84.31981851892567	12	39.57959659194675	118.89	108.87152887761968		
116	1	21.46936321868296	0.844755019922086	102.86624009126781	12	38.79885558531922	121.2	116.98493673141526		87	1	21.99542495157785	0.8067045255304817	92.3483105751515	12	41.371443521832134	119.37	107.35623668149235		
117	1	20.711652375610747	0.8500772402230277	110.34304300269785	12	39.463023254518596	122.92	123.79230987426239		243	1	20.764119601365042	0.8424398256636073	98.90075546258251	12	39.433487389686725	122.78	113.77841272696632		
118	1	21.021210401283692	0.8462547467216598	97.67145307839844	12	38.447860597811385	122.94	99.59017255214951		215	0.99	22.533287811586344	0.8123486659420806	96.7877742146391	12	41.2460228478509	119.74747474747475	93.7271254207114	100	
119	1	20.391517128895686	0.8540646966841007	95.94958754440971	12	39.20831790909055	125.07	82.96668983100743		244	0.99	21.346788278642826	0.8405549335554814	94.29218143260803	12	39.6655232098128	124.06060606060606	84.24823936779106	107	
120	1	20.824222735946055	0.8645136350421655	106.22225535526165	12	39.439710154611944	124.69	102.29759005235537		82	0.99	20.749062100442146	0.8429165003722217	96.98664130404917	12	37.618303130020564	123.79797979797979	87.33411767573848	105	
121	1	20.37448299749162	0.8437358395687	90.56472526380067	12	39.63529859100899	122.48	105.08251035023167		245	0.99	20.35027133696947	0.826763626037805	82.02190259830833	12	38.96528948123768	122.39393939393939	74.14590066014429	109	
122	1	20.033656542958212	0.8699328761173598	110.74069175689674	12	39.31445773077394	128.19	89.00761588671583		216	1	19.836940350311753	0.8513848716902603	92.4068741158255	12	40.01741632980331	125.9	84.39237808935354		
123	1	19.952114924172694	0.8581478137710192	91.65679541098464	12	40.106307304169434	125.85	94.18030315012761		246	1	20.43151356656622	0.8562400629213656	98.64751216782895	12	39.1714095623851	124.73	91.46688502452984		
124	1	20.447388868446463	0.8697255556053028	105.19252952812033	12	38.43260573234925	127.3	93.35333333333334		83	0.96	18.5028139696282	0.8749132631309405	95.32374724499836	12	39.44635080693636	131.03125	79.80958428295705	112.75	
125	0.99	21.835987471924767	0.8375269426334574	111.55911134153615	12	41.44134385365358	122.77777777777777	90.04098635063484	100	247	0.99	20.85703450891737	0.8495960474156135	88.76888962306161	12	39.92746566998443	127.28282828282828	80.28686945325457	101	
126	1	20.217131997671274	0.8883207064577963	118.62231567119343	12	38.68643045246843	129.4	99.64587356527436		97	1	20.218767059619353	0.8538842712275837	98.64200577158321	12	37.56099113608872	127.24	77.93580445756734		
127	0.99	19.62961494232022	0.8928065823830775	121.9067586562876	12	39.068866507005204	131.42424242424244	92.26051968371864	112	114	0.96	19.233466231264615	0.8609711676900164	92.86322701788579	12	36.83215968204944	128.82291666666666	83.99275808518341	109.25	
128	0.97	19.486911625839173	0.8032983569348175	114.648035587366	12	39.67759481012861	118.91752577319588	81.14831297135858	112	2	1	20.242095461673735	0.8286075395402905	92.75323649640238	12	40.979855900098485	124.45	72.71988964305585		
129	0.99	19.48128615844806	0.8908325497249704	115.39173906081834	12	38.62950376692386	132.86868686868686	83.20374268703154	128	129	1	18.985779651051107	0.8849690476667458	108.47924894603804	12	39.1520556342524	134.15	76.61734878053146		
130	1	21.366151742442945	0.8787038772708813	117.7207511354443	12	41.40245767602747	129.12	95.43034818366496		128	1	20.563438206879017	0.8465032709467912	94.3273167826416	12	36.77350430720908	124.56	84.97645979600176		
131	1	20.34670790266694	0.8845263167105096	113.26782536679526	12	36.86974403456401	130.45	79.34130968105039		136	0.99	19.72504482964551	0.8499195279772139	93.78903136930265	12	38.56986446069336	126.75757575757575	74.4739533150376	128	
132	0.98	19.657005315433523	0.8872663801242627	111.71966086847209	12	39.46321872554896	130.07142857142858	90.64853915038218	106	68	0.99	20.12358728348432	0.8708158186696319	107.19502751129953	12	38.726828033459036	126.48484848484848	94.16864270312676	103	
133	0.99	19.52277657262643	0.871099154530561	102.13229697372158	12	38.497431760429166	131.08080808080808	69.81750702683779	116	156	0.99	20.955485468739255	0.8638564328213956	109.5467185543259	12	42.60217986940769	128.41414141414143	74.20174787825161	145	
134	0.99	19.296740994819963	0.8942073185584483	118.60944882208567	12	38.73838181925017	134	70.29197031706363	118	92	1	19.202335003885995	0.8856285569149286	113.28278637026298	12	39.17555645015896	133.17	78.1544711802254		
135	1	20.409829373869208	0.9011344885944574	128.49624687681904	12	40.34248594099735	133.47	79.01264724233317		102	0.96	18.402791089982475	0.8834402120474364	115.23522567901449	12	39.111200716849275	132.83333333333334	82.39671009002859	114.75	
136	0.94	15.538987982083741	0.9186835985744168	106.37525343894761	12	39.624129921437735	151.12765957446808	56.011749242607635	110.66666666666667	21	0.96	18.661793864899117	0.8844027928105956	107.71859344786715	12	40.16792735192633	133.0625	69.7069745934923	112.25	
137	0.99	18.99790831110353	0.8955512833388264	120.02067109193564	12	39.760394532915385	134.4949494949495	75.31502299515707	100	99	0.99	18.750710254162072	0.8764050396098315	108.73576935279344	12	39.926456734363306	132.3939393939394	70.05665910454209	130	
138	1	19.74021872163641	0.8959339552101321	118.90318375469573	12	40.07037309351361	133.9	73.28735275131193		98	0.98	20.184544405974655	0.874534912466644	119.26088114208356	12	37.640498551035364	128.41836734693877	77.63582209046172	108	
139	0.98	19.653063270834917	0.8963718802352009	118.01367788816894	12	40.99019978251967	135.21428571428572	71.78734535844376	129	115	0.98	21.11977931988255	0.8760516751461991	113.4797162673727	12	39.53478707786212	130.24489795918367	75.56846431312024	105.5	
140	0.97	20.80964537786748	0.8942526645623821	121.80479325489034	12	40.63238477044902	132.06185567010309	80.50234406473933	108	49	1	18.74765654292395	0.8734019802099582	106.72330796993457	12	39.271827084057115	133.62	60.088317593146655		
141	0.98	18.509075112853743	0.9003665740109511	115.33304760243874	12	38.74043121824653	138.3469387755102	69.40974583152854	115	116	0.97	18.062978343047302	0.8955047601063479	116.43488793474093	12	39.8477580784542	137.24742268041237	65.28888059495955	108	
142	1	18.325422859116756	0.9007325661652982	129.01923983790314	12	38.93855974287594	137.17	73.34759852617167		59	1	18.95914304673596	0.8812657915599593	109.98576258884687	12	39.36727664629657	133.25	64.55945711932283		
143	0.98	18.52446931173178	0.9139887370128658	130.70059199720464	12	38.132829180764865	140.9591836734694	63.552357864576486	100.5	72	1	19.37158575798761	0.895293624378726	122.13269217579844	12	37.06839220354073	134.58	73.58158133263343		
144	0.88	14.679143939037862	0.9294680659869216	114.96788902891572	12	38.75306840117398	155.77272727272728	55.10335245190384	100.25	17	0.98	18.252253594573467	0.894628378596751	121.99063114722325	12	39.591095494727426	136.3673469387755	62.837319276115025	132.5	
145	0.97	17.920815858995738	0.9058155719154298	119.05010436822127	12	39.696175501007104	139.09278350515464	68.20331551618963	136.66666666666666	166	0.97	18.678271585940312	0.8997199009127168	117.31233717989421	12	40.99945038999268	138.31958762886597	63.36334953759888	117.33333333333333	
146	0.97	18.072064686803493	0.8966247704896659	115.3977419406563	12	39.04023278624912	139.2680412371134	56.408338704157806	103.66666666666667	162	0.99	18.69829637746304	0.8953955573213036	124.22001493862165	12	38.47494206396329	135.4949494949495	62.78218068508726	103	
147	0.98	18.703360879419883	0.9006045036797332	148.62552400327957	12	39.13580321603761	135.35714285714286	80.89243948584428	107	172	1	19.161493063531648	0.9052770363807106	125.97922589191225	12	41.282013710268075	139.42	65.97963455801435		
148	0.98	17.697836529775895	0.9092550805490939	123.52279855548841	12	39.24560672795533	141.71428571428572	63.33012972076584	100	160	0.98	17.744943596424196	0.9091947231523441	124.75312272347452	12	38.71105663561646	142.07142857142858	56.533128812986966	120	
149	0.95	17.91337469123062	0.9168760017567859	128.07849213632815	12	40.24643556263824	144.34736842105264	60.251270727266366	100.6	248	0.99	17.88520947373133	0.90784705051681	126.15585909859396	12	40.170894035779426	143.94949494949495	58.846461754839275	107	
150	0.98	18.24341933804648	0.9176472850844136	137.81923896139168	12	37.21088042973452	143.35714285714286	61.20046606428725	100	167	0.98	19.178832831064476	0.8896536140684247	119.52670741767123	12	41.72981991593159	135.78571428571428	57.16116187222639	100	
151	0.99	18.802704550654475	0.9156223800611233	169.85210880850428	12	38.51629229079308	138.31313131313132	84.72458243972076	121	171	0.96	17.160323901122776	0.912825597182206	129.285194640479	12	39.14216109160085	144.875	56.09128168769819	102.25	
152	0.96	16.829114367892387	0.9159284753922213	141.14498625204155	12	39.964635157654065	146.34375	54.30325053063207	100	159	0.99	18.16113883183019	0.9078174961857768	131.11796764933922	12	38.38548023589761	140.8080808080808	57.10862419706985	100	
153	0.96	16.762410294902818	0.9228984115275423	129.81592637782396	12	39.526807218999664	149.98958333333334	54.10839291765699	100	169	0.95	18.75394819961373	0.9067991239952765	125.76648007612536	12	41.48610002566771	140.81052631578947	58.52105998466847	102.4	
154	0.89	16.019871841005198	0.918845841648629	121.72647523310947	12	39.06627442966043	149.32584269662922	50.80039620057603	100	168	0.98	19.66016008987061	0.9086695900745194	135.44655867159196	12	40.78250777635765	144.3877551020408	56.54265265782245	100	
155	0.93	16.31378602627394	0.9247754386407926	136.4984103278393	12	38.54217787612742	152.88172043010752	52.53898258107295	100	170	0.88	16.34806516929815	0.9101202038169313	129.22400835610193	12	40.90856632519371	145.86363636363637	47.55884322803657	100	
156	0.94	18.023545653304648	0.9092521318823105	171.97244120631345	12	38.36095379531953	136.17021276595744	77.99179191755712	116.5	161	0.9	16.39254685534836	0.9155325544276864	130.89462338636227	12	38.68788944294137	145.93333333333334	48.839192005796704	100.6	
157	0.87	15.642699174696853	0.9219546771454705	127.96148217207613	12	38.89703935220195	151.50574712643677	47.66421289726867	101.07692307692308	164	0.89	15.985056666128646	0.9040480233531571	135.5054413580573	12	40.87400153141346	141.57303370786516	49.00270006289777	103.18181818181819	
158	0.78	14.75484261501984	0.9244190330953174	127.27204761341996	12	39.127019734811334	149.80769230769232	45.75220223955426	100	163	0.98	18.999243907638352	0.9032889991431644	172.627354465041	12	39.35008454589981	132.79591836734693	78.47405308702463	137	
159	0.78	14.577531911724984	0.9217438711467508	117.23200091040371	12	39.01743331531147	151.85897435897436	48.71066150445983	100.04545454545455	165	0.99	20.42542656128996	0.9017110044017654	170.4065715569792	12	40.784218157803515	135.6060606060606	75.99321450201901	100	
160	0.88	14.233033577031536	0.9382471080264534	147.5896928961242	12	39.07583523383096	158.63636363636363	55.713941178509195	103.83333333333333	11	1	19.62515945443671	0.9042699162323621	177.828936719397	12	40.84186537740069	136.1	72.64534425933228		
161	0.77	13.962428374544423	0.927119241832062	127.77574195770563	12	39.952458655692936	154.06493506493507	43.96122019650812	100	196	0.61	11.912899130967537	0.9274970343440265	113.44436502317556	12	40.22280960820563	153.68852459016392	36.74176815419064	102.94871794871794	
162	0.72	13.55115561242638	0.9225109837273866	130.0171490728689	12	39.09821368243294	149.70833333333334	40.24778156308908	101.25	193	1	20.305393112377825	0.9075899094002274	205.81560030612684	12	41.23889031284121	134.28	89.10896713347314		
163	0.79	14.194081607006249	0.9338694706074999	136.92392996735316	12	39.278081770464844	155.39240506329114	47.23065430743653	100	198	1	19.2808252193341	0.9078813568782931	209.21304616162027	12	40.93470838219398	133.09	104.19666230049181		
164	0.78	14.037108355676201	0.9259304076640831	145.4897830119263	12	40.09554572209528	151.85897435897436	42.37439484114635	102.13636363636364	192	1	18.913960394161602	0.9092333228020246	215.6005730293374	12	37.08625131892197	137.02	78.37238071158646		
165	0.74	13.721745257674849	0.9369904468352591	143.85146044585952	12	38.658582687610064	155.35135135135135	45.341972363200625	100	197	0.75	14.524187613787735	0.9002542585719001	133.57597554413553	12	38.35943834566929	139.62666666666667	44.130646765642155	103.4	
166	0.63	12.365063788024653	0.9282449396432585	134.39212887247282	12	38.75877424836557	150.52380952380952	40.95093632126525	100	194	0.98	18.192956726742864	0.9175010901137517	225.42087425921278	12	38.068408535588844	139.5	83.34932229515508	121.5	
167	0.61	11.867242519759323	0.9309522244463699	126.74338704657696	12	39.953761163353214	153.18032786885246	37.187245214475624	100.1025641025641	195	0.99	18.45259175040245	0.917271563049854	243.9386724113699	12	37.83038203372318	138.05050505050505	91.48965306462794	115	
168	0.88	14.671557185711777	0.9411798575238207	180.95582102899172	12	39.87024618150819	156.48863636363637	56.197894677190014	100	25	1	18.264840182629758	0.9230333329631994	258.86963677518327	12	39.81353018152351	137.84	100.28130707931581		
169	0.82	14.931080318304277	0.9268464547493701	209.1982348746738	12	40.05958679037441	141.21951219512195	70.51839075965962	100	53	0.57	12.140833670572933	0.9030280497242323	135.3553174766511	12	36.14401930317737	137.6315789473684	37.73714465618465	100.44186046511628	
170	0.37	7.744798425911821	0.9201987196406426	104.47294127830364	12	39.64164066066277	146.43243243243242	29.240009661358684	100.14285714285714	52	0.49	10.344536395882024	0.9174610775997649	130.51522881497473	12	37.82857692891256	142.69387755102042	34.09750571832445	100	
171	0.51	10.502687452388297	0.9354889966824904	125.1361114563901	12	39.14562834164295	153.80392156862746	33.66228570058189	100	78	0.41	10.15706287467989	0.9061176565868878	159.49155888412537	12	44.47142927200152	137.26829268292684	36.94464918557803	100	
172	0.47	10.211397657921866	0.9100988666447445	160.26419438635014	12	40.016667994753966	138.59574468085106	39.874854093704776	100.01886792452831	50	0.59	11.99382013334548	0.9073001764644469	173.62925735722197	12	38.74140735444887	137.40677966101694	43.55799052975614	101.90243902439025	
173	0.47	9.872290371388752	0.9219242571719918	134.94039964829747	12	40.324727103597006	147.5744680851064	30.79878937611802	100	143	0.52	10.98947546386255	0.9194537409616598	158.2424294989794	12	38.311239964274044	138.82692307692307	36.63253158654369	101.02083333333333	
174	0.45	8.658341831335811	0.9426617525624051	125.30476995333997	12	39.45556575254509	160.6888888888889	34.2101682532034	100.01818181818182	51	0.48	10.100372451249381	0.9156174973054748	148.69491390774996	12	40.92289893553381	138.8125	38.151634709636774	100	
175	0.99	17.1836217520402	0.9366871398433011	313.5073024893982	12	38.54280678485097	142.4949494949495	104.23958446205373	113	54	0.47	11.29536169192121	0.918224317510177	228.98259950819033	12	44.63075149080501	134	56.72979845008285	101.0377358490566	
176	0.94	16.936631772377122	0.9454775199515485	206.95889440266396	12	40.56374446497482	157.20212765957447	60.38086764627333	100.33333333333333	22	0.37	8.29931362434448	0.8969599645900446	261.9828098520807	12	41.20801896846349	130.67567567567568	67.10809363992158	100	
177	0.35	7.80031201246613	0.9221381323327362	170.45106978850504	12	42.67936940795528	138.37142857142857	34.72436313554046	100.04615384615384	137	0.52	12.238461719486704	0.9069603640875582	249.11663588333698	12	43.4547950477584	131.25	52.76110458764683	100	
178	0.96	17.655821823315026	0.943547388861356	447.5049760268996	12	38.625412447178654	146.19791666666666	105.13604815989856	105	64	0.44	9.518246911992804	0.9221471996636391	173.32905846672344	12	38.233667647169945	139.29545454545453	38.45630283856298	100.05357142857143	
179	0.27	6.914743770329592	0.9267186508189319	190.3984480264856	12	42.06318571601863	133.77777777777777	29.33494366450906	100	67	0.43	9.005047014724225	0.9283748063118274	197.295411562897	12	41.90817384820503	143.69767441860466	42.957172621925665	100.01754385964912	
180	0.2	4.7862920595423	0.9356388062698506	180.8928999979701	12	41.16034127563878	143.7	31.11425211220253	100	63	0.33	8.447675609272919	0.9237051149351965	224.47198386488458	12	43.85796162530933	133.4848484848485	54.591708973110244	100.05970149253731	
181	0.24	5.6863952992458	0.9388729623228814	139.81713159859763	12	40.01105653934416	144.08333333333334	28.925317887230968	100.05263157894737	66	0.44	9.390272531314588	0.9230029171833339	177.46600013658477	12	40.773397732591	138.4318181818182	47.49336444362594	101.76785714285714	
182	0.98	17.933937231213577	0.9370805346023363	371.7637586883653	12	38.207525221820745	144.70408163265307	93.25996080428158	114	65	0.46	9.615786613172286	0.9180584941947059	214.74183668143522	12	41.71399984474315	135.30434782608697	56.87702868821455	100	
183	0.29	6.667739636260737	0.9263087728905709	181.97927315669375	12	41.31136891085128	141.55172413793105	39.568907287717266	100	94	0.45	9.923697790325127	0.9054895029878851	369.06702461984116	12	40.66395363252518	128.6888888888889	105.40769547758448	100.03636363636363	
184	0.9	14.940735084177575	0.9553930244844849	279.06819220229744	12	40.880678085352784	160.4	66.19610045035657	108.6	23	0.36	7.982969664706454	0.919696678289564	240.49588492238854	12	40.706472827267675	135.47222222222223	47.02894118326094	100	
185	0.35	7.273180665807281	0.9428702921842171	317.1184452122729	12	40.78909755615517	147.11428571428573	76.19354190901201	100	47	0.33	7.097079444278524	0.9427338426419426	216.9660773959004	12	41.01027892365025	146.93939393939394	41.986234105218614	100	
186	0.23	5.040764442886282	0.9475502390286248	198.60777306200922	12	41.79564074096131	146.56521739130434	30.910510481894836	100	45	0.43	9.356572448147253	0.9257133937101827	270.37700551872905	12	39.455621750856494	136.5581395348837	63.47450192308293	101.0701754385965	
187	0.26	6.048058805748997	0.9288100434815475	236.41573198446642	12	41.95765871048635	136.80769230769232	63.42353622941606	100.01351351351352	138	0.46	9.854749560830186	0.9172792011942896	311.406215823019	12	39.77304824423717	134.6304347826087	62.928291650329285	100.70370370370371	
188	0.21	4.662211664409035	0.9513204033368354	318.83194236446474	12	41.65030080175105	146.85714285714286	40.54193885698537	100.0126582278481	44	0.45	9.223012440808263	0.9510831079643489	306.87657837565996	12	40.59707440413753	150.82222222222222	53.8715788536639	100.03636363636363	
189	0.25	6.439813502996743	0.9318164076694195	185.05056569173485	12	39.42067979322629	138.88	43.18672515335753	100	48	0.45	10.091948867486472	0.9261193924301474	306.784168597445	12	42.117056653898715	138.37777777777777	85.1694862080096	100	
190	0.62	12.254175313758852	0.9449272206794832	344.1434526767257	12	41.11212242476599	148.46774193548387	74.92305818461017	100.6842105263158	46	0.98	17.158064290187443	0.9502279524188875	580.364964539216	12	39.850167399321926	149.72448979591837	99.27080792970438	101	
191	0.3	6.294586655471985	0.9453779045028322	187.41058988347766	12	41.01426248151924	144.83333333333334	39.16306702009802	101.27142857142857	58	0.49	9.869679940385648	0.9314591344257798	262.6494806321092	12	39.81174798158706	144.77551020408163	52.336376365478884	100.56862745098039	
192	0.84	13.2802124833859	0.9642423876109204	431.891984127908	12	39.07249215324579	167.63095238095238	80.71241624213822	100	3	0.28	6.680664248900681	0.9399583714745605	275.76480977072674	12	39.4311957675637	144.78571428571428	59.95957141313895	100	
193	0.22	5.15270751358486	0.9510652483574358	275.2385372527419	12	41.85811384983071	146.3181818181818	53.20892319555046	100	74	0.32	7.639419404118832	0.9408621906951259	308.8715198562075	12	44.48423513909761	143.46875	59.948873760327594	100.01470588235294	
194	0.23	5.563484192454003	0.9378589314939281	303.21119887802905	12	44.07018547584552	146.34782608695653	54.82121705638077	100.01298701298701	73	0.35	7.983940873195853	0.9423943465131754	274.8028509606673	12	45.045912288849685	144.2	47.4246442513632	100	
195	0.2	4.670714619329647	0.9471528799055104	242.20955121992077	12	43.10901316171159	147.75	50.58518685494888	100.0125	75	0.36	7.815892314372557	0.9419076798586412	399.20834054405674	12	41.639277953191204	146.36111111111111	75.62538110916242	100.03125	
196	0.78	13.832485059129548	0.9522020975391681	596.128006284811	12	38.703212763964345	153.24358974358975	88.09131968152963	101.86363636363636	33	0.47	10.606128988578366	0.945778230472783	342.7356553093635	12	43.07275862577257	147.6595744680851	56.270584180074685	100	
197	0.23	6.008359456621797	0.9478164044410546	296.1437715681927	12	43.296991596164006	147.7826086956522	51.47120005992557	100.02597402597402	38	0.36	8.062709966411262	0.9311198190704645	503.3087619166415	12	38.199346904405544	139.63888888888889	60.56295318017245	100	
198	0.2	4.421452889428316	0.9478407777226524	283.6356062037463	12	43.23155815561418	145.9	61.3783344207733	100.025	37	0.31	6.763833129678745	0.9449462177255182	322.74206765933366	12	41.521438780934865	145.51612903225808	45.833924426633104	100	
199	0.24	6.13011161911832	0.9526825162128006	388.4520826248937	12	44.9360021338141	154.5	35.91776787669262	100.01315789473684	39	0.35	8.356013942618013	0.9432040938153304	459.78307530257035	12	45.05693147891694	144.37142857142857	98.09076980935454	100.01538461538462	
200	0.51	9.907144799736535	0.9560360126603951	425.77619607787244	12	39.38642907302074	155.68627450980392	69.13184786720245	100.0204081632653	32	0.42	9.719972228659154	0.9490261652496093	362.8742346414935	12	42.25063689806991	146.66666666666666	69.58770430830145	100	
201	0.21	4.629629629636996	0.9490412777150238	300.27383773241326	12	42.98104195810373	149.38095238095238	42.51163420597431	100.0253164556962	40	0.32	7.511384442037667	0.9524929381654224	514.0599825515238	12	45.02286600158538	148.3125	64.26169657183577	100	
202	0.21	4.745977219300807	0.9510988149817825	298.90778724751095	12	39.15757155868865	147.61904761904762	56.51639034353205	100	35	0.34	7.490471679393058	0.9537751530403337	353.77811832031296	12	41.78690364660526	149.7058823529412	55.90536123608648	100	
203	0.24	5.257508379156768	0.9556512043675872	264.7307460496778	12	42.640345760629266	149.29166666666666	38.2968905521111	100	36	0.33	7.355563480751112	0.940242993852803	358.4111110546611	12	36.6139520939611	146.57575757575756	59.22526364905823	100.01492537313433	
204	0.94	17.487070729605655	0.9595705970069304	796.2395998141908	12	41.285719510676316	156.22340425531914	106.96723490243416	108.33333333333333	34	0.35	8.058574323074227	0.9492520475442046	480.6822351554884	12	44.31729399227239	147.25714285714287	54.56090403766416	100.78461538461538	
205	0.23	5.9919239286210395	0.9500965309119475	428.47407805886934	12	46.37204414343882	150.7826086956522	52.915446268225864	100	42	0.43	9.315222807132782	0.9463966213201209	564.5387458228914	12	41.37687641906151	143.74418604651163	118.76205117941305	100	
206	0.23	5.836970865891903	0.9500535804555987	347.41319560626187	12	44.55200058896175	150.08695652173913	48.51650519531305	100	41	0.32	7.596980200380095	0.9535275143772295	375.38933516712416	12	44.29526781013262	148.3125	62.38850026742933	100	
207	0.21	5.373042677310056	0.9510707484995005	410.19410027828724	12	42.30587634367694	146.33333333333334	70.6778628023358	100.0126582278481	43	0.25	5.5045467556182235	0.9550404122780014	599.1167443789308	12	42.600182228847686	152.84	51.10781570309103	100	
208	0.8	12.332166915882127	0.9719979235286488	735.5818716673698	12	39.64127467323119	173.475	92.5095982165363	100	8	0.36	7.605848052053763	0.9570320813280954	385.699369944328	12	36.52394498082484	157.5	56.506520790769734	100	
209	0.61	10.598742050926697	0.9634610735893063	590.8573606019077	12	40.032861938202075	163.75409836065575	81.31066178386025	100.02564102564102	56	0.35	7.668039610896441	0.9508449265544692	604.1228560100091	12	41.190620596389515	153.14285714285714	86.77750889733414	100	
210	0.26	5.525214102056624	0.9559806177925287	372.652976594554	12	41.91758968129624	155.84615384615384	54.126903392751636	100.13513513513513	55	0.5	10.998922105640633	0.9545733769468048	612.5033716375539	12	41.9976081135965	152.26	79.28160239296973	100	
211	0.46	8.513946214068717	0.9686606890387239	533.3295635747824	12	40.166652577172705	169.7826086956522	74.81847058195227	100.35185185185185	57	0.33	7.653061224506325	0.9604797969472265	531.4777083185184	12	45.38227212705506	156.5151515151515	58.46693625816096	100	
212	0.69	11.11236371249173	0.9745919954866078	753.9205607969994	12	39.46898573452138	175.7391304347826	93.2894002058354	100.93548387096774	24	0.93	15.923839528801993	0.9654142117012268	798.699328382404	12	38.92907632075501	163.41935483870967	97.58057088420775	102.57142857142857	
213	0.21	4.777830864783286	0.9576097762651088	416.816553729416	12	43.0755037062895	155.71428571428572	53.981898357745365	100	112	0.31	6.576853718046515	0.958092147456338	528.823503932142	12	40.419187806989804	157.61290322580646	70.13408368374776	100	
214	0.23	5.232148138051268	0.9606162066974463	490.52981652619235	12	43.570427333859634	153	66.47450334063261	100.01298701298701	111	0.32	6.736416647369904	0.9590998130004198	627.4987374316597	12	40.02854924355689	157.65625	68.32126435652235	100	
215	0.27	6.294439911413123	0.9578935397612979	484.04953119458605	12	33.822718430315405	155.4814814814815	78.22330338773322	100	113	0.38	7.619964306477435	0.9623981917946177	571.2319987998717	12	41.45790647843595	158.47368421052633	67.36805077770975	100	
216	0.67	10.97802755975114	0.9757318612078071	674.7750053217574	12	38.62724822980167	175.34328358208955	91.47529399672905	100	10	0.33	7.278501951970259	0.9631293410049736	592.3630964167706	12	44.5431279950594	161.1818181818182	56.51607175374316	100	
217	0.28	5.982522487865423	0.9703751390375758	421.1121584016978	12	40.99149872679324	169.67857142857142	46.874988119138735	100.01388888888889	70	0.33	6.954835718364016	0.966804220623099	600.186679111907	12	41.701261708792714	160.57575757575756	70.88958254832355	100	
218	0.16	3.873623048057791	0.9671834964944642	422.8466124904858	12	41.51647772736749	164.875	64.99789333156123	100	69	0.32	7.3114446957618195	0.9675380463190522	584.8156259380463	12	42.59718007858449	161.71875	68.95078818187355	100	
219	0.23	5.1465652271232445	0.9663165111334774	462.78939976828923	12	42.858099583304764	162.17391304347825	47.97222909302693	100	71	0.29	6.4514693777661005	0.9653903583401737	1005.5810598662601	12	46.4419846301393	164.41379310344828	82.29834572559871	100	
220	0.61	10.492457471147926	0.9779806337763751	863.6111587753555	12	39.321430542304086	177.68852459016392	94.71920814281279	100	14	0.59	10.383850472561026	0.9740001384569394	773.0579094268555	12	39.69228878764971	170.33898305084745	80.46559174346541	100	
221	0.17	4.2611856122363365	0.964927064728891	508.5101397540729	12	40.713944953405665	169.47058823529412	57.597865073851054	100	107	0.53	9.477147557408955	0.9750269252295072	705.9772980897044	12	38.41773627227471	178.0188679245283	53.44611306808153	100.02127659574468	
222	0.57	9.577256536057005	0.980265206131966	1045.8275424209946	12	39.93012742782417	181.43859649122808	101.46348669169633	100.86046511627907	20	0.47	8.723250245919306	0.9770515540628872	611.8567138761183	12	39.46131114112188	174.17021276595744	79.17910959736824	102.54716981132076	
223	0.29	5.7157498472587775	0.9768951802753598	637.8539425610423	12	40.87138436890991	177.82758620689654	68.2646265682675	100.02816901408451	27	0.39	7.54790013547309	0.975856843139843	559.3588080851173	12	39.24497139110051	176.94871794871796	67.68223587838567	101.14754098360656	
224	0.23	4.785784140335374	0.9720005744291322	642.3058822308506	12	40.4012643151853	170.91304347826087	68.37848651301722	100.01298701298701	6	0.35	7.650440446774197	0.9764517933344324	632.8525977870003	12	43.18529082120467	179.54285714285714	73.91507635048275	100.43076923076923	
225	0.15	3.4511319712906308	0.9761617446740387	435.6711096276504	12	42.475259822195675	175.13333333333333	55.81464926992431	100	117	0.37	7.876194733585695	0.9754147934707305	1093.658277852285	12	36.700108101276115	173.75675675675674	76.77132853760402	100.42857142857143	
226	0.2	4.479584294566063	0.9747715070823165	543.1486620886552	12	41.241552020208346	174.95	45.67248176088257	100	89	0.22	4.7294537480900125	0.9760693489767991	674.7629549103075	12	37.192133823653556	176.77272727272728	73.17147167652725	101.6923076923077	
227	0.19	4.404775704180613	0.9769375421130417	747.7282868402598	12	41.381841346684666	173.21052631578948	61.15478658655127	100.01234567901234	108	0.26	5.387931034486295	0.9763646886011433	712.189078022347	12	38.10997129005298	182.15384615384616	69.0818951462121	101.13513513513513	
228	0.16	3.6900369003726694	0.9776337226542566	672.1972998733298	12	40.815306257509874	176.375	48.87795242754841	100	88	0.29	6.325386611982808	0.9784451156060712	916.1113139864647	12	38.03842842631894	183.0344827586207	82.56450595120329	100.66197183098592	
229	0.17	3.845109924909837	0.978588315583018	809.3619297001486	12	43.368390492445236	175.7058823529412	56.98859947958995	100.01204819277109	109	0.22	4.5921349252709405	0.9789836048395898	812.4702244832126	12	42.74317290267621	183.54545454545453	89.87075667118727	100	
230	0.12	2.810962754743346	0.9821097178696326	477.2986587828251	12	42.43633442037262	180.58333333333334	71.54291525889514	100	90	0.23	4.702899439742351	0.9807694968562268	989.5787674412222	12	42.25922503701702	184.65217391304347	84.86799795328612	100	
231	0.14	3.36538461538179	0.983062436976691	684.4376618548821	12	31.6212121447844	186	135.1703092398623	100.02325581395348	91	0.18	3.8344375093173033	0.9818490421266579	889.2659387570259	12	43.69348400667489	184	83.12566214000758	100	
232	0.21	4.321787985428075	0.9848002141323606	838.4527138466447	12	39.94607804974645	186.0952380952381	88.92457831946398	100	15	0.25	5.608399138557392	0.9827562085369902	845.2877389252743	12	43.57257889283289	184.24	91.79071772787741	100.01333333333334	
233	0.09	2.146946564887821	0.9820896561970142	728.0779699545661	12	41.71909162542885	186.33333333333334	86.06368012720021	100	77	0.19	4.259803152262071	0.9824577046984673	823.8954934093962	12	42.5438118143185	186.68421052631578	97.08063416422772	100.35802469135803	
234	0.11	2.6560424966812906	0.9874170493402371	755.3445079645767	12	42.54183249733029	194.9090909090909	38.01406489234319	100.01123595505618	26	0.15	3.649546239746227	0.9859854231995372	788.7197187452296	12	45.37581458308152	190.6	105.34617084034709	100	
235	0.07	1.705445243025415	0.9893755181787951	585.812225968777	12	40.19270052979375	187.57142857142858	57.453164212920115	100.02150537634408	76	0.13	3.0947223081855646	0.9870673446169478	1330.3249986708506	12	39.43167555142007	190.07692307692307	83.12570372165212	100.13793103448276	
236	0	0			12				100.01	19	0.06	1.4097413124648124	0.9876274811521063	878.5074785109603	12	41.1826404410829	188.16666666666666	62.46823831702282	100	
237	0.01	0.25282532298425786	0.9848484848484849		12	40.87576941287879	198		100	140	0.02	0.4996502448301546	0.9873991167961017	273.7347549805158	12	45.58763598810022	198.5	280.72139213105936	100.03061224489795	
238	0.06	1.4853691142216656	0.9904831689339669	439.1151379799637	12	33.36550406657432	192.16666666666666	92.95969105029137	100	139	0.01	0.25567600736333507	0.9949494949494949		12	32.39348563762626	198		100.13131313131314	
239	0	0			12				100.01	141	0.02	0.48352392234629754	0.9872044396517714	286.92864301222	12	38.37304857019805	195	68.94291116568837	100	
240	0.01	0.24094063222829873	0.9897435897435898		12	40.707191506410254	195		100	12	0	0			12				100.07	
241	0	0			12				100	157	0	0			12				100.2	
242	0	0			12				100	142	0	0			12				100.04	
243	0	0			12				100.01	249	0	0			12				100	
244	0	0			12				100.02	110	0	0			12				100.06	
245	0	0			12				100	250	0	0			12				100.19	
246	0	0			12				100.02	217	0	0			12				100.32	
247	0	0			12				100.02	251	0	0			12				100	
248	0	0			12				100	93	0	0			12				100	
249	0	0			12				100.01	252	0	0			12				100.17	
250	0	0			12				100.06	218	0	0			12				100	
251	0	0			12				100	253	0	0			12				100	
252	0	0			12				100.01	199	0	0			12				100	
253	0	0			12				100	254	0	0			12				100	
254	0	0			12				100	219	0	0			12				100	
255	0	0			12				100	255	0	0			12				100	
256	0	0			12				100.01	1	0	0			12				100	