index	success_ratio (division)	success_rate (division)	mean_second_ratio (division)	second_ratio_SNR (division)	probe_index (division)	mean_time (division)	mean_total_iterations (division)	total_iterations_SNR (division)	mean_total_iterations_failing (division)	order_index (division)	success_ratio (sequential)	success_rate (sequential)	mean_second_ratio (sequential)	second_ratio_SNR (sequential)	probe_index (sequential)	mean_time (sequential)	mean_total_iterations (sequential)	total_iterations_SNR (sequential)	mean_total_iterations_failing (sequential)	order_index (sequential)
1	0	0			60				1.25	0	0	0			60				1.46	
2	0.21	44.718909710704445	0.4761904761904763	12.598815766974276	60	16.394903273809522	3.5238095238095237	15.292716539537995	2.8607594936708862	24	0.07	18.878101402524976	0.5714285714285714	8.605645987207613	60	10.980282738095239	3.4285714285714284	10.673990159919866	2.913978494623656	
3	0.44	74.70288624788513	0.4215909090909092	22.114581674317044	60	33.69681729403408	4.613636363636363	28.50666620138744	4.017857142857143	50	0.13	19.07556859871523	0.5076923076923078	11.851958844489028	60	10.328801081730766	5.461538461538462	13.597668434582888	4.022988505747127	
4	0.29	36.47798742146377	0.48768472906403937	23.183791960782347	60	18.767814809113293	6.137931034482759	24.44018331512844	5.042253521126761	12	0.42	52.199850857842385	0.4460317460317459	29.114049612664697	60	25.87220804988662	6.214285714285714	28.652682081721245	5.137931034482759	
5	0.33	36.2159789287943	0.45286195286195285	20.268358735399783	60	12.220339556277054	7.909090909090909	22.135709432153675	6.059701492537314	34	0.43	49.624927870531025	0.3946566998892581	30.21660770635992	60	25.694947505710136	7.837209302325581	22.5084444535769	6.087719298245614	
6	0.42	39.16083916076477	0.36437074829931976	21.06366118336402	60	20.192912614264458	8.880952380952381	26.81373619448262	7.172413793103448	32	0.15	15.18372304888944	0.34854497354497355	17.101260751525988	60	18.09146515376984	9.266666666666667	12.101203816041213	7.141176470588236	
7	0.11	10.812936203680852	0.3116161616161616	13.701472724100894	60	9.427705768623737	10.909090909090908	13.336626734231604	8.292134831460674	89	0.34	27.608607389326025	0.2759803921568627	26.2084152953557	60	24.297833690767973	10.117647058823529	24.64567000050426	8.272727272727273	
8	0.38	29.457364341065333	0.2839978734715575	27.577446735023706	60	23.422510258838386	11.31578947368421	27.014103884133604	9.193548387096774	10	0.43	30.51593215533743	0.3104768616396524	30.416116842814436	60	23.75814733453723	11.395348837209303	29.220222524481596	9.43859649122807	
9	0.12	8.365284071087263	0.2787878787878788	11.117523292587965	60	26.994241240530304	13.583333333333334	16.819561803890842	10.159090909090908	38	0.37	24.95447494435121	0.29770679770679775	25.214473805974173	60	27.191601722461098	12.08108108108108	34.73722847232477	10.253968253968255	
10	0.14	9.144350097959187	0.28213453213453216	14.70584713160597	60	14.596647005338411	15.928571428571429	17.960193482664675	11.430232558139535	36	0.31	15.81471278439886	0.27800962478381824	23.390828505162418	60	36.47259838615686	13.709677419354838	21.786501936468284	11.507246376811594	
11	0.11	7.44400081205663	0.2628205128205128	13.805418108880149	60	12.950839525058278	15.363636363636363	18.29192876433211	12	71	0.42	23.869061150293323	0.3349904064189779	18.961269980073777	60	25.01738666219693	15.19047619047619	29.74282645719777	12.413793103448276	
12	0.2	10.935535021048329	0.28946886446886444	16.990798517698575	60	24.3834375	15.55	19.113071166951062	13.075	35	0.34	20.703933747478644	0.38854772678302096	25.22196936523283	60	19.60849539936167	15.764705882352942	36.23616466089072	13.43939393939394	
13	0.18	9.972299168973784	0.25783730158730156	15.174149044093882	60	21.055811063574733	19.055555555555557	21.69562716574507	14.865853658536585	73	0.42	20.14871671859368	0.31346371882086177	24.156603235009566	60	24.551748069019276	18.571428571428573	28.06118338114331	15.051724137931034	
14	0.15	7.259001161428449	0.24861111111111114	15.518887344019861	60	21.91070203993056	20.733333333333334	15.813397080929528	15.68235294117647	37	0.19	12.231234710922513	0.24974200206398353	15.74186218588449	60	15.017916646510576	19.94736842105263	16.372286573143473	15.753086419753087	
15	0.15	6.389504174473431	0.26029411764705884	20.427779850058215	60	24.702096737132354	20.4	18.45078279214021	17.04705882352941	39	0.42	18.6170212766457	0.2507100062247122	32.07882834204518	60	22.959315898668496	18.476190476190474	47.301265541778406	16.862068965517242	
16	0.35	13.483838656211589	0.24010516487296676	27.559783761261603	60	31.78381627321982	19.285714285714285	36.82028776005956	18.661538461538463	9	0.39	15.062567588431033	0.28448131389307857	20.177062727019038	60	29.62245842057301	20.82051282051282	29.24795834521059	17.934426229508198	
18	0.34	11.555193039695853	0.24392967713401154	19.009413667119688	60	22.140654341506337	22.08823529411765	37.35626013248404	20.560606060606062	23	0.3	11.194865288432283	0.24716791979949876	23.096508946845578	60	31.2838968678206	21.833333333333332	29.580553660203638	19.84285714285714	
19	0.21	7.026936590263905	0.21088435374149667	24.005956014525555	60	24.349472966269843	23.047619047619047	26.483103483885152	21.265822784810126	30	0.36	13.179089178507484	0.23312289562289562	24.341445589269288	60	23.679617604617604	23.5	28.601127357052146	21.03125	
20	0.13	5.042473139135793	0.21262071262071258	19.20240444146363	60	30.11097106018981	24.53846153846154	11.183806938700174	22.114942528735632	16	0.16	5.724098454492321	0.24675324675324672	12.959753013154826	60	24.434256945853626	23.625	23.278404196631424	22.44047619047619	
21	0.11	3.7675103606553546	0.21882860222781178	13.343364828133048	60	25.649709873562703	26.818181818181817	16.332027407216213	23.359550561797754	94	0.26	8.332265094219249	0.23455710955710954	22.50459265245768	60	28.120725893643275	26.384615384615383	23.73771202566247	23.2972972972973	
22	0.1	3.0724797984406433	0.20380434782608697	12.120317328360052	60	31.233007104846013	31.5	11.417907563940345	24.155555555555555	43	0.43	12.364138248315667	0.231294236602629	24.815449993335253	60	27.778660111486772	27.837209302325583	30.6208333466701	24.087719298245613	
23	0.05	1.5984654731473267	0.16433333333333333	6.303183204735862	60	31.976161458333337	34.6	11.730498612640028	26.021052631578947	51	0.15	4.458977407845948	0.23403418803418807	15.09014143829272	60	27.8484250133547	29.4	19.586680256701506	25.223529411764705	
24	0.18	4.761274963628196	0.2218803418803419	15.055155545885484	60	25.928738982371797	29	22.455534670641853	26.121951219512194	13	0.13	4.444292502830888	0.2298268682884068	15.989800405424333	60	18.54468280873329	33.53846153846154	14.98605284905766	26.701149425287355	
25	0.06	1.8382916143275208	0.2318613485280152	11.611468252710523	60	19.834758020239793	36	9.819805060619657	26.925531914893618	81	0.22	6.281765747253025	0.22561825148032047	32.59779263113234	60	22.318347722779297	31	23.220401006459028	28.32051282051282	
26	0.03	0.9072489188614303	0.32451499118165783	5.038732618099557	60	15.732552772266315	41	19.3275853524323	28.309278350515463	79	0.23	5.814835414877372	0.224607934128174	15.84794969005853	60	26.885785018577025	32.26086956521739	26.118165982281187	29.025974025974026	
28	0.04	1.1627568966018902	0.20133481646273638	3.8086745942276465	60	18.69154963848721	38.25	12.930860097346303	29.6875	77	0.16	4.481667180194568	0.19694336299592138	16.08081398708672	60	31.346286120501368	33.4375	34.95081765538497	30.678571428571427	
30	0.03	0.7898270278819496	0.20228494623655913	13.891485735220746	60	13.818649456065188	36	19.242809417694556	32.154639175257735	78	0.11	2.565597667635001	0.21115202612636635	9.960051067783075	60	31.12241090092989	39.72727272727273	15.628287243097352	32.8876404494382	
31	0.03	0.8050233456766273	0.2916666666666667	6.3407513912097295	60	9.264689127604166	42	10.668010668016002	33.44329896907217	80	0.19	4.033542086832684	0.18755570409982175	19.25426382013036	60	27.98832301662254	37.526315789473685	21.37385695981008	34.44444444444444	
32	0.19	4.031744684463845	0.19921193357725864	24.756358339003697	60	27.53157897354516	43.26315789473684	21.057063418123388	36.71604938271605	7	0.15	3.4426568130227264	0.2006417112299465	10.660668612287198	60	27.160639708534934	36.8	45.11667220030114	34.61176470588235	
33	0.12	2.449029572033729	0.15371148459383752	19.803627690246802	60	28.580313101803217	41.666666666666664	18.107787077026163	35.95454545454545	41	0.21	4.888837155162114	0.19241252056378105	17.18543995388391	60	30.080590482720865	40.23809523809524	26.65111282546778	35.65822784810127	
35	0.12	2.642647933229116	0.21352602602602602	19.0276524311308	60	20.018707428131254	43.75	19.019362192966803	38.59090909090909	25	0.32	6.714648425199928	0.1622177275960171	27.040192332628887	60	28.07324980363022	42.75	27.57349535521197	37.89705882352941	
36	0.05	1.084057845326465	0.21052631578947367	22.627416997969625	60	27.232360197368422	50.6	8.528628260160007	38.578947368421055	46	0.21	4.3491767629669305	0.19573014309856415	18.295158097455705	60	26.649841419372667	44.285714285714285	27.838260564554453	38.79746835443038	
37	0	0			60				40.12	45	0.22	4.3613583648859535	0.2049380444117286	21.945323839822446	60	28.91978254920792	45.81818181818182	21.562135614939525	40.58974358974359	
38	0.04	0.8259684480055364	0.16346153846153846	21.103950159360455	60	12.317785957532049	49	16.03901493234544	40.458333333333336	47	0.13	2.647496079667484	0.18301462452494344	16.493875575928143	60	24.256559012243226	49	13.03772606265969	41.49425287356322	
39	0.08	1.4821951309905388	0.19905270034843203	12.057067429151777	60	23.914616906213706	47.75	21.332692226661745	43	19	0.25	4.649865153911845	0.2121178996839803	19.765309165015182	60	27.540258548212428	44.88	64.52713148493761	42.52	
47	0.08	1.3685272935666717	0.1290922619047619	12.193898523123579	60	34.11713310812606	58.625	20.945270863376653	49.40217391304348	18	0.13	2.0098016480371923	0.19167628589897495	16.741289644084592	60	25.537505813322923	58.15384615384615	24.615846974100414	51.367816091954026	
48	0.03	0.4656071517257361	0.1611311191143124	5.560152893504298	60	29.23081107442977	60.666666666666664	10.087786717621238	51.824742268041234	74	0.2	2.9490695685523676	0.1760618785975929	17.816085008410475	60	24.654939609497646	55.75	40.808354532239385	51.925	
49	0.03	0.4717203641680555	0.16339869281045752	20.412414523193405	60	20.729626225490197	60	7.529469661657902	53.371134020618555	69	0.13	1.9481492582060649	0.1590196078431373	13.871582256249368	60	28.636788109844527	63.76923076923077	19.88915930559599	52.58620689655172	
51	0.05	0.7351319561859845	0.1853733268827608	14.395908531438465	60	26.01164783989813	67.2	19.88113474124563	55.31578947368421	33	0.17	2.514718499451051	0.18223341586271666	21.260971171489604	60	27.74996359015959	64.70588235294117	20.96093818408444	54.096385542168676	
53	0.04	0.6242489504811276	0.19242424242424241	11.20588235294118	60	14.957452783038718	65.75	8.832335499511997	57.125	98	0.12	1.751032379507001	0.17523849607182937	14.702873670648797	60	20.148235701352565	63.5	23.972457940181215	56.45454545454545	
55	0.04	0.6140903019792945	0.13666979949874686	13.123804725913894	60	16.11167139039004	77	19.95536063092942	58.239583333333336	20	0.09	1.2258407224288925	0.14372737399053187	21.645957071096465	60	30.471826539003764	73.88888888888889	14.366629621211928	58.68131868131868	
59	0.04	0.5507517761747218	0.13702185792349725	14.130031133579607	60	31.592503948941257	78.75	8.390806227000647	62.083333333333336	21	0.1	1.3007284079093346	0.17112021857923496	24.45748699174342	60	24.449092917520495	74.5	19.22395430798543	62.7	
61	0.05	0.7550588945934331	0.13179723502304147	20.318722233105873	60	17.273291690668202	75	14.17366773784602	64.27368421052631	28	0.12	1.5502674211292404	0.1377214808414405	17.421795694324437	60	31.77646238630106	72.66666666666667	17.039262416485922	65.13636363636364	
62	0.05	0.5821602803683744	0.12918192918192917	16.770427429880886	60	29.136614392551895	77.8	15.170563852558782	65.03157894736842	40	0.17	2.282369367917614	0.15069413624615557	19.66775369656255	60	22.527671644242815	74.41176470588235	25.132678534865814	66.28915662650603	
63	0.16	2.238638907544392	0.15338040865384617	18.849014596959528	60	19.441038219745344	77.5625	16.291483428185316	66.60714285714286	6	0.13	1.7076727048226856	0.13615631163708086	18.722132982085395	60	26.990481148771604	74.23076923076923	19.92663780739285	67.75862068965517	
64	0.01	0.13761783527149088	0.12307692307692308		60	13.873016826923077	85		66.53535353535354	67	0.07	0.976821423089001	0.12853812853812854	39.15616038209782	60	27.88634581564269	78.85714285714286	18.053403072304274	68.91397849462365	
65	0.02	0.2569670182831849	0.10606060606060606	4.949747468305839	60	27.826497395833332	95.5	2.8735616001410764	68.10204081632654	68	0.1	1.4427932477267766	0.16126187245590234	14.462989379916912	60	22.737285518430575	77.3	17.716002576559227	68.72222222222223	
66	0.12	1.4415280197017195	0.16663591675043365	24.409251634715165	60	20.20534410411279	77.58333333333333	16.818200704172636	69.47727272727273	27	0.15	1.9757899866964928	0.1354007880461291	17.46490163687069	60	19.073704419544967	76.13333333333334	30.619588723805883	68.7764705882353	
67	0	0			60				71.35	49	0.13	1.667585976884155	0.14957186888133178	21.80357521042061	60	25.934419828759264	83.84615384615384	20.060217190092505	71.16091954022988	
68	0.01	0.127132650207233	0.15942028985507245		60	41.720901268115945	72		72.17171717171718	48	0.13	1.7807731295020632	0.14545309762701067	13.489459689593115	60	24.28817331332617	86.84615384615384	19.253993917503273	70.66666666666667	
69	0	0			60				72.4	66	0.11	1.381892187283376	0.16219793508525904	10.232858866221706	60	24.84365544593317	85.72727272727273	15.293375499475996	74.13483146067416	
70	0.08	0.915268974669446	0.15757042253521128	8.843598886739763	60	26.25850509142092	82.125	23.976551044718672	73.09782608695652	17	0.06	0.7051357386298405	0.13004201384483074	19.077057037130917	60	19.24218228186373	86.66666666666667	17.41244950944318	74.42553191489361	
71	0.07	0.7918462460830764	0.14141661230702327	27.55566281388912	60	16.750498686025498	98	18.520259177452132	74.10752688172043	88	0.13	1.669127559863353	0.14048413534714904	12.454034793704706	60	21.09933765028612	86.53846153846153	20.814109542161294	75.03448275862068	
72	0.04	0.4631184077989152	0.12878514780100936	17.094475519968427	60	13.821631598661682	89.5	7.513613330348808	76.13541666666667	86	0.08	0.9169579918615819	0.15478063680118476	21.179550531335813	60	18.549098388039152	86.625	15.688598831453527	75.93478260869566	
73	0.12	1.2416319182177007	0.15375375375375375	13.948581810478066	60	22.770954098629883	93.16666666666667	14.11227090460313	78.44318181818181	95	0.06	0.6465865617761687	0.1369069069069069	9.612051545810383	60	22.799702515015014	94.5	53.672393336347625	76.79787234042553	
74	0.01	0.1211196298585044	0.09333333333333334		60	38.00369791666667	99		76.92929292929293	84	0.06	0.8060832415297969	0.1511111111111111	5.995437734798082	60	20.275815972222222	88.66666666666667	10.996618666418007	77.59574468085107	
76	0.01	0.11721268241217463	0.12987012987012986		60	19.259385146103895	131		79.31313131313131	85	0.07	0.7970395673212721	0.10363446077731794	13.192847835634437	60	21.593248455413633	107.28571428571429	15.03353627671716	80.87096774193549	
77	0.03	0.33464215598780106	0.1404846911176025	5.8027688281626935	60	22.511973376812183	100.33333333333333	8.629992910818208	80.90721649484536	87	0.09	1.0042625365434708	0.14185509755130007	14.179578933930136	60	24.36070610304194	87.55555555555556	25.572826547123626	80.7032967032967	
78	0.09	0.8985353873184053	0.1457154763765172	8.523024868841867	60	23.11621741332467	97	16.47710655962073	82.14285714285714	14	0.02	0.23497068740687585	0.16455696202531644	4.596194077712536	60	20.747354628164558	95	7.463904912524669	82.84693877551021	
79	0	0			60				81.74	59	0.13	1.3418108253170156	0.11946818613485279	11.974318083168557	60	23.718163877018046	102.07692307692308	15.91625067242456	84.14942528735632	
80	0.01	0.1161049123988425	0.1951219512195122		60	10.016720655487806	111		83.78787878787878	55	0.06	0.6556660474266609	0.1419753086419753	8.172694126965068	60	33.138339296804425	90.66666666666667	36.609969339954965	84.77659574468085	
81	0.05	0.5247966413012841	0.12380252718189833	42.4792343100278	60	20.956488645129298	96.6	23.208149039037718	86.23157894736842	96	0.06	0.6544217093498605	0.1353771648731978	18.475861586326573	60	23.23377387535406	112	12.043707021341527	85.2127659574468	
82	0.04	0.43538836642283485	0.11105134825014343	13.327859659355964	60	22.273537089205035	113.25	9.732001138195892	85.61458333333333	53	0.05	0.5644869942199292	0.12251864601262193	10.889660618983921	60	24.79192596277969	98.4	15.843171779303445	86.07368421052631	
84	0.02	0.21153276642552998	0.11108071135430916	15.109755429565231	60	25.511821883549935	135	47.72970773009195	87.84693877551021	56	0.02	0.20146261861110443	0.18023255813953487	21.920310216782532	60	20.328897165697676	94.5	14.849242404917499	87.55102040816327	
86	0	0			60				89.46	52	0.08	0.823282427036658	0.11025666144200627	14.028690429935436	60	29.351252349566515	105.5	15.049506481902894	89.8913043478261	
88	0	0			60				91.37	57	0.03	0.28763458901803046	0.12734082397003746	10.492627797422278	60	22.664413623595507	104	13.208013208019812	92.19587628865979	
89	0.01	0.09497578117577916	0.25274725274725274		60	21.868604052197803	95		92.46464646464646	82	0.01	0.10037338900709424	0.18681318681318682		60	24.77721497252747	115		93.67676767676768	
90	0.04	0.3890596428430624	0.10114070711896798	15.875709823640225	60	33.75424277446399	132.5	6.820078281491759	93.05208333333333	54	0.06	0.5823942226491375	0.1469056695213778	17.02674705092201	60	26.111940401643903	134.16666666666666	14.608092341716524	92	
91	0.01	0.09435119401433995	0.16304347826086957		60	28.496730638586957	132		94.48484848484848	83	0.04	0.36257172121839537	0.11085787751285647	9.201801613878464	60	33.924441957763555	119.25	9.641666376969628	95.41666666666667	
92	0	0			60				95.1	58	0.01	0.09785597557519889	0.13829787234042554		60	18.00523603723404	104		96.01010101010101	
93	0.02	0.19639613099623734	0.1794104609929078	2.883642011942121	60	21.493219903174868	111	8.720983634634086	97.03061224489795	60	0.02	0.18573033812202352	0.10638297872340426		60	23.317195811170212	101		97.11224489795919	
94	0.08	0.7066326305280936	0.12711611502984263	11.135904515423904	60	22.050473709644603	114	17.20211148101315	99.96739130434783	8	0.05	0.4564167632747011	0.11127192982456138	5.5413192699133935	60	22.696728686951754	109.2	15.377993922318439	98.10526315789474	
95	0.01	0.09515381614381499	0.125		60	15.713297526041666	130		99.68686868686869	70	0.09	0.7731360977245016	0.1288898434516991	16.544278938780348	60	18.127604959028375	109.88888888888889	18.612503778311357	99.56043956043956	
96	0.09	0.7811550679606394	0.11938103715226937	19.667510635163637	60	24.881552869198423	121	14.659937294132261	99.68131868131869	97	0.11	0.9614796297429978	0.1328538913222271	14.112954642593566	60	20.7963428525405	131.0909090909091	18.361963994547093	100.87640449438203	
97	0.04	0.31847387319962234	0.1268552875695733	17.653794134806887	60	22.53383000927644	106.25	22.959001693341627	101.5625	42	0.03	0.2656418793276909	0.12880505737648595	32.84996493990048	60	22.327568977401565	118	9.387575953273615	100.34020618556701	
99	0.01	0.08728974083673567	0.1		60	27.6757421875	121		103.35353535353535	99	0.02	0.17485880151777725	0.1144059405940594	18.36094125081009	60	18.829930963799505	133	94.04520189781081	101.78571428571429	
101	0.05	0.414597135962978	0.1596992194936227	6.125007924979932	60	24.660423954169044	132.6	9.02333164678503	105.15789473684211	29	0.03	0.24518617803785492	0.10387714956532774	13.420512618905324	60	23.13519643041278	117.66666666666667	23.002722999523197	106.91752577319588	
109	0.05	0.3610551475631055	0.12363636363636363	8.475206558756698	60	21.558593749999996	152.4	9.666210376946749	114.6	26	0.03	0.24177170303986895	0.12727272727272726	19.79898987322338	60	35.86777935606061	138	11.138453509343412	113.82474226804123	
110	0	0			60				114.11	75	0.01	0.07723498744930204	0.13392857142857142		60	12.148193359375	153		114.78787878787878	
111	0	0			60				114.9	65	0.01	0.08087801169495258	0.09821428571428571		60	42.81556919642857	118		115.27272727272727	
113	0	0			60				116.74	63	0.01	0.07634986562427261	0.09565217391304348		60	27.832472826086956	165		117.33333333333333	
117	0.01	0.08239064701373645	0.1440677966101695		60	13.947166313559322	157		120.8989898989899	61	0	0			60				120.61	
121	0	0			60				123.91	62	0	0			60				125.48	
123	0	0			60				127.74	64	0	0			60				127.17	
124	0	0			60				128.16	72	0	0			60				128.37	
125	0.06	0.423600177911955	0.11363162937966087	19.283599380140842	60	17.548953719652236	152.66666666666666	20.050725308657736	130.7340425531915	4	0.01	0.07453564294448631	0.11811023622047244		60	26.899421751968504	159		128.95959595959596	
187	0.06	0.28151435957836624	0.1017205148410822	8.196552549673617	60	20.88269464848587	232.83333333333334	15.364827566962216	193.45744680851064	5	0	0			60				191.07	
188	0.01	0.04679851367921177	0.1164021164021164		60	19.200686177248677	204		194.37373737373738	92	0	0			60				191.32	
190	0	0			60				196.92	90	0	0			60				194.18	
192	0.02	0.09499969125100259	0.11311128733809146	275.0645378800248	60	13.840770490516785	275.5	77.92316728675753	198.0408163265306	91	0	0			60				196.01	
193	0.01	0.047399654930520056	0.10309278350515463		60	18.141651900773194	210		199.5252525252525	93	0	0			60				198.41	
194	0.05	0.23131442106629524	0.10966509680795396	6.888790608876052	60	22.884334200026167	250.2	22.208218378815555	200.46315789473684	22	0	0			60				199.02	
195	0.01	0.04985889931494804	0.09644670050761421		60	9.534640704314722	232		199.4747474747475	76	0	0			60				199.96	
196	0	0			60				200.7	44	0	0			60				200.66	
198	0.01	0.043336756937127914	0.155		60	29.4045703125	345		202.72727272727272	31	0	0			60				203.02	
202	0	0			60				208.15	15	0	0			60				205.44	
218	0	0			60				227.49	11	0	0			60				222.94	
250	0	0			60				256.1	2	0.01	0.03726212789108259	0.06374501992031872		60	34.459396787848604	259		254.2828282828283	
375	0	0			60				382.11	3	0	0			60				379.31	
500	0	0			60				510.39	1	0	0			60				504.07	