index	success_ratio (division)	success_rate (division)	mean_second_ratio (division)	second_ratio_SNR (division)	probe_index (division)	mean_time (division)	mean_total_iterations (division)	total_iterations_SNR (division)	mean_total_iterations_failing (division)	order_index (division)	success_ratio (sequential)	success_rate (sequential)	mean_second_ratio (sequential)	second_ratio_SNR (sequential)	probe_index (sequential)	mean_time (sequential)	mean_total_iterations (sequential)	total_iterations_SNR (sequential)	mean_total_iterations_failing (sequential)	order_index (sequential)
0	0	0			8				17	0	0	0			8				17	
2500	0	0			8				17.006	3	0	0			8				17.024	
3750	0	0			8				17	4	0	0			8				17.006	
3828	0	0			8				17.01	14	0	0			8				17.026	
3837	0	0			8				17.004	279	0	0			8				17	
3847	0.026	4.6109101227087335	0.21091000502765206	16.060787054609307	8	14.192304746417799	20.692307692307693	21.078688373108434	17.09034907597536	151	0.048	7.8267675450511	0.3107902261781906	14.806875895788389	8	13.370757493249949	20	37.81176708023218	17.308823529411764	
3867	0.032	5.2754789145351415	0.2643489645352068	13.133319227239767	8	17.16458368486512	21.125	15.888499422243587	17.31198347107438	49	0.062	10.457428147256053	0.28866822337310694	17.6176547097146	8	13.663784813187796	19.870967741935484	51.21491718176917	17.279317697228144	
3876	0.038	6.426083133201698	0.36395814096645124	8.018165540813328	8	12.97353335861988	20.36842105263158	27.44775449518833	17.58212058212058	252	0.022	3.7022078621433	0.2840541639303249	17.824474500310792	8	11.920446116544703	23	12.436975620025128	17.231083844580777	
3886	0.064	11.213512282272909	0.3269042251071083	11.903757600518377	8	13.585049225367916	20.5625	48.341379286218476	17.485042735042736	135	0.074	12.7239588707018	0.28021838180506914	16.895850492679802	8	12.82909103626741	21	31.777050189215416	17.375809935205183	
3906	0.07	12.09565938631013	0.3492224082615502	12.1334234201823	8	12.232471983420561	21.057142857142857	55.587080756858754	17.488172043010753	9	0.026	4.253926701595312	0.3075685064849151	15.871043224921253	8	12.674732579646228	21.615384615384617	20.311778847307924	17.240246406570844	
3910	0.048	8.40277291512033	0.3200679394564843	19.537431224694803	8	12.663553124843231	20.625	22.780572639126156	17.271008403361346	281	0.042	6.917907497687451	0.3399301597069033	10.200103562165486	8	11.034748025961303	20.80952380952381	27.135530146599233	17.432150313152402	
3915	0.016	2.734668763239174	0.2642570734434125	11.334321981978077	8	14.874567903847392	22.875	10.630796911577542	17.203252032520325	274	0.046	7.5633015455505985	0.2814755612389883	23.04455490561825	8	11.299540601840945	20.043478260869566	29.9370784484343	17.341719077568133	
3925	0.042	7.343941248492137	0.30391427171612934	13.929305583000378	8	13.090907432234587	20.428571428571427	23.86318097600385	17.221294363256785	150	0.084	14.398354473696276	0.2930152177830196	23.38627473123183	8	11.772174134244509	20.857142857142858	29.733662711617107	17.2882096069869	
3945	0.038	6.4546813425765786	0.2559540944725074	20.89136435912397	8	14.746710877956646	20.789473684210527	20.37977256729505	17.28898128898129	94	0.082	13.889359395574905	0.31145677440852254	19.6486985359522	8	11.175889653893218	19.878048780487806	36.89709714629764	17.29847494553377	
3949	0.052	8.56531049251061	0.2854904276150406	14.161922714591784	8	13.71221420733442	20.192307692307693	31.304528728888435	17.491561181434598	282	0.056	9.698649116770843	0.3142844857241143	20.282646895847936	8	11.919242950743897	20.428571428571427	25.205700794464352	17.22669491525424	
3954	0.092	14.981761334043364	0.2950396188517067	28.20321594601023	8	16.613776736138863	21.52173913043478	27.824800806822196	17.444933920704845	164	0.08	14.071129559884163	0.31557032900879667	21.851377109016127	8	11.727474699789456	19.975	39.80761721670655	17.202173913043477	
3964	0.094	16.16620231818672	0.37419527908214417	18.941590659780562	8	11.252108918496244	21.25531914893617	41.580332884681255	17.375275938189844	95	0.076	12.850862360522768	0.2931463074611192	17.17751323634981	8	14.024552343877303	20.31578947368421	32.95686248688495	17.264069264069263	
3984	0.102	16.610213652803676	0.3556034252939797	20.245894233054088	8	13.1834726398416	21.607843137254903	32.57272679542361	17.425389755011135	13	0.024	4.0258999563663345	0.3437449833734663	9.621007412088614	8	11.751204051956124	21.75	15.905878200400215	17.32377049180328	
3993	0.058	10.134544819154094	0.3407439783921048	15.634377840099996	8	13.120325854619846	20.655172413793103	39.48397346727354	17.222929936305732	260	0.048	8.017638805353982	0.36007092895637777	18.242154286726045	8	11.739717096976763	21.666666666666668	22.30101647915538	17.36764705882353	
4003	0.072	10.963910461429773	0.3659668288893004	16.91205206674383	8	14.689955803458114	20.916666666666668	29.478537999453714	17.25	104	0.086	14.036691258150098	0.36138935174232895	15.909151944197761	8	14.480202274453235	20.069767441860463	36.93686408739165	17.288840262582056	
4013	0.062	9.976185878937368	0.35522457889880243	13.476316143513166	8	11.309109408980223	20.64516129032258	27.72344227832614	17.407249466950958	123	0.052	8.644191768092302	0.3001739832235188	20.236902900607852	8	12.416528592290492	21.26923076923077	27.30901825213501	17.352320675105485	
4018	0.146	24.692193207750268	0.3649032186879746	22.770187156698952	8	12.76918319047917	20.575342465753426	62.38832358258774	17.763466042154565	172	0.07	11.906381820723393	0.32519165560961233	24.468371346050805	8	12.38876215508133	19.8	41.622219718702226	17.24516129032258	
4023	0.156	27.501586629806432	0.39061139060482847	21.931860348857718	8	12.611560983950689	20.666666666666668	51.866798417605594	17.471563981042653	47	0.078	12.490792044373615	0.3754848438269441	20.3595725997853	8	13.330610406269376	21.743589743589745	32.88139299363581	17.373101952277658	
4032	0.172	28.982576753097277	0.42810925888651613	21.585869878026898	8	10.729751052701024	21.27906976744186	63.03647118380095	17.630434782608695	218	0.066	11.156186612635777	0.359565693997864	12.666609909567235	8	12.743310328226517	20.242424242424242	32.30477640363948	17.26766595289079	
4042	0.19	32.282180236302054	0.3348147076340819	27.654384367769598	8	11.843235941316843	20.28421052631579	55.011750880987975	17.528395061728396	162	0.096	15.641802717745659	0.37531440938948674	21.601439387786225	8	12.760074087343499	20.979166666666668	45.24273079419409	17.48230088495575	
4062	0.184	28.769779223003976	0.3882243437546137	21.86278723583461	8	12.554937013918789	21.5	57.07697117312614	17.764705882352942	6	0.068	11.051878819432254	0.3886151758761483	13.804056843708507	8	11.986199289046347	21.58823529411765	37.95898993509456	17.431330472103003	
4064	0.054	8.51197982347835	0.37771693088600555	12.009768560147288	8	11.593548508367734	22.074074074074073	32.710332470867435	17.492600422832982	265	0.028	4.438667131690729	0.40548675610595114	9.829728170765568	8	14.498532636738904	21.071428571428573	21.201763914360082	17.403292181069958	
4066	0.046	7.241585592366962	0.4240469032769478	13.431550039763973	8	12.8568102224839	21.17391304347826	35.182562051857275	17.49895178197065	181	0.136	22.288505031287613	0.3699730185406599	21.18708941098168	8	13.5073223965571	20.08823529411765	55.52946957989666	17.412037037037038	
4071	0.088	13.428963833329183	0.3846869717399903	12.906717630923824	8	15.63179823187125	20.227272727272727	53.35654754561644	17.37719298245614	120	0.092	13.881763587535627	0.3209646692391679	23.890000068065877	8	14.103379118619227	20.304347826086957	43.08451618216761	17.526431718061673	
4081	0.09	14.942223402852276	0.4436552074548292	15.804359705162987	8	13.300491730913041	21.644444444444446	43.54556048115536	17.45274725274725	100	0.122	18.948218556846665	0.3673855647051352	18.127265536418786	8	12.653976408444313	21.16393442622951	60.6501492151988	17.53986332574032	
4091	0.09	14.35818895378647	0.43737905931363374	13.789001252434604	8	13.34193730850749	21.11111111111111	38.42307784206809	17.454945054945053	200	0.104	16.845378859077993	0.4236151534672532	17.794512577250774	8	12.863848927731532	21.76923076923077	46.210271780828776	17.600446428571427	
4101	0.128	20.08977618732571	0.4149246270732547	22.935881284284832	8	12.757733987160805	21.453125	54.02474574609626	17.41743119266055	61	0.096	15.037593985052348	0.362044486176162	21.97133415561796	8	13.027127027654535	20.958333333333332	40.76422270266178	17.42920353982301	
4110	0.1	16.50600818703487	0.4510425919969262	15.199837656166356	8	12.771471027149397	20.98	40.41626124379297	17.513333333333332	153	0.124	19.857792582259044	0.43142443130124053	17.287996474080312	8	11.815433625403806	21.306451612903224	44.288874744078726	17.63013698630137	
4115	0.166	25.48670392439038	0.4467400008738737	29.309772923030817	8	12.967384829317837	21.987951807228917	54.737652858122196	17.48201438848921	179	0.138	21.08028840281206	0.4089685450030045	21.067483669121334	8	14.099591276124698	21.884057971014492	44.484392551567346	17.50812064965197	
4120	0.192	30.586885872910354	0.42265765107411307	29.652328878050902	8	12.191625126977334	21.666666666666668	60.55667976155083	17.646039603960396	62	0.132	19.710906701778725	0.3419208113867556	31.804665609841276	8	17.234116500343156	20.78787878787879	50.888498924856144	17.380184331797235	
4122	0.21	31.915863704030976	0.3969530893850165	28.13824434476552	8	13.614856376181317	21.266666666666666	65.03597958937651	17.670886075949365	270	0.174	26.57705819474606	0.4655908313366732	22.50011529129218	8	14.51884656562923	21.977011494252874	53.674041244625634	17.619854721549636	
4125	0.084	12.355121491941182	0.4045504049573046	18.9491740003079	8	15.309992336618492	21.61904761904762	39.48627661816238	17.556768558951966	199	0.336	51.87266495790193	0.42279813766116564	40.93040977746694	8	13.175400947699416	20.857142857142858	77.79658240719887	17.903614457831324	
4130	0.114	16.875888204606987	0.4195275631352419	17.755654090812413	8	14.585977733794246	23	31.02038847532527	17.598194130925506	185	0.364	56.74554921620478	0.42166792558719585	39.10282982885211	8	12.458762781468025	20.96153846153846	88.38341649669981	17.669811320754718	
4135	0.144	20.973520929916283	0.41683699618426134	26.8680283150735	8	14.943430896612284	21.930555555555557	52.95257838615503	17.577102803738317	186	0.346	50.69448514313548	0.3972167571370681	35.22757907057214	8	15.738557150842258	20.23699421965318	84.83906142836194	17.712538226299696	
4140	0.232	32.853744193878455	0.3636648679022837	33.115772325269894	8	18.159496357185176	20.78448275862069	58.885664361236365	17.765625	10	0.394	57.82722282573957	0.3681535525020774	42.97183530622481	8	16.535472868610967	20.071065989847718	96.35140435498708	17.706270627062707	
4179	0.24	30.57870193399912	0.355978929904904	31.857395686001674	8	19.285897498747236	21	60.82470831972886	17.74736842105263	15	0.364	48.49970686981205	0.39605915013266507	41.39891085542118	8	18.049944670953124	20.214285714285715	91.91180097800252	17.58805031446541	
4198	0.258	31.87231308980309	0.3944233377144002	34.38441665571917	8	20.252342402687137	20.837209302325583	73.25652670037229	17.67654986522911	54	0.362	46.06418446046692	0.3439164662069748	38.57395659580864	8	20.73114266521437	20.558011049723756	84.30497700968155	17.70219435736677	
4203	0.19	23.538739810273224	0.3734977815929775	30.313895806311294	8	20.521668288316622	21.157894736842106	52.766656149958344	17.669135802469135	140	0.436	55.777300174188255	0.3740561010644789	45.59138229140561	8	21.421912486108454	19.857798165137616	96.24492922328005	17.592198581560282	
4208	0.118	13.259022877426311	0.3891182743456584	18.72294828457798	8	23.394760581174527	21.779661016949152	44.43620810910749	17.396825396825395	106	0.352	43.650793650723074	0.37470430044744546	41.68938128159971	8	20.320988352880956	20.244318181818183	93.0214676337563	17.700617283950617	
4210	0.2	25.064541193538638	0.3510884217261927	30.630968955782055	8	22.07523370568697	20.27	64.98015980900584	17.5925	271	0.424	53.07430402568972	0.3617767923117684	52.67323713595131	8	19.208277686983656	20.245283018867923	95.72908936435918	17.899305555555557	
4213	0.226	26.01768281449679	0.33837394804099374	37.718313182824794	8	23.798703628662683	19.946902654867255	66.2926273114773	17.7312661498708	107	0.49	60.021068619722605	0.34767449837077685	59.766986324599195	8	21.53632220837504	19.583673469387755	101.93330730581704	17.71372549019608	
4215	0.254	29.96130980471897	0.34165144463893876	31.84661423020904	8	24.622419348344536	20.653543307086615	74.6656078846976	17.501340482573728	216	0.428	52.04786457821803	0.36270861445281294	44.53321560375633	8	20.819036529877113	20.182242990654206	97.50186198171657	17.713286713286713	
4218	0.362	42.13221601487703	0.31642770557340455	54.37573755635097	8	22.76403886533667	20.34806629834254	85.36115512205811	17.5423197492163	7	0.598	74.9373433585709	0.32915809193481316	80.27309726871287	8	22.505831917229568	19.217391304347824	142.42072894682946	17.502487562189053	
4222	0.284	31.58644007477672	0.3317075128972832	37.05609784659887	8	23.344756361070242	21.239436619718308	59.75365337808064	17.70391061452514	165	0.66	86.5278724630798	0.34941351394172854	67.37770224668424	8	20.294865238955058	18.984848484848484	161.7615297037594	17.81764705882353	
4227	0.244	29.656278866313457	0.3416495752875365	36.972814700357276	8	23.23368653737134	20.852459016393443	63.97781163193994	17.5	103	0.396	48.17635465570932	0.33095234402697565	46.441270240637806	8	22.76995595556249	19.484848484848484	111.01885026544134	17.62251655629139	
4237	0.242	25.970123626403737	0.3142809394533288	39.77969509932121	8	23.507537472826318	20.512396694214875	64.90576440643756	17.62796833773087	101	0.5	58.56446776624407	0.3038867829886273	65.16143805886887	8	25.425513970649764	19.68	102.66193724818653	17.624	
4242	0.262	30.43114662713753	0.33104713664322954	40.78609291405428	8	24.6421219390659	19.893129770992367	75.78373573363154	17.585365853658537	141	0.404	45.295542201074404	0.3438312849631168	41.75692573914895	8	25.27794113280627	19.89108910891089	81.65182511895043	17.751677852348994	
4244	0.42	45.83851745147115	0.30042636909178283	55.968070195889396	8	24.94128131311932	19.88095238095238	81.89873454109959	17.627586206896552	261	0.546	61.4892562729044	0.3077323731225171	66.63014309606588	8	24.38963379635342	19.036630036630036	113.2181772262011	17.876651982378856	
4247	0.376	39.81110899330422	0.299898160085236	50.571260535460794	8	28.4555115386362	19.611702127659573	94.41957338729749	17.775641025641026	102	0.496	53.920076531646195	0.2932447536089365	68.12525624923406	8	27.157510875258883	19.47983870967742	97.05105848620158	17.785714285714285	
4257	0.418	46.09107950150892	0.318749985602312	49.58265259368968	8	24.707071765913533	20.29665071770335	84.47449507845127	17.711340206185568	12	0.492	57.27056851511974	0.3123116535496206	64.45860419688489	8	25.8064184651162	19.39430894308943	102.84109116712094	17.633858267716537	
4261	0.43	49.01290293167787	0.32692918677386373	47.183548840685056	8	24.39199268210492	19.609302325581396	91.67799382508547	17.733333333333334	217	0.506	57.390436439331765	0.32912518273694974	56.53512867605096	8	23.821550441823383	19.794466403162055	94.14537273218323	17.53846153846154	
4266	0.344	36.560739717349854	0.2987592813543204	50.08099163962153	8	26.61826484004199	19.901162790697676	77.84090686228181	17.6890243902439	79	0.4	43.02648280015661	0.29448620632463507	54.23315411903237	8	27.397287783222687	19.48	97.58870130703951	17.99	
4267	0.358	37.655671490878674	0.27381266015253414	58.408308445694445	8	26.64083064528742	19.793296089385475	75.88903401262968	17.53271028037383	258	0.364	36.08032829127679	0.2857460217224873	55.25058006409774	8	29.831635767232665	19.587912087912088	79.87728819420849	17.855345911949687	
4268	0.63	69.44138265505083	0.2927770913160856	69.68938498749363	8	25.836484488077964	19.19047619047619	112.42942284109466	17.556756756756755	249	0.436	45.70422239945344	0.288454868941349	62.00213002928124	8	27.319125764681615	19.577981651376145	92.3313834788033	17.634751773049647	
4271	0.496	54.680954270575945	0.3168309757816835	60.66614611894285	8	26.94213486331082	19.387096774193548	100.04893612566124	17.9484126984127	247	0.454	49.126755686373315	0.3093343106054334	64.4752426269049	8	24.439732331937	19.784140969162994	88.95546040015918	17.655677655677657	
4273	0.506	56.54768556777824	0.30790811214901675	60.34519977823314	8	25.733021653352274	19.387351778656125	115.5394973604884	17.51417004048583	248	0.344	36.72859278248296	0.3028746179371225	55.2099159647177	8	25.383362240248616	19.75	82.68612575201306	17.524390243902438	
4274	0.502	55.18060105103385	0.3240828182496491	61.82075358645029	8	25.24367172927025	19.637450199203187	102.45623906864525	17.73895582329317	250	0.348	37.31423302090999	0.31057597793508074	53.63318453427186	8	27.277284262979023	19.971264367816094	81.28115269919563	17.475460122699385	
4276	0.282	30.252317198683762	0.2955488080512781	51.12418223642183	8	26.421415062356367	20.05673758865248	76.26603744609113	17.651810584958216	37	0.358	39.1856392291784	0.29391888432330693	57.02982568561219	8	24.85887869548158	19.625698324022345	83.74912106586154	17.741433021806852	
4277	0.516	56.07842284857547	0.3111846196805514	60.26720025297619	8	26.13497721173736	19.232558139534884	116.05022004813966	17.549586776859503	256	0.498	51.91501782606415	0.29522407989900223	65.0574175952385	8	27.03605882892245	19.61847389558233	93.37950756123648	17.756972111553786	
4278	0.572	61.57290792071682	0.28381316065586115	77.55475813044899	8	25.626691808017068	19.13986013986014	126.94630552878589	17.85514018691589	127	0.438	46.03645077895211	0.282823179493946	63.40717579650066	8	28.086534053558015	19.12785388127854	109.56591474870336	17.90035587188612	
4281	0.606	64.72561040741311	0.2956773251917786	68.24469947676421	8	26.750138218638316	19.402640264026402	106.6107968681425	17.624365482233504	125	0.458	47.17661358442335	0.30283331319038476	60.047545413805274	8	27.49780064904386	19.75109170305677	92.9184171155445	17.80811808118081	
4283	0.404	43.78359632407896	0.2998502003987015	57.91096474977617	8	25.594189008321287	19.336633663366335	94.17935597899232	17.674496644295303	187	0.384	38.994272716277415	0.28848806402199867	57.46036684930947	8	28.459467961910914	19.859375	75.48328370555468	17.704545454545453	
4286	0.446	45.30310417672874	0.28413175153081993	58.14806915947265	8	30.710254658649543	19.654708520179373	88.50739977469932	17.80505415162455	44	0.366	36.04277864215998	0.3006301514225435	48.50906743505888	8	30.058085362972246	19.721311475409838	90.5625300675594	17.870662460567825	
4287	0.648	68.4381732921239	0.27849812250002903	85.20311954957424	8	28.16845385565072	18.771604938271604	138.26209506633833	18.125	266	0.402	37.62706153241749	0.26933037224555634	65.51091132425589	8	29.758261641215196	19.950248756218905	82.84778268142529	18.016722408026755	
4288	0.72	73.91286494485051	0.24670964571538612	87.0421795358841	8	29.366847438528456	18.483333333333334	147.7883675202146	18.05	171	0.672	65.90044325896572	0.256350398103563	90.21274807485412	8	30.076910069318025	18.87797619047619	141.34111964342597	18.085365853658537	
4291	0.64	67.76645983800657	0.24981497301180938	83.05609861977136	8	28.698540536014256	18.746875	137.54081225705326	17.85	111	0.648	62.86135578763577	0.25222728417602863	86.14741745070636	8	31.29381772465005	19.098765432098766	116.6054419798605	17.982954545454547	
4296	0.648	68.91124486922939	0.2784989510737704	80.96700771622577	8	27.424624759150696	18.86111111111111	112.7256123486025	17.869318181818183	8	0.41	39.678699312718344	0.2785576730609956	65.54162044182087	8	30.603891509281244	19.429268292682927	95.0678545429549	17.915254237288135	
4298	0.456	47.82681657994252	0.31076683221409884	61.0644771728314	8	26.841635369708197	19.280701754385966	106.46352297650822	17.808823529411764	280	0.386	38.77838055042723	0.28548792164807024	60.3346191507152	8	26.49498785311359	19.78238341968912	81.78409554586297	17.86970684039088	
4300	0.526	53.74915697629741	0.27167754171206243	76.07787238159534	8	29.65705063980704	18.874524714828897	119.06948531687036	17.76793248945148	178	0.484	48.51838485903073	0.27829013404583347	67.29511337137545	8	29.9186590497433	18.929752066115704	120.1457980484468	17.6937984496124	
4305	0.544	57.64421650462701	0.2639237154485117	89.56482416983734	8	29.118322902799285	18.852941176470587	119.29845206898811	17.56140350877193	155	0.398	37.607483700330285	0.2792771620040706	57.74726041587866	8	28.479794315361495	19.55778894472362	94.72958167929126	17.87043189368771	
4315	0.588	57.074079826137854	0.2494902879332966	90.07450524666461	8	29.713743661950087	18.948979591836736	139.57832967395058	18.155339805825243	36	0.636	62.41903191600844	0.2610323320637883	73.88818793400017	8	31.397960541829317	18.61006289308176	147.22513422476004	18.406593406593405	
4320	0.596	54.29237720428141	0.2538846138151101	86.18136416375309	8	30.012835705675528	19.026845637583893	137.96059542298684	18.217821782178216	66	0.624	60.451057893486414	0.25656236163537005	78.23148937543066	8	29.458394139486654	18.871794871794872	127.86584168373363	17.877659574468087	
4321	0.966	97.5757575755281	0.2170663714252547	115.7245051630902	8	30.345339221651972	17.72463768115942	395.5996785424516	17.823529411764707	202	0.986	102.65272977147139	0.22231101258695007	107.6441166696352	8	31.397453433138764	17.557809330628803	441.0570355359674	18.285714285714285	
4322	0.972	102.52299383997278	0.2167130018926928	117.14727630961183	8	28.743513528711503	17.656378600823047	432.72659433262584	18	128	0.978	102.78939734728911	0.22515921304122388	100.8554350368307	8	31.858068425582346	17.562372188139058	470.1177983982249	17.363636363636363	
4325	0.918	97.39433033423424	0.21532298583862725	110.65822987426532	8	29.23471461598054	17.690631808278866	326.43287577012	17.878048780487806	48	0.882	88.10484676558916	0.22256836618502315	97.78798183535562	8	30.69393393936594	17.98185941043084	270.7666944647218	18.033898305084747	
4335	0.884	89.36514354988518	0.21373849633781947	98.5096164266489	8	29.172519695163086	17.93891402714932	263.50438268099026	18.017241379310345	11	0.91	92.44585314295259	0.2144217367212636	100.41876100397829	8	31.64267653960972	17.824175824175825	274.99379713385576	18.177777777777777	
4345	0.876	84.59354539660163	0.21887404398139568	104.85474595453273	8	31.402890982703738	18.228310502283104	265.35345398035867	17.677419354838708	119	0.908	93.4983627486527	0.22094236883766813	107.60637734370631	8	28.700502617336834	17.93612334801762	264.2877120616168	17.804347826086957	
4350	0.944	95.33427590383988	0.21169163379743802	112.89014046855918	8	31.38708584988364	17.675847457627118	361.83224915065324	18.5	169	0.95	99.84445285235145	0.22508699509351285	100.00333405875901	8	29.823530997377002	17.618947368421054	403.66534116025844	17.92	
4355	0.976	96.6681193298502	0.21248444787031873	109.2923064823666	8	32.16904642529896	17.62295081967213	412.62241146115764	18.416666666666668	56	0.954	94.31164363239087	0.21112796841860076	119.66524116093831	8	33.61417825764311	17.748427672955973	342.11262129353867	17.608695652173914	
4375	0.978	99.35389491685963	0.21978645438730135	108.20198564059702	8	32.36234505669714	17.66871165644172	409.9688646526698	17.545454545454547	5	0.934	95.80273253227345	0.21553582175196995	111.78450762052711	8	30.20484059391042	17.663811563169165	446.2635654920856	17.757575757575758	
4531	0.98	103.134011070618	0.22297142541226989	108.68878989563937	8	30.352218316602972	17.5	554.1185844748192	18	58	0.918	89.81157180051312	0.21681539488860563	105.82857267951196	8	31.7645235767512	17.799564270152505	303.0662673465875	17.73170731707317	
4570	0.97	104.66119982756805	0.2248047904276557	104.07533198808228	8	29.473515678888074	17.696907216494846	408.12830505879515	18.066666666666666	286	0.972	94.92002109333629	0.21331934694316693	122.15930234539111	8	30.525653555509702	17.905349794238685	341.2366534725934	17.857142857142858	
4579	0.976	105.12936513093402	0.2279699016506228	107.44209365412513	8	30.620564682959486	17.62295081967213	419.4653320755949	18.166666666666668	289	0.958	99.18210994882543	0.22558431056559863	102.33007461307565	8	30.328126397180228	17.63883089770355	416.13258648767345	18.047619047619047	
4589	0.938	95.56800815076694	0.21852869846550832	106.72024587605742	8	33.172789185350425	17.601279317697227	331.2390815156337	17.741935483870968	287	0.938	94.61176897783689	0.22011647680805732	103.93789569184787	8	29.696050035211112	17.767590618336886	339.562076326445	17.774193548387096	
4599	0.94	98.21335283673241	0.2174128753778481	109.40176177840381	8	30.0717374614261	17.670212765957448	333.93775316829976	17.833333333333332	288	0.924	92.009878116999	0.2180388370127425	111.11136474993849	8	30.699558613193076	17.772727272727273	356.18136813662665	18.026315789473685	
4609	0.986	103.75015783496536	0.2157716109467877	114.96774344333991	8	31.54284556754226	17.539553752535497	496.17655820518786	17.571428571428573	130	0.972	99.95886466487626	0.21728925921679043	119.99090746588546	8	30.385256440968018	17.650205761316872	412.5601632001448	18.142857142857142	
4687	0.99	103.19379586367285	0.21455464517900016	116.00007699513026	8	30.81237505532406	17.488888888888887	538.1970600402504	18	57	0.944	96.20088048249522	0.2211434175960007	103.07041403895576	8	30.24997495878459	17.76906779661017	358.22631963598394	17.892857142857142	
4696	0.968	96.32607570743687	0.21217096378931424	118.65770826842899	8	31.920861145959496	17.640495867768596	442.0892070190041	17.875	207	0.966	98.30060038620529	0.21880244088482054	101.99563625566064	8	30.857636796216717	17.74120082815735	359.2299717151696	17.647058823529413	
4706	0.952	96.06652001083503	0.21403272093150968	109.66241238809766	8	30.15908054170376	17.58613445378151	418.9986732646477	18.375	206	0.944	96.26759127082434	0.21905076983960392	117.12778664731708	8	30.21290610504695	17.673728813559322	388.2274360259763	18.178571428571427	
4726	0.972	98.73433151216244	0.22528945391599697	101.74121457671123	8	33.24120279638347	17.738683127572017	380.28356893521254	18.071428571428573	117	0.98	100.5169442844895	0.22078765716813056	117.14464789238176	8	28.59928904291977	17.587755102040816	481.7371745869518	18.3	
4765	0.966	98.78512700974255	0.22391896372075387	98.8080268528223	8	31.590155057800047	17.598343685300208	440.9321875351383	17.941176470588236	113	0.958	95.04156828502092	0.21897118789646755	113.49730916919378	8	30.944582138443348	17.68893528183716	388.09873412640997	18.142857142857142	
4804	0.96	95.6175298801233	0.22491527276115117	103.59363031856884	8	30.131391532734035	17.702083333333334	420.61442021305487	17.55	189	0.984	101.81908486994018	0.21691635308380924	101.04992616716649	8	31.227949580303264	17.510162601626018	553.8713977710765	18.25	
4843	0.956	99.85377062855318	0.21996235640993533	103.49928284503417	8	30.791859466542952	17.705020920502093	380.97259338575833	17.545454545454547	112	0.972	100.82987551852608	0.2214954130161195	112.60941739544104	8	27.672034495489715	17.652263374485596	440.21284388822613	18.357142857142858	
4862	0.958	94.16343942292774	0.22100395848190213	104.6808092209405	8	30.819280130942936	17.711899791231733	448.5598300328146	17.61904761904762	196	0.962	98.50905218333236	0.2247980446509857	104.22860739423139	8	30.92347741184938	17.66735966735967	400.31081894414854	18.31578947368421	
4882	0.976	100.23415355510421	0.22400789748600042	106.89479814257847	8	31.458677884047773	17.65983606557377	395.22153605207274	18.25	115	0.952	94.8263840467727	0.22657327249785378	102.16888825695081	8	30.54209390376215	17.69747899159664	349.523992093613	17.75	
4921	0.988	102.38554166911115	0.22589673432410118	109.66591904398236	8	31.565593724332956	17.63157894736842	453.7704770132218	17.833333333333332	114	0.948	94.88919584391122	0.22591993604014995	100.30579533367838	8	31.476736621148856	17.706751054852322	411.50474383499125	18.076923076923077	
5000	0.984	97.06056421351006	0.21724888375689727	100.91251930555546	8	32.46214627853163	17.648373983739837	413.9668028556431	17.875	2	0.978	100.70846033425443	0.23019396902376618	97.43547190466128	8	30.034583521558904	17.57873210633947	425.1022977299524	17.545454545454547	
5039	0.99	107.78912527448388	0.23673171341901975	93.21601650841033	8	29.66383641057766	17.53939393939394	427.39577723838255	18	290	0.966	97.69022288746137	0.23313914047693815	94.21258664616461	8	32.902912058503496	17.70807453416149	414.5893796442185	17.58823529411765	
5078	0.978	101.72030037681026	0.22626390849813877	103.80524984320208	8	30.8918286611657	17.59918200408998	421.3648661593312	17.363636363636363	68	0.972	96.63949095229219	0.2200001751837837	101.54689467482487	8	31.589624304385445	17.598765432098766	473.6343265857824	17.571428571428573	
5087	0.942	93.28210409554003	0.22419112260690022	99.29320817533417	8	30.733892631844604	17.740976645435243	412.6035563465455	17.93103448275862	198	0.94	89.40120216047468	0.21812516925396505	102.5008282889064	8	32.46169558636549	17.780851063829786	358.0589002426528	18.233333333333334	
5097	0.922	90.69447176840377	0.2234357919062894	106.44235350619067	8	30.581587414674605	17.80477223427332	335.9263541828533	17.897435897435898	197	0.884	82.23561806920961	0.21317551292168826	123.14000847291344	8	33.056131811444665	17.84841628959276	286.87044740532997	17.75862068965517	
5107	0.954	96.30138092511015	0.21604172030355415	113.60956955638261	8	29.614967015962282	17.62683438155136	448.75587717815	17.956521739130434	205	0.932	88.00090644754381	0.21386503607541937	113.00694281162828	8	33.360633808297266	17.69527896995708	375.28389598515287	17.88235294117647	
5117	0.958	98.52926051632042	0.22982714676904695	96.14354488227299	8	29.902295797023744	17.626304801670145	396.2486611210352	18.095238095238095	157	0.974	94.84672613215406	0.2161634823964528	116.41144660282495	8	33.03858643139456	17.62422997946612	430.2991656277728	17.46153846153846	
5156	0.964	100.1183972748233	0.21788410100220404	111.97154676208345	8	29.73218591812776	17.734439834024897	352.3795271571748	17.666666666666668	43	0.932	83.8747997623142	0.21558772594196934	111.35723345738622	8	34.23905124430948	17.832618025751074	274.1389558903716	17.852941176470587	
5175	0.968	96.66853079805972	0.2288494109402497	103.04247148886408	8	30.622202026154454	17.72107438016529	383.8029275136391	17.9375	192	0.962	92.98998569401411	0.21813901601053298	115.02523208956123	8	31.851247508383363	17.64033264033264	407.0199037710212	18.05263157894737	
5195	0.988	100.17033011576726	0.22464138187415028	104.50724039008797	8	30.600604900582987	17.619433198380566	447.6960028876838	17.166666666666668	190	0.952	92.77486502800465	0.2172981292620246	114.28382483150939	8	32.55649369162978	17.600840336134453	403.0994177809838	18	
5214	0.97	95.0253727544042	0.22427714475191413	104.48731344727842	8	30.47865546351082	17.742268041237114	367.23730814871317	18.466666666666665	191	0.968	92.80742459394514	0.216433855512627	107.60752499498349	8	32.57759178538662	17.65289256198347	390.9334629070361	18	
5234	0.954	98.90109890101773	0.22031411924805214	104.97818022841967	8	30.550066277051034	17.58071278825996	440.967121304399	17.73913043478261	173	0.902	82.23024468473993	0.21323526551477168	110.0979861695735	8	34.88858973558643	17.944567627494457	303.13380184499397	18.081632653061224	
5312	0.958	96.26592708737995	0.2191003933346404	112.62017610090585	8	32.13916834036544	17.657620041753653	404.28878567441524	17.61904761904762	23	0.92	83.48911918986734	0.21582102234486467	111.99566563645098	8	32.744758334630326	17.919565217391305	285.4925971263408	17.8	
5351	0.958	96.8478942155767	0.22955099741247986	99.67239105474782	8	28.82838278936186	17.63465553235908	417.7949116206796	18.142857142857142	230	0.926	89.34946641150188	0.2155842548076029	111.58004374361143	8	31.35750328441216	17.76025917926566	338.26657614680613	17.54054054054054	
5370	0.974	96.6538324137684	0.2215048873038174	108.94041762090245	8	30.47414091052387	17.792607802874745	391.4192758125902	18.153846153846153	232	0.916	85.98355423721924	0.2128913505186031	107.49108685630932	8	32.092113574558184	17.792576419213972	309.7080911030225	17.714285714285715	
5390	0.976	98.59183384798831	0.2226277759450054	107.2160415118769	8	30.404772648873784	17.68032786885246	405.8352280955596	17.583333333333332	228	0.894	85.77185071468494	0.22661748242607194	97.92275220039114	8	31.54299564297206	17.917225950783	294.1683063547357	17.90566037735849	
5409	0.966	94.66875734980823	0.2250081637028061	104.31798790649118	8	31.448798333911363	17.687370600414077	404.68779736026556	18.470588235294116	231	0.948	92.69943089594874	0.224824227566517	95.19894746022146	8	31.946330735142627	17.706751054852322	370.7775697839313	17.692307692307693	
5429	0.952	91.12140587299652	0.2188606608794187	120.4681647663406	8	29.913398203023153	17.817226890756302	342.35606512250894	17.75	229	0.906	86.04805774543479	0.22997786310992385	87.51091579806383	8	32.07941847471508	17.984547461368653	261.968574992254	18.25531914893617	
5468	0.954	93.47992239423655	0.21508914721135075	113.43640626120953	8	30.484993634169136	17.80503144654088	332.2027803879755	17.91304347826087	80	0.894	90.69144619337044	0.22880535412092537	94.07035672083624	8	31.621031215471636	17.76510067114094	398.9969305682198	17.9811320754717	
5487	0.972	99.09873169956298	0.23314801173322747	86.36995905775557	8	29.531653164266476	17.781893004115226	383.0600592067778	17.857142857142858	225	0.944	93.28063241111012	0.22476034979855763	97.31113986943203	8	32.06361043793192	17.834745762711865	379.8258195264488	18.107142857142858	
5507	0.978	101.47333471637361	0.22956745159944641	104.75841876069963	8	29.050402773062313	17.613496932515336	467.5613386941663	17.363636363636363	224	0.936	87.18980549970095	0.21073644445032466	116.6139084146257	8	31.442418186148604	17.85683760683761	300.24744938616135	18.15625	
5546	0.968	99.09909909869282	0.23742374668440658	91.50773694325062	8	30.55813963748492	17.708677685950413	369.4722640898481	17.5	222	0.926	88.37733111918462	0.2139838038963074	104.44047772865108	8	31.315348423345178	17.822894168466522	345.04996435071354	17.83783783783784	
5585	0.97	97.71330714246304	0.2255405544384511	102.71685959091856	8	29.908732769938105	17.69278350515464	430.74422400190764	18.533333333333335	223	0.912	88.48355486586917	0.22522273067429477	101.8020226432434	8	31.13643399367743	17.86842105263158	297.6442674187896	18.568181818181817	
5605	0.984	100.66290203747238	0.22487131566362084	99.88058748776096	8	29.04448668223852	17.59349593495935	470.7741449570914	18.125	226	0.916	88.14133405170914	0.21315422380551088	114.00754837628186	8	31.686441641920727	17.78165938864629	287.9961553466257	17.80952380952381	
5615	0.954	98.89084689543654	0.22862693276950333	100.91739399635489	8	29.913692537355264	17.67924528301887	438.7239094705978	17.52173913043478	227	0.978	102.3505033801589	0.2123869698203967	120.66799850072626	8	32.137192313664166	17.468302658486706	484.3494151285433	17.818181818181817	
5625	0.95	94.0687196747903	0.22170097586587714	108.13809393447163	8	30.144481089486813	17.75578947368421	350.77685853860805	17.72	22	0.996	107.87393046671681	0.21814329903031465	107.11534875395695	8	29.158934873723712	17.417670682730925	610.3992301899046	17	
5781	0.952	95.0972949215883	0.222333849690547	112.31600264350273	8	30.727262221726292	17.65546218487395	401.8654928054631	18.083333333333332	32	0.902	97.78413772162652	0.22257258144313402	107.29544286959285	8	29.58974740650378	17.747228381374722	335.92947317200384	17.612244897959183	
5790	0.942	93.46350756080126	0.2225689583018366	93.80265648223249	8	30.639398140530744	17.685774946921445	375.70585120650975	18	180	0.986	107.61137668300816	0.2253711925679847	108.17800138773711	8	30.69892853257656	17.539553752535497	501.172107210109	18.142857142857142	
5795	0.978	98.58274701114824	0.22872792948126783	109.76110681069868	8	30.921956893213075	17.65644171779141	452.68854372408333	17.454545454545453	263	0.99	110.56017153593194	0.2531892168527873	91.24636883319714	8	29.052324905191327	17.7010101010101	439.5566088635312	18.2	
5800	0.998	105.4700710183658	0.21991613085131387	105.8211289044627	8	28.67696518808924	17.49699398797595	548.0889888244309	18	134	0.992	107.74878891190312	0.22281923256710723	107.03399049226631	8	29.75147346345803	17.538306451612904	539.1565625914467	17.25	
5820	0.99	104.77964523100673	0.22057046210296957	114.58381713192384	8	30.48526945582415	17.614141414141415	447.96537163608946	18.2	133	0.984	104.8347574097239	0.22312063536012033	105.7442105640539	8	30.021306330505247	17.630081300813007	459.6429919176959	17.5	
5839	0.978	97.21863257730271	0.2109526630944417	120.61132847387363	8	31.919136074697715	17.623721881390594	423.3173919393137	17.636363636363637	208	0.98	104.08700824211832	0.22732091959590844	99.15277265571207	8	30.262487680242074	17.624489795918368	397.15336290092904	17.4	
5859	0.972	104.37471812377899	0.22110918585902328	104.40528919928329	8	29.69314654578054	17.497942386831276	555.3761070253952	17.642857142857142	45	0.97	102.32499261550002	0.22092123248286466	99.84440358048356	8	30.04909618673161	17.668041237113403	372.30600632307676	18.266666666666666	
5868	0.968	100.17800223547056	0.23155543716689225	97.01327844888097	8	29.567755213016593	17.81198347107438	378.0423408431986	17.5625	259	0.942	92.37829992551445	0.2140223430229544	110.80207730570638	8	31.483817418108508	17.634819532908704	409.738642112308	18.310344827586206	
5878	0.942	96.2757041821272	0.21543777118997487	107.24853142716034	8	30.19408225108403	17.562632696390658	415.9040971249883	17.862068965517242	209	0.992	109.37637823071735	0.2234862040458514	106.48283635012277	8	30.088290638023427	17.461693548387096	645.5577724307095	17	
5888	0.95	94.84824281147073	0.21397457136132386	122.57105784500055	8	31.15062980139251	17.757894736842104	341.0396551063771	17.6	210	0.99	109.83159155942363	0.23467050101982997	94.31734371182407	8	28.669543250813035	17.52929292929293	516.2820059137149	18.6	
5898	0.99	104.97741395009241	0.21781097003749206	112.52550857407735	8	29.944731834844188	17.511111111111113	538.8809190746092	17.8	52	0.988	107.0051553089055	0.22644685138065443	98.61996953023096	8	29.70324935980345	17.510121457489877	560.2095992368812	17.333333333333332	
5907	0.97	95.2268755767938	0.21457862110298986	113.69875941220788	8	32.1325844324012	17.556701030927837	473.77158282517445	17.933333333333334	129	0.976	102.36616882022787	0.21825068411747764	110.80498774085018	8	29.92947087477669	17.577868852459016	482.2937719586801	18.083333333333332	
5912	0.972	103.09497040766344	0.22188466607493484	109.84823110273457	8	30.951248472284597	17.621399176954732	434.80919967716227	18.214285714285715	219	0.954	99.10864551538603	0.23659060943145863	84.06244357651995	8	30.396831285212333	17.538784067085953	519.2169544410355	17.869565217391305	
5917	0.906	83.28277535670534	0.21737709122609578	110.49726680997567	8	31.57089172696114	18.02869757174393	258.3882027455549	18.06382978723404	67	0.968	95.62571620488995	0.21637431342698027	121.69705308268631	8	32.78298422043668	17.520661157024794	503.22591191542693	17.9375	
5937	0.906	86.53956367255081	0.21858084428922817	109.02602216585984	8	30.189650384883695	17.763796909492275	344.33730511640715	17.893617021276597	30	0.978	96.0461964527671	0.21757739762212794	112.42439912799857	8	32.87017738427049	17.570552147239265	461.0868330289051	17.727272727272727	
5946	0.936	93.69932128091206	0.2157702524704587	111.26427406512914	8	30.840547833476563	17.694444444444443	369.8031557998922	17.53125	124	0.96	95.8619587794968	0.21940612100103174	104.79425156035502	8	31.54012699483691	17.610416666666666	419.59951043548983	17.8	
5951	0.978	102.9668779350624	0.21891204890810748	99.3786416669453	8	30.16198950507772	17.619631901840492	411.19798935069207	17.454545454545453	257	0.964	104.18467923204575	0.22667063476770202	106.66352486384235	8	30.674772145034716	17.641078838174273	413.5969516734826	17.944444444444443	
5956	0.994	105.61434825118218	0.23903416568010943	93.98917997384949	8	28.98071895560021	17.557344064386317	507.35571577903517	17.333333333333332	69	0.954	93.61568504333046	0.22402031999676913	102.79087151859495	8	34.67863257454266	17.62264150943396	413.227843804143	18.304347826086957	
5976	0.986	101.73758718869469	0.22135948165964375	111.43089564992219	8	29.81017861685326	17.592292089249494	487.6377273764658	17.857142857142858	51	0.956	91.58842690150101	0.21964820704028493	108.88616915442407	8	33.141423171134875	17.686192468619247	394.66482981109795	18.045454545454547	
6015	0.974	102.38405583772064	0.2366595213322185	89.38566547961666	8	29.178296305488708	17.743326488706366	412.5460493687395	17.76923076923077	33	0.958	90.51056271450572	0.21871512898460474	110.73693229476295	8	32.35925315525126	17.684759916492695	345.8556788897639	18.095238095238095	
6054	0.982	103.67398648638965	0.2233981270716024	108.99580292272621	8	29.95138622795677	17.5152749490835	525.5984843198887	17.555555555555557	291	0.952	93.06508690626286	0.22831005467202337	99.30488800198745	8	30.63905492658554	17.67436974789916	367.9728575299999	17.666666666666668	
6063	0.956	100.7970983936022	0.21811562422677497	101.04036195347392	8	29.288017781706067	17.700836820083683	349.32051494727375	18	293	0.956	93.59519100817602	0.2233550562557843	107.61727279358742	8	32.934971235940125	17.719665271966527	332.954036012894	17.863636363636363	
6073	0.942	99.50774301243038	0.2188746853082498	111.71814322571073	8	29.571684737363405	17.64755838641189	353.19277982251685	17.93103448275862	292	0.956	89.45949992508861	0.21238209278426193	116.5770788991505	8	31.803300724548713	17.709205020920503	361.9818550044724	18.045454545454547	
6083	0.984	108.19369309910641	0.21910999102251086	114.07367295597571	8	29.13774104879573	17.567073170731707	480.09055667245906	18	294	0.982	97.3163673840998	0.22569813814753703	93.37321733415644	8	32.20472784256779	17.725050916496944	313.83593931211084	18	
6093	0.968	97.49808629756458	0.23159634776050475	88.72537332635723	8	30.143421607459477	17.679752066115704	443.12353973864583	17.375	31	0.958	96.58621176342506	0.22080931995550285	106.73322278061228	8	30.84020403749152	17.603340292275576	504.08690471560845	17.476190476190474	
6250	0.966	90.23820644593945	0.2128949914570458	111.40007848787482	8	30.11515875510992	17.641821946169774	435.6201155397273	17.294117647058822	17	0.98	99.22442945994602	0.2259345091420027	102.54004552796808	8	29.559390953083938	17.551020408163264	470.1568570463269	17.7	
6562	0.966	89.04703084376393	0.223706351342978	107.236463018771	8	28.989753071109103	17.803312629399585	389.1250216573305	17.176470588235293	21	0.994	105.0362449013228	0.2566267661005592	72.54753442018253	8	29.55974271762543	17.736418511066397	473.9924039175694	19	
6581	0.974	95.68155919706925	0.21980810498485207	114.13837062153715	8	29.689333779156765	17.648870636550306	440.61399941609676	17.615384615384617	126	0.988	101.09692206904334	0.24001663755920716	92.60417411212879	8	30.488662539140314	17.601214574898787	555.0141640734215	17.333333333333332	
6591	0.944	85.85720782177351	0.21532238992088043	115.35845593488439	8	29.74978246939784	17.783898305084747	350.8541262965884	17.714285714285715	170	0.988	93.06180886578957	0.23401479083713878	91.29782836783212	8	29.95143451971692	17.696356275303643	424.46447305375534	17.833333333333332	
6601	0.924	81.71784349766418	0.22019234993306194	112.94339901004881	8	31.760436966727475	17.928571428571427	329.6435773513776	17.63157894736842	118	0.984	99.663736174383	0.25469405919549326	77.21960296211746	8	29.74496345717495	17.676829268292682	461.5513182223884	17.875	
6610	0.954	89.57746478902615	0.22236734831488217	109.94464573639135	8	27.153452531794017	17.71488469601677	428.51296905525237	17.695652173913043	253	0.996	108.24204486141697	0.23241693986126782	92.65264424071039	8	30.90766708407309	17.596385542168676	482.9772821611089	18.5	
6620	0.956	88.78157503681692	0.21776136774169388	112.85481300237277	8	28.704428379282707	17.656903765690377	405.34582082002	17.681818181818183	213	0.988	105.07508401837177	0.22487054840403387	98.05377117323907	8	29.600168574809032	17.481781376518217	564.2111955753223	17.5	
6640	0.942	90.10215403445187	0.222623232814562	106.31820018547373	8	30.844694411897972	17.74946921443737	360.1834196438198	17.93103448275862	35	0.964	102.87934088914876	0.2374745748921974	92.84979838473649	8	31.669814873628976	17.553941908713693	446.81353663301803	17.5	
6659	0.964	88.41116695387419	0.21179766039050107	119.62223766616961	8	29.59759412993808	17.636929460580912	452.5102918703741	17.833333333333332	168	0.942	99.68043004418975	0.23631786550803124	85.86198877094907	8	31.69900941453962	17.738853503184714	390.052275479068	17.344827586206897	
6679	0.968	96.73228739842021	0.22400210591703684	103.28537223332894	8	30.032001501722977	17.619834710743802	331.2536550995705	17.8125	78	0.99	100.89891762953603	0.2333635633945229	107.15406408863419	8	29.9126160854981	17.608080808080807	365.6311237228956	17.2	
6698	0.96	88.03947102912281	0.21972837654798766	105.64187245819593	8	29.794536391202357	17.725	389.2738062442984	17.75	96	0.994	106.7394012278675	0.23620959503148925	82.59741838389156	8	29.631465239720505	17.559356136820927	545.9429080658391	17.333333333333332	
6708	0.96	88.96302474262244	0.21862731660646711	109.63472320379306	8	29.26173080026162	17.745833333333334	391.6745022631259	17.9	163	0.996	97.18590218921796	0.22729538725939188	100.23286797789112	8	28.573770815465398	17.546184738955823	561.2243399572955	17	
6713	0.976	88.01673760936823	0.22546644053077045	106.76080477003894	8	29.374350616391922	17.75	439.1283391285587	17.666666666666668	272	0.998	113.21097170907449	0.23376026218243143	96.90775264533174	8	28.736572623607657	17.45691382765531	621.2469123512824	17	
6718	0.906	78.6991191953063	0.22258510894385258	107.32582344763999	8	30.362287488082547	18.08830022075055	249.65715828274043	18.06382978723404	25	0.978	94.40154440168018	0.22802940050917206	111.69865254371565	8	28.927913182177694	17.644171779141104	359.99003680937415	17.636363636363637	
6875	0.908	76.98307728846491	0.22013498671746304	107.18600392164032	8	31.2236799137742	18.03964757709251	289.4137018390966	17.782608695652176	20	0.982	95.19378041467479	0.23190981702288946	100.41681317778136	8	27.57329899742931	17.661914460285132	476.4938636021683	18	
6879	0.974	90.62488369494403	0.22663709112738348	101.82178963571405	8	30.90121382536476	17.673511293634498	433.2255428932295	17.46153846153846	277	0.966	93.963387351481	0.233287431423116	101.76145128334619	8	27.49687661540827	17.74327122153209	451.89628856059903	17.58823529411765	
6884	0.964	90.49603845125156	0.23280460706521816	106.70318285285276	8	28.275235500479226	17.755186721991702	443.3204874218069	17.944444444444443	184	0.984	94.2167751817546	0.2292429710794601	103.47498178388973	8	28.682559011666935	17.558943089430894	468.051797271583	17.375	
6894	0.952	93.51302502837576	0.23250370194517422	101.66462728726592	8	27.696163222448412	17.66386554621849	448.34241409502505	18	71	0.99	95.17766497477609	0.22829116761005303	108.51092722240897	8	29.268613079756985	17.595959595959595	442.89555454276876	17.4	
6904	0.954	87.44912550878821	0.21797332434757688	111.40109961001228	8	28.70162949850095	17.731656184486372	357.41652305985406	18.17391304347826	214	0.986	93.32878994351401	0.22835647639362489	110.16465043562688	8	30.102170760061682	17.647058823529413	462.3847770363672	17.285714285714285	
6914	0.986	92.13919934254122	0.22981089396720913	112.62107296559789	8	28.995480695814678	17.643002028397564	406.8661463735383	17.571428571428573	63	0.978	94.38878915928755	0.2308733962497565	110.1807538746433	8	28.481038360714784	17.59918200408998	497.98109667221786	17.181818181818183	
6933	0.978	92.21369439346525	0.23271651878201843	107.55650512521649	8	28.412553697908866	17.803680981595093	372.7935457986373	18	149	0.992	95.82319075793662	0.22632185301964589	108.5910228261151	8	29.083486762076912	17.512096774193548	559.6331164416954	17.25	
6943	0.95	87.0329992487834	0.21893157170532096	113.31615933015308	8	29.84052203845529	17.621052631578948	398.2793364139226	17.44	284	0.976	94.48757914261631	0.2246907876610523	116.71068850752647	8	27.739434635368248	17.524590163934427	542.2624310505595	18	
6953	0.954	89.18388333189561	0.21895614143262943	118.59015405959468	8	29.830392068406983	17.71907756813417	394.8171344379951	17.391304347826086	41	0.972	90.61585218012304	0.22358450365201324	111.52146178803561	8	29.488514836179235	17.633744855967077	389.224078532089	17.571428571428573	
6992	0.962	91.61555750240557	0.23080925352597187	105.11683235014137	8	27.80431902532631	17.925155925155924	279.54976025989225	18.42105263157895	75	0.978	92.21543335586895	0.22430288676299984	103.3462233664424	8	28.697348129765587	17.550102249488752	526.0876466947559	17.818181818181817	
7001	0.96	87.04482808623446	0.22274498158181413	118.05040824493224	8	30.180887449772165	17.675	418.4793799729719	18.1	273	0.988	94.51108687734079	0.22502700970295078	111.38477761739388	8	29.211445809901146	17.55060728744939	488.10349325036225	17.666666666666668	
7011	0.99	92.5285530031179	0.23310427112542706	106.38337433226944	8	28.275081192254532	17.644444444444446	458.4875125554216	17.2	159	0.976	90.30013693070357	0.22388953388372915	97.18780361675867	8	29.62395800978956	17.610655737704917	491.86977089320743	17.333333333333332	
7031	0.99	93.48441926323001	0.22731841114968054	105.00624117829298	8	29.833367105708348	17.606060606060606	454.5071849908498	17	39	0.976	89.81650194117854	0.21872277275880145	108.6571992417047	8	29.31628507941452	17.65573770491803	439.8351967613733	17.833333333333332	
7040	0.988	95.07496295171305	0.2325132324042621	89.37826494400967	8	29.759273091658542	17.63157894736842	417.7539579551415	18	188	0.974	86.98913975484643	0.22862126856578577	102.40006515928658	8	29.66869531284767	17.698151950718685	475.92361974743756	17.615384615384617	
7050	0.948	84.15894321945446	0.22819489258431894	97.71558641797532	8	29.06987306863283	17.833333333333332	359.73122404314444	18.076923076923077	183	0.976	89.16010450712625	0.22922975632588374	118.08758876089853	8	28.642810360040183	17.612704918032787	470.88626693719397	17.583333333333332	
7070	0.968	86.77411836428796	0.22055876631499347	115.3863092408331	8	31.304200525702996	17.68801652892562	463.4007749452253	17.75	99	0.988	88.87609520937183	0.22492996452789535	99.76281526257354	8	29.981914459066296	17.60931174089069	447.9485631162874	18.166666666666668	
7109	0.962	92.95224843946535	0.24048509052379002	97.51890598963155	8	27.590488812924946	17.66320166320166	420.02925718828726	17.473684210526315	72	0.966	86.30702428427819	0.2260526331051109	108.70532630373577	8	30.034839188961083	17.72463768115942	422.7599788583562	17.352941176470587	
7128	0.948	86.8768328444858	0.22166475073262698	120.35984965445797	8	29.728534435790326	17.643459915611814	470.39821516248344	17.73076923076923	195	0.97	87.32916794134285	0.22403501932514708	108.93884555480521	8	28.73215593509006	17.756701030927836	360.83179928818663	17.333333333333332	
7148	0.93	86.26927144225448	0.21916342088618132	113.9025105108173	8	29.98647838828042	17.726881720430107	397.43783039045377	17.914285714285715	193	0.974	86.89135903846719	0.2265641279387218	108.55877767984654	8	30.270547042374204	17.737166324435318	370.8343883357745	18.153846153846153	
7167	0.944	93.25851576707699	0.2217526058520344	105.0635872266848	8	28.850618315210397	17.694915254237287	398.19768420832025	17.607142857142858	194	0.966	86.80649161652535	0.22678227787428235	105.891005522722	8	29.54533459240867	17.720496894409937	365.7786008883476	17.823529411764707	
7177	0.96	87.02904594402284	0.23064905293257623	97.03264668677431	8	27.977490869851696	17.69375	431.39220758699145	17.6	262	0.976	87.10241673533922	0.2220059022314704	103.26818339823295	8	30.126201713721347	17.647540983606557	417.68560154184996	17.583333333333332	
7187	0.972	88.48751888987917	0.22418689066125327	108.7531694772997	8	27.659777220142594	17.68724279835391	402.395959711415	17.571428571428573	38	0.964	83.29876952879907	0.2238134771270376	111.30297503537234	8	30.319630898022822	17.70954356846473	366.7944025557222	17.555555555555557	
7226	0.976	100.5294275177396	0.221831412382978	109.88168038647694	8	29.217198460035956	17.563524590163933	500.5256652732959	17.75	174	0.964	86.22231762763255	0.22598755579249946	112.15019586373288	8	30.263080783758152	17.703319502074688	411.3263431592615	17.61111111111111	
7235	0.96	84.88213761525436	0.2132482835970643	116.45501737639135	8	30.277294415173387	17.777083333333334	385.013464399627	18	245	0.974	85.70624054004287	0.22530086514954703	105.94397688896525	8	30.491951420741266	17.71663244353183	383.1923147244332	17.384615384615383	
7245	0.938	83.57985529466352	0.21623344284034637	112.94788499868443	8	29.61877277824263	17.720682302771856	406.411548146526	17.580645161290324	244	0.978	91.02416142390621	0.23462146384044233	94.57114560552303	8	30.054492450987517	17.687116564417177	454.19858505312635	17.545454545454547	
7265	0.96	89.86576301649332	0.22592604878208603	113.48185554404321	8	27.48557390369511	17.725	408.63045661200533	17.85	73	0.976	89.12916423166797	0.2220519418221704	108.64021900690213	8	29.356361264088125	17.62909836065574	502.53545935742613	17.916666666666668	
7274	0.974	95.53702795481439	0.22666928726171828	101.87742540966404	8	28.166124138152714	17.521560574948666	536.9324743645144	17.692307692307693	298	0.952	83.06430503438371	0.22843097507320786	103.82786745156999	8	29.116414197399017	17.831932773109244	338.3861340872386	17.541666666666668	
7284	0.988	95.5216954133842	0.23238328465841904	107.06150101169924	8	28.560108667757955	17.560728744939272	496.8012616994884	17.333333333333332	297	0.976	90.33691225468932	0.2381334783338126	96.50387683826717	8	28.729127746691145	17.612704918032787	478.14670872059224	18.083333333333332	
7304	0.976	100.3124486102137	0.22316191449976575	105.70727465996919	8	26.78970950356501	17.557377049180328	424.14587841676916	17.666666666666668	295	0.976	91.02439752320828	0.23833716276991085	102.00478961768405	8	28.58780400531002	17.7172131147541	421.53156722688874	17.833333333333332	
7323	0.97	93.54807599570198	0.22981693672223835	104.7938402391237	8	29.632248415717566	17.637113402061857	424.6305840551095	18.066666666666666	296	0.974	90.41960638694471	0.23193308088032208	103.6311096435616	8	28.932519894018235	17.67145790554415	458.1284011324926	18	
7343	0.954	84.75630341658388	0.2174535423423112	109.5009162855677	8	29.833119050587428	17.737945492662472	378.25927383813314	17.565217391304348	40	0.962	86.73073802226979	0.2298735075437861	99.35606769392665	8	28.46260067624109	17.796257796257795	328.5382146619309	18.05263157894737	
7352	0.96	86.40864086374235	0.21556336715972937	120.75391912122151	8	29.862124017838614	17.63125	458.19555146065045	17.7	204	0.96	87.78507288008744	0.23202476037929787	98.83722189169139	8	27.971169987466286	17.6875	341.6018997477147	17.5	
7362	0.992	92.37015103247072	0.22787174416314343	107.54213405040971	8	28.723252998795626	17.633064516129032	464.4208837334735	17.5	160	0.976	90.44406553505824	0.2349654169979754	97.22747312800678	8	27.781369268836464	17.741803278688526	412.15775983197096	18.583333333333332	
7382	0.982	95.89469161351815	0.24114130895506808	100.1087598688108	8	28.084911149908212	17.562118126272914	552.2034227618553	17.333333333333332	109	0.994	96.90375916381733	0.23463987398764777	99.28783397053743	8	28.083947762431336	17.635814889336014	454.0900379410378	17	
7421	0.98	93.22324112470582	0.21989374697247313	117.75780954186774	8	30.701722912300912	17.622448979591837	462.50307162899395	17.9	53	0.974	93.52255487472326	0.22932131532680816	101.98497386346303	8	29.189865684680782	17.611909650924023	459.06166139052317	18.153846153846153	
7460	0.978	93.1872320152867	0.22213811348813925	112.575877612579	8	28.096901476609517	17.61758691206544	466.6094707912625	17.363636363636363	55	0.986	97.44816271644477	0.23682364308372994	102.93684581557362	8	28.134257554996612	17.537525354969574	522.6436951987578	17.142857142857142	
7470	0.966	87.23607925303304	0.2157375981157784	121.16176850936982	8	28.324200161607045	17.660455486542443	418.1997487223271	17.705882352941178	215	0.988	98.53395831253779	0.2310081225827927	108.53482063030432	8	27.796726498588058	17.540485829959515	500.3547072820932	18	
7480	0.944	86.50709284826341	0.22563771587284906	116.1436040400159	8	31.10660986618227	17.608050847457626	448.13474708163824	18.035714285714285	98	0.98	94.30512519502746	0.22487545895551175	105.04659847539254	8	27.272421632578478	17.53061224489796	437.43874896051176	17.3	
7500	0.922	81.75498332956637	0.2142691979939217	115.29715150750881	8	30.110509334539742	17.806941431670282	351.2533360520309	18.128205128205128	16	0.966	90.64634787180675	0.22631851367549297	104.45293596349872	8	29.47876486887822	17.536231884057973	536.6065666844803	17.88235294117647	
7504	0.964	90.72087332966042	0.22365167530941937	109.84258522661203	8	27.7201632893258	17.69709543568465	403.1705119974504	18.11111111111111	255	0.972	93.2499328448852	0.22829472919772198	106.75248158161074	8	28.33496567238369	17.532921810699587	512.8032989985214	17.714285714285715	
7509	0.988	91.81814802399543	0.2315538613342915	96.9959742484837	8	27.344139799579573	17.686234817813766	428.3413899784899	17.833333333333332	156	0.974	89.80766038969807	0.22084504124788332	110.97275459010622	8	29.128528335062637	17.632443531827516	425.7063135556049	17.615384615384617	
7519	0.982	92.35920394264639	0.2369652454185661	99.21412752849533	8	29.735770813466157	17.61099796334012	513.2354820953886	19.11111111111111	110	0.982	90.93771414829031	0.2244712355946772	110.89575956454686	8	28.5254175614985	17.635437881873727	490.9997945063896	17.555555555555557	
7539	0.974	91.86599260516618	0.22160835136316864	106.38860276134479	8	30.334239283991298	17.60164271047228	425.2191767427777	17.692307692307693	93	0.99	94.10467481582488	0.2262011063507453	102.758867591299	8	28.45069018614832	17.587878787878786	488.81762161798974	17	
7578	0.962	85.38512062221596	0.215696707066676	114.0944092983796	8	30.690709454291227	17.72141372141372	421.81190600108613	17.789473684210527	89	0.99	94.44402045351255	0.2249225398116006	108.00211304289768	8	27.486347173386125	17.535353535353536	538.1229660145968	17	
7597	0.954	85.97227979749407	0.2148764927281001	109.12296081544977	8	29.553986252629105	17.756813417190777	343.97659875288315	18.347826086956523	211	0.986	93.45440069795694	0.22604565918036545	115.95549336430085	8	27.828034549722066	17.582150101419877	526.5228261120023	17.285714285714285	
7617	0.944	84.32637164356146	0.21456760930658314	112.34577143884962	8	28.803349283461298	17.68220338983051	397.7923613082341	17.571428571428573	175	0.982	90.74611418103147	0.22604284237009192	106.70845766775682	8	28.280164043851848	17.617107942973522	487.1409110212619	18.333333333333332	
7626	0.974	96.79214532720722	0.22634808777792614	112.73166256384312	8	30.153303358483914	17.501026694045173	542.5671389971872	17.53846153846154	278	0.992	91.66343257333232	0.21773985485535474	114.49308530892466	8	28.687331020725566	17.506048387096776	527.3828891884316	17.25	
7636	0.97	87.98664779946836	0.21868534536259798	111.58590973664138	8	28.601813707758396	17.684536082474228	435.24405120141256	17.666666666666668	176	0.992	92.90477260861478	0.22712229546665083	111.92224660051887	8	28.32464036604548	17.506048387096776	552.5120923217529	17.25	
7656	0.974	88.15277400670487	0.21339100231756658	117.83700873295918	8	29.99053792073003	17.700205338809035	377.1524089296517	17.692307692307693	86	0.982	92.96777369675529	0.22478205917733496	110.82856598330886	8	29.141307631854378	17.482688391038696	554.5829100036431	17.666666666666668	
7734	0.97	92.2667173977081	0.24004376212412964	95.93358763650582	8	28.335877107529353	17.67835051546392	474.01976010049	17.933333333333334	146	0.982	88.5434512109681	0.22202456392568806	112.86159013884584	8	30.032750007093615	17.568228105906314	503.37027707877206	17.88888888888889	
7773	0.97	87.67489786331055	0.22066512045223233	108.29706638958375	8	29.89041414099098	17.682474226804125	406.57157781612653	17.133333333333333	177	0.986	87.84746970741918	0.22925993143778986	99.06084856701969	8	29.8619083494082	17.69574036511156	404.0228667867075	17.428571428571427	
7812	0.982	95.65928927695465	0.2291261016144049	105.4707596548301	8	29.36150676281798	17.60692464358452	465.7428052237127	18.11111111111111	84	0.99	88.66200967247066	0.2273149885507987	110.14868311166165	8	29.731780553047255	17.616161616161616	517.238412449732	17.6	
7851	0.982	92.41483154535946	0.23733909971606434	92.90635814443226	8	28.348972521706795	17.623217922606926	455.5704161183266	18	158	0.972	87.2797801845084	0.22796909085632652	107.02046776700148	8	29.792894475227662	17.644032921810698	461.77271003304526	17.5	
7870	0.974	88.9773993754202	0.22938859610273002	105.21766058264373	8	29.139116814106067	17.642710472279262	367.6794420321797	17.307692307692307	267	0.992	88.14643682279868	0.2296106207763242	105.39203418628227	8	29.651416823223112	17.625	506.8799877620647	17.25	
7890	0.968	92.36993778421652	0.23346834311512046	98.10266653332737	8	28.477729136915638	17.671487603305785	420.1148224044103	17.25	147	0.978	87.46512127057443	0.22697639257331723	108.29709715132023	8	28.966545060050706	17.687116564417177	448.03765056103106	17.545454545454547	
7929	0.986	93.67103038113778	0.23447510066978272	99.5050165838944	8	28.47956254860358	17.683569979716026	442.46955004420005	17.285714285714285	299	0.988	91.06326500453926	0.23601297788807965	91.16866075192435	8	28.066744670458117	17.763157894736842	421.67967276512843	17.5	
7968	0.974	90.49857841028344	0.21790012107007847	106.04441063001747	8	29.664151536935293	17.634496919917865	516.8684494175016	18.384615384615383	90	0.98	85.30937706749091	0.2242257692550705	115.24534833609866	8	28.794794264745345	17.642857142857142	438.8367879331542	17.8	
7987	0.952	84.02026371075907	0.2170424348790081	107.39520566015955	8	28.823591935161588	17.722689075630253	372.25882915066376	17.791666666666668	246	0.988	89.83614904789404	0.23339960851163372	104.28482478498488	8	29.241268091436122	17.591093117408906	524.4931838035127	17.666666666666668	
8007	0.958	83.00840481741588	0.22717596213301264	108.3377960247264	8	30.12273228137572	17.7223382045929	385.82771601152115	18	233	0.98	89.12655971460175	0.23329856504005098	104.01161015107691	8	28.25434733734504	17.728571428571428	464.121958151668	17.5	
8026	0.944	79.65975832042305	0.22063194553765614	107.09700629661228	8	28.698445759726035	17.891949152542374	322.33886207830966	17.607142857142858	234	0.984	90.79165897776478	0.23133622654595978	99.89719498526665	8	28.990824294556564	17.61382113821138	509.058081586517	17.375	
8036	0.92	76.48946607001706	0.22067778675161914	111.32721499946923	8	29.34304330123785	17.973913043478262	317.3821911625572	18.05	235	0.98	88.7198986060396	0.23079959678106823	101.58013661803128	8	29.168340523121838	17.728571428571428	410.0883419505212	17.8	
8041	0.994	92.7394525199869	0.22139190492109845	107.95123934655221	8	27.85449155415809	17.561368209255534	552.692061566547	18.666666666666668	251	0.986	90.18237693689191	0.23882832463064058	94.34150243936426	8	29.143692403031704	17.61866125760649	479.8703726129243	17.142857142857142	
8046	0.982	92.21696341400994	0.2281966616671649	102.17145112695293	8	28.424503682925735	17.686354378818738	431.32615589144876	17.22222222222222	143	0.992	91.8297446916344	0.23640608974206528	93.71610484854342	8	28.311323090312445	17.554435483870968	540.4261938194909	18	
8085	0.978	92.30420748634552	0.2359411349658078	100.80038937819799	8	27.443010285832074	17.662576687116566	479.3515503652671	17.636363636363637	144	0.966	88.50530482091735	0.22664209721518894	101.5780603299589	8	28.93992001207105	17.63561076604555	476.7761074973612	17.647058823529413	
8105	0.968	88.51337759005078	0.2188619856743626	115.22768743025887	8	28.505149435076504	17.644628099173552	423.54406963125575	17.8125	283	0.974	89.72658265171555	0.23265206691488155	102.2019982591429	8	29.376192024880513	17.60164271047228	444.29070959963497	18.307692307692307	
8125	0.966	88.43076585079574	0.21725083880488355	119.46349066228395	8	30.316210891734926	17.67494824016563	446.5542836326179	17.823529411764707	83	0.98	91.14752878613984	0.23424928994154043	99.05192228032027	8	28.49954839728811	17.67142857142857	486.03581286450463	17.7	
8281	0.968	83.93597280768833	0.2139462099179239	123.14584964100398	8	30.006948042278534	17.65702479338843	418.606547744037	18.25	92	0.996	91.68400316632571	0.23734600379547	96.66396236301915	8	27.62268401022458	17.606425702811244	493.1388627881296	18	
8359	0.972	85.4685823821987	0.22472819085760076	106.39754684957764	8	29.615905800859302	17.71604938271605	361.53935678347614	17.785714285714285	116	0.972	89.47310283850354	0.23279833267506694	95.21619165287414	8	27.86597323569468	17.609053497942387	415.87763713696927	17.928571428571427	
8378	0.958	79.25215089352132	0.22216211247345524	110.1510231168597	8	30.373039651489808	17.893528183716075	333.0377409309347	17.761904761904763	238	0.982	91.0996901497269	0.24495943820054886	92.66583738088518	8	29.556305930223846	17.61099796334012	502.67759518910316	17.11111111111111	
8398	0.94	78.19518850058145	0.22091025697326325	117.02932062569558	8	30.532287895762654	17.891489361702128	337.14025800427726	17.6	236	0.982	90.64392261102975	0.2359849495949448	89.4059476954833	8	27.787145002973617	17.590631364562118	516.2925433227847	17.555555555555557	
8417	0.956	77.9491862627713	0.2219492142448994	114.9437743378432	8	30.032873192316526	17.855648535564853	371.7045832055165	18.136363636363637	237	0.99	91.4752462433601	0.2364086426702524	104.03660760555739	8	26.98078521973151	17.608080808080807	529.3989638659226	17.2	
8427	0.97	88.82458518000806	0.23296115136233533	106.78901855791416	8	27.883311430383575	17.684536082474228	419.28522143168294	18	285	0.99	93.8922610015672	0.22890667945363513	109.17219667306328	8	26.857608776099465	17.56767676767677	542.9507325529512	17	
8437	0.98	88.36152486741467	0.2163164388562443	123.65798045669209	8	29.66817610404908	17.589795918367347	488.09527840179913	18	85	0.978	90.5320842748938	0.23122522463583067	98.67281037670632	8	28.58856863982767	17.63803680981595	435.33057423749415	17.363636363636363	
8593	0.982	91.22324613551503	0.21854448178671182	113.34863547885915	8	29.752604879587388	17.615071283095723	474.963325013093	17.444444444444443	87	0.994	93.11649866943284	0.22323979134525082	119.49342725934305	8	27.619369644671828	17.551307847082494	523.1148184703133	17	
8671	0.98	86.76559124527994	0.2175091527839203	108.48512841946595	8	29.84831521150128	17.571428571428573	465.9898659435255	17.6	88	0.978	89.97902329554354	0.222193670098901	108.7799027779867	8	28.409677063652616	17.568507157464214	460.94050111493846	17.272727272727273	
8710	0.976	81.8791946305846	0.21011136029764227	122.07195953482729	8	30.714693652122925	17.641393442622952	461.7116271458113	17.75	91	0.984	89.9764086245894	0.23482152039573884	97.58953033017885	8	28.4867225011728	17.597560975609756	450.21819803514273	17.625	
8730	0.984	87.80853456110682	0.22594103698389917	100.67789354579567	8	29.7049872068376	17.646341463414632	506.64107641660496	17.5	108	0.988	91.11365229241187	0.22413486258911555	103.01396973223237	8	27.974349066050088	17.611336032388664	484.3197197577478	18	
8740	0.966	86.84707363150183	0.22943588190424907	109.5251023984	8	28.793896636728036	17.687370600414077	435.17286912230844	17.529411764705884	154	0.986	90.18402663375517	0.22589860559005986	111.33910883457092	8	28.72143381142758	17.600405679513184	454.9520748799931	17	
8750	0.924	79.0676182163817	0.21527667951816562	115.40751698577074	8	29.75356690770324	17.78138528138528	379.35456926945017	17.842105263157894	18	0.99	91.65139143462812	0.23363247195032508	102.45896566480852	8	27.583198858831462	17.51919191919192	506.84052371625546	17.2	
8759	0.968	85.84299953906269	0.2210058383582517	108.34130019519	8	28.97981463911071	17.630165289256198	430.7511710683648	17.4375	166	0.986	91.52171087996082	0.22842470891064523	104.27304488692546	8	28.697774698161815	17.543610547667342	503.1295442234027	17.714285714285715	
8769	0.978	82.50797239635924	0.219046101560489	105.66017564314984	8	30.16763367529052	17.629856850715747	389.45463516817887	17.545454545454547	105	0.986	87.55572131291676	0.22268963633280764	113.9242617472957	8	27.984258773368964	17.59634888438134	509.5470155120297	17.571428571428573	
8789	0.978	87.57633827050587	0.22678352724507445	112.31978595161776	8	28.109145255074814	17.642126789366053	462.5932105001949	18.363636363636363	64	0.976	87.74453394682169	0.22708153580672968	103.06214457909697	8	28.38478093343926	17.647540983606557	449.61679791429236	17.333333333333332	
8828	0.97	85.71782046976054	0.2272859415062822	105.45202711883056	8	28.411049123449793	17.723711340206187	401.28479739579006	17.8	59	0.99	89.06081324187498	0.222413027766485	107.24637675998571	8	28.97023994215244	17.587878787878786	476.890799730416	17.2	
8867	0.972	88.38452725148498	0.2340355371807233	107.45021884645293	8	29.06740009171491	17.732510288065843	458.90038454454276	17.857142857142858	60	0.994	88.73732323930408	0.22276268550414988	105.96770747527243	8	28.8009389948491	17.48893360160966	607.0559091414959	17.333333333333332	
8886	0.974	87.98872587998275	0.2247574095382597	99.66915693525804	8	29.46772814589941	17.67145790554415	431.8889071348408	18	76	0.978	87.09901501498624	0.22620049939395992	110.10917458247783	8	29.206418408037337	17.60327198364008	458.4987507076284	17	
8896	0.986	92.46408342423797	0.2275662159814282	100.77507722005704	8	28.385712515938458	17.63286004056795	456.88459822824996	17.571428571428573	136	0.996	88.51917026542549	0.22184949809558144	110.28253836340795	8	28.655567623710123	17.604417670682732	547.8329150658957	17	
8901	0.908	76.10936949923796	0.22679368234657635	95.62093771740768	8	28.64279746379456	17.922907488986784	312.66517941073994	17.630434782608695	182	0.99	88.67153912274485	0.22403411479778845	103.23644652981667	8	28.888997368008415	17.604040404040404	495.2081809863419	17	
8906	0.9	73.5762986215043	0.2186279765317431	113.192943874937	8	29.521127736301032	18.173333333333332	269.2440294402315	17.94	28	0.978	82.79715543490262	0.22547391072814146	113.07894431779994	8	29.7545441487152	17.619631901840492	487.37236827239565	17.727272727272727	
8910	0.958	81.33256358902123	0.2169284233856163	120.0574634040963	8	30.72680338806366	17.747390396659707	402.40062368668447	17.61904761904762	203	0.988	86.42407277794125	0.22351399630098528	113.37697683092411	8	30.049938229612348	17.63157894736842	469.3797918293328	17.333333333333332	
8915	0.982	89.93003406699326	0.23377550291206636	105.50066745288217	8	27.395043334386635	17.659877800407333	428.2994242860143	17.333333333333332	145	0.99	86.29707112920269	0.22664775550482472	100.90545699394957	8	29.315867224608905	17.66868686868687	456.44634756549226	17.8	
8925	0.966	88.37251852496752	0.23160943884291568	99.72627903612747	8	30.346416453432248	17.592132505175982	515.4201903241496	17.529411764705884	97	0.992	87.20879120879121	0.2277863083546943	105.49510875186422	8	29.77129526537377	17.608870967741936	461.8893382570403	17.5	
8945	0.958	86.05048055307243	0.22672403485072737	108.86716153860627	8	27.677959925420307	17.678496868475992	325.3763268650043	17.952380952380953	70	0.99	86.87106228334274	0.2316418919153694	102.12447423889343	8	29.25785671132876	17.583838383838383	473.6920694246003	17.2	
8964	0.97	85.13850366848486	0.21924622046322598	108.4431787236127	8	29.227744933742834	17.694845360824743	381.1680547914463	17.933333333333334	212	0.984	88.74298804136211	0.23464843236538646	99.05758291044155	8	28.139722297684646	17.558943089430894	446.2274750550496	17.125	
8974	0.948	81.46709519943903	0.2232184988511656	112.62445789172928	8	29.60491788040905	17.78481012658228	321.168016099752	17.692307692307693	254	0.978	87.10987601565711	0.22851920967863326	108.61422194468848	8	28.646287393542835	17.697341513292432	445.8539838897598	17.818181818181817	
8984	0.94	82.19657222814548	0.22863138499147326	104.81529712680555	8	29.417901626936622	17.785106382978725	381.0022350856522	17.666666666666668	34	0.994	88.2927695867441	0.22819445668062116	92.81550206368647	8	29.555997235752614	17.609657947686117	518.0411992531502	18.333333333333332	
9023	0.948	77.73677736772915	0.21438186089447986	117.8500105995654	8	32.119266321317724	17.765822784810126	387.197990691509	17.923076923076923	121	0.994	90.16036572080739	0.23481037584294892	101.9440793645103	8	28.550040796004726	17.575452716297786	517.8125230292904	17.666666666666668	
9042	0.968	84.70423521165358	0.23661516404444924	99.93770811359725	8	28.737747919376034	17.68388429752066	417.4528135855804	18.0625	268	0.98	88.07088807810408	0.23249841665989687	92.4880129375488	8	28.68870092723023	17.544897959183672	505.9778822707405	17.7	
9062	0.962	84.57737687031094	0.2256704638670582	115.22803822954685	8	28.64928651971514	17.75051975051975	423.8655379330685	17.68421052631579	24	0.984	85.21989156980177	0.2337282135076252	99.93330744808782	8	28.47113907673612	17.634146341463413	423.4204038512623	17.375	
9140	0.968	81.81065228779448	0.21722457831907585	112.31047164822293	8	29.870012281443575	17.785123966942148	323.37650606849706	17.75	131	0.976	86.47882332121404	0.23244435950250106	98.279229769094	8	27.75323748130109	17.682377049180328	387.5323332296247	18.083333333333332	
9218	0.972	86.71603176039805	0.21871748482802256	116.5679791683356	8	28.48717847416431	17.699588477366255	429.1399717935972	17.785714285714285	81	0.992	88.75527879165872	0.24297601486123574	89.39383845361817	8	28.153096473290397	17.68548387096774	443.89817745042643	17.75	
9257	0.97	88.55859474865548	0.24097042929373536	93.55175503153244	8	28.46962425188106	17.647422680412372	476.9478409239906	17.6	148	0.988	90.5491604958601	0.24374757147691786	92.07886850188753	8	27.542214407562458	17.655870445344128	468.28829123343235	17.5	
9276	0.96	83.15864243513407	0.23520798396112808	104.22472227469471	8	28.75044220933016	17.735416666666666	415.8165501097075	17.85	269	0.988	90.30418250965329	0.2451211879026772	91.899588583596	8	28.002130431588323	17.720647773279353	438.213339631063	17.5	
9296	0.956	84.90984989770848	0.21894565743055633	115.4174863763807	8	29.78844162176555	17.711297071129707	395.5584119040906	17.954545454545453	82	0.986	88.76964906296263	0.2364871356891212	98.99242901164739	8	27.102488340159233	17.647058823529413	452.2376352419951	17.285714285714285	
9375	0.954	81.60960837658345	0.21757627616127906	112.84611700070573	8	29.583592080608227	17.79245283018868	342.220839963151	17.73913043478261	19	0.972	88.52297772360481	0.24857610089736568	91.09529027954541	8	26.742495884840014	17.67695473251029	470.3226025682014	17.642857142857142	
9394	0.964	86.0069233788701	0.2189534900733242	111.34474753753992	8	28.769574312382435	17.636929460580912	483.8066876909063	17.833333333333332	161	0.998	90.88922079341063	0.25049673281399876	90.91291501263889	8	28.202351773927546	17.64128256513026	495.1642997901429	17	
9414	0.982	78.08275818186793	0.21049886081563068	126.25080068969835	8	32.417826458686726	17.65580448065173	452.93694813916153	18.333333333333332	122	0.996	89.58123470974208	0.23754810262722698	95.14741408806464	8	28.073712961689363	17.646586345381525	522.4529897355236	18.5	
9453	0.976	89.60211519730038	0.22882906169239464	107.70227505922892	8	28.64056406793344	17.64344262295082	470.1816806717088	17.416666666666668	74	0.986	87.3865570046058	0.2332304481523582	97.47058133231647	8	29.014319866308494	17.636916835699797	437.15473551151166	17.714285714285715	
9531	0.972	96.24715318360334	0.21867289259216793	112.54447536990249	8	30.640951108373653	17.584362139917694	435.19056957933617	18	42	0.992	88.81726206468764	0.23263754514963872	107.14371082346283	8	27.743515793427974	17.655241935483872	471.1621355227525	17.25	
9609	0.97	84.62746466585581	0.21147146596023092	118.39844141416712	8	29.027682273934843	17.655670103092785	432.98969487862365	17.533333333333335	46	0.998	91.29162092913276	0.23503374506642644	97.8330953964567	8	27.769521594292907	17.541082164328657	531.7138775187615	17	
9628	0.968	86.8410664945157	0.2297766665387339	107.32684092759327	8	28.602048773137188	17.65495867768595	416.40023189517757	17.5625	142	0.932	82.55970519467348	0.22626459840837837	95.93478310717656	8	28.409762616135577	17.585836909871244	491.27421041317945	17.61764705882353	
9638	0.98	82.35847788096778	0.22669838110682877	104.97994489969169	8	28.566283369021953	17.812244897959182	388.4736929551172	18	221	0.998	91.05673254064038	0.23320197395776518	102.25615014236374	8	27.66395217579453	17.597194388777556	446.02461831319556	17	
9648	0.936	79.79811758312324	0.22045886880768206	109.11662109116641	8	29.30033136150506	17.91025641025641	318.82446637675235	17.625	65	0.982	88.18880666698927	0.22918851679736463	103.1458185710773	8	28.05664653772639	17.674134419551933	424.67810630737296	17.666666666666668	
9687	0.926	77.22716127658445	0.21869072455627697	113.13277714235652	8	28.344453563587212	17.907127429805616	365.9777612884923	17.945945945945947	26	0.99	89.21812479785754	0.22633650748975817	101.47897645196862	8	28.45457978504734	17.583838383838383	504.6569694585206	17.8	
9696	0.964	81.14478114474933	0.21399073205754598	112.22027271395451	8	29.5319512785573	17.736514522821576	391.21999314377035	17.77777777777778	241	0.986	85.74956951243799	0.2229705573751317	97.86933037403074	8	29.064697042763875	17.628803245436107	451.47424064889907	17.428571428571427	
9706	0.988	83.20840842863272	0.22353300667521803	108.34876127447104	8	29.421865215184546	17.62753036437247	441.4909672469053	17.833333333333332	240	0.99	87.61992423982316	0.2227389043513914	111.70779191779438	8	29.02428791646688	17.488888888888887	575.0876990808075	17.8	
9711	0.98	84.52502113131163	0.23302169990803337	103.35034607146706	8	29.623268859352958	17.759183673469387	407.7586202863413	18	276	0.988	85.52927732949502	0.22353697587423343	107.6340042404228	8	28.048234069302048	17.546558704453442	514.7354907535623	17.333333333333332	
9716	0.918	75.07482948694806	0.21812213476148387	109.04893327511402	8	31.21981079797126	17.81699346405229	352.9183755530172	17.878048780487806	275	0.992	86.97176924456987	0.22875712962038217	103.17548270746722	8	28.820020159502256	17.558467741935484	494.99627024809257	18.25	
9726	0.962	80.56141761296267	0.22119945618397638	112.32046000183892	8	29.920132787446672	17.76923076923077	405.9768496551969	17.31578947368421	239	0.99	87.26157317645593	0.22901054502963686	103.37456989017215	8	28.693015125834776	17.622222222222224	489.4404846535088	17.6	
9745	0.974	81.41362131827616	0.21705087344927523	118.38124096549271	8	28.584218142861637	17.737166324435318	341.7196839980314	17.23076923076923	242	0.988	87.40578222878861	0.22842494000938685	103.71705657076065	8	29.21305079708655	17.510121457489877	544.3908063956889	17	
9755	0.942	78.57071364220664	0.2146724047014418	115.85778442369227	8	29.64732499944541	17.766454352441613	383.41358049105196	17.724137931034484	243	0.96	84.99636994652077	0.2295593699833734	99.76154221808652	8	28.046764339013567	17.522916666666667	522.8105312182614	17.8	
9765	0.934	78.37543005817916	0.2150779720957094	107.52770328419109	8	29.56666001803477	17.839400428265524	338.5506941386466	17.939393939393938	132	0.982	85.81515659969784	0.22460106653158993	107.1077512573587	8	30.008449464561227	17.572301425661916	544.3717336685182	17.77777777777778	
9774	0.966	81.30765604980571	0.22412773906918457	106.67506174870636	8	29.558876155025956	17.73913043478261	381.94776731951885	17.58823529411765	201	0.984	85.84290051224669	0.2242540433660269	114.62425113800462	8	28.848191245989998	17.65650406504065	458.8629705653355	17.625	
9784	0.974	85.87247848806312	0.22973691980484678	114.74854030826619	8	27.85346070469375	17.652977412731005	444.6074131138842	18.23076923076923	139	0.988	86.77323028236339	0.23417772322367375	102.10311701008649	8	28.736659561006142	17.641700404858298	471.9714064465048	17.666666666666668	
9804	0.98	88.85342811032781	0.22268280119065165	111.34061686812788	8	27.657737945781406	17.591836734693878	473.28363412421197	17.3	137	0.994	86.86836907732852	0.2327361139662189	96.29257574717775	8	29.450909342957903	17.52917505030181	545.7255393873638	17.666666666666668	
9823	0.978	86.98281689148725	0.23329364878373393	100.08736212808616	8	27.480903445447023	17.676891615541923	450.3217679211436	17.90909090909091	138	0.964	85.06132533322386	0.23293411453538226	90.76767529081732	8	28.698273681458357	17.58713692946058	451.63284246616774	17.333333333333332	
9833	0.98	86.5647910962214	0.23119610124751638	108.79649385084086	8	28.460852551488173	17.653061224489797	467.4538075918102	17.8	152	0.992	88.48925997211484	0.23603620848452542	96.99604350761037	8	28.304827183591442	17.64717741935484	478.5104545672842	17.75	
9838	0.978	85.19609038791712	0.2280079534414849	110.8279801445352	8	28.725983429545376	17.734151329243353	396.06911701029026	18.454545454545453	220	0.984	86.3809540524474	0.24228876331590954	93.95312446757026	8	27.94686456690259	17.640243902439025	451.92036810740024	17.75	
9843	0.916	75.08812197707367	0.2180528047042	114.79422650357496	8	29.47377947445105	17.958515283842793	320.3794223926708	17.80952380952381	27	0.99	87.55328368994881	0.23353860612116545	91.73642293744	8	28.06431483005164	17.57171717171717	464.5169045516298	17.2	
9921	0.914	74.51248940180831	0.22243490585992187	104.5520805290402	8	29.127313498518827	17.99562363238512	283.8120816128593	17.88372093023256	29	0.99	88.18027968235134	0.23511885899140791	91.08028055484057	8	29.133476123739054	17.608080808080807	518.011389357842	17.4	
9925	0.938	76.69163096432894	0.22465303220004934	112.44211825106099	8	28.72081928409537	17.95095948827292	339.0740732099519	18.193548387096776	264	0.984	86.23711701654543	0.2355934372037219	92.54997511508805	8	28.325056123177706	17.684959349593495	465.36176242408527	17.875	
9930	0.976	84.76195438837877	0.21856034332053192	111.89839633982912	8	29.308514517709302	17.598360655737704	482.6739575802007	18.75	167	0.976	85.09599455899142	0.24167581038742758	93.159803472684	8	27.515745981848287	17.670081967213115	440.35430923240665	17.75	
9940	0.968	83.93742846265685	0.22725869654081726	107.73855351118674	8	28.356440297671487	17.793388429752067	341.49765679478895	17.5625	77	0.99	87.4079567727118	0.2355426122247588	98.763916289509	8	28.09619739776614	17.585858585858585	538.6659278481104	18	
9960	0.986	87.86625793075653	0.21770608086656612	117.11768080136268	8	27.937190775071418	17.5841784989858	511.786772863147	17.857142857142858	50	0.99	89.38729075270095	0.24492959969740133	94.77242705078682	8	27.933855111181575	17.66262626262626	496.6415461865203	17	
10000	0.982	84.71798057155547	0.22508643719037602	100.61127526503809	8	29.102602606177612	17.729124236252545	416.53543405190743	18.22222222222222	1	0.99	88.62708586932288	0.2432036711225656	88.49048916751661	8	27.79994113308033	17.674747474747473	466.28660618171745	17	