index	success_ratio (division)	success_rate (division)	mean_second_ratio (division)	second_ratio_SNR (division)	probe_index (division)	mean_time (division)	mean_total_iterations (division)	total_iterations_SNR (division)	mean_total_iterations_failing (division)	order_index (division)	success_ratio (sequential)	success_rate (sequential)	mean_second_ratio (sequential)	second_ratio_SNR (sequential)	probe_index (sequential)	mean_time (sequential)	mean_total_iterations (sequential)	total_iterations_SNR (sequential)	mean_total_iterations_failing (sequential)	order_index (sequential)
1	0	0			57				1	0	0	0			57				1	
2	0	0			57				2	11	0	0			57				2	
3	0.01	7.127583749107796	0.8		57	112.078125	5		3	12	0	0			57				3	
4	0.35	141.58576051791772	0.7333333333333335	62.62691948634583	57	114.59078975340134	6.942857142857143	171.90131569496847	4	8	0.35	145.65126924709946	0.7442176870748302	72.53149372802226	57	124.95731558248302	6.914285714285715	141.94648555671958	4	
5	0.77	201.41250327004994	0.7047258297258298	89.4917719155343	57	116.46573505704366	8.7012987012987	164.6577719392799	5	10	0.75	201.1802575112071	0.7044708994708994	91.46206507793876	57	126.21863932291667	8.466666666666667	117.01878468430658	5	
6	0.91	199.95605361453332	0.6787129537129535	110.2684863168187	57	116.44254961618242	9.89010989010989	110.48863326031656	6	9	0.9	199.42388655010052	0.6857014590347922	94.37118801385931	57	125.38210937500003	9.688888888888888	122.8257622771795	6	
7	0.99	198.87505022093333	0.6819994819994817	91.26791271816033	57	104.57237671029694	11.181818181818182	130.30018912066015	7	14	0.96	187.3902010539251	0.6677573005698009	86.37404535614704	57	124.02170452363929	10.739583333333334	108.4588418071421	7	
8	1	173.37031900144075	0.6353066933066929	103.08306730601846	57	118.09312429497582	12.05	136.17050542327905		7	1	175.07002801139714	0.6463260073260072	95.89531871335055	57	120.09713400076487	11.97	109.5982235278561		
10	1	146.2629808396342	0.6303050258564965	87.93404540391585	57	119.78980959366918	14.08	132.09100311318778		83	1	144.73874656232798	0.607335676578324	95.87974247917045	57	121.05182376981739	14.04	137.73461743135982		
11	1	136.01741022849635	0.6005362888745246	110.8594772904218	57	123.44218304890066	14.9	158.1473200139231		85	1	137.76002204168748	0.5995402344473555	101.82328619379835	57	125.18002133086934	15.01	118.59869003349428		
12	0.99	132.3175621491662	0.6150241418559272	83.89302027226289	57	108.72826689498676	15.95959595959596	175.0419325707377	17	82	1	129.9545159195265	0.6018068745839646	114.35043218658565	57	120.22915650171113	15.96	129.07858605310676		
13	1	123.24377618936963	0.5906715686274512	110.07678573051693	57	119.5237258115177	16.99	167.37453650375866		86	0.99	122.26750648390754	0.5836336918251265	101.6117550087594	57	113.65704977399332	17.2020202020202	150.206905693698	13	
14	1	115.313653136584	0.5840949002407986	107.91245582072418	57	117.4559085970086	18.06	188.84348941378977		84	1	125.53351744907087	0.6160304437564502	89.8913085538506	57	104.56360895296989	18.18	195.49407502406052		
16	1	105.6747331713423	0.5742759467839558	94.62204442177891	57	113.87527625582995	20.2	204.10373281740831		6	1	104.13412475261329	0.5578093058733795	107.71217392036712	57	118.57694195780408	19.95	214.53998265892548		
20	1	87.38203425374675	0.5546381704446923	91.44102767347925	57	115.66899998062112	24.31	220.26027511530322		87	1	85.46278095886859	0.5407723066788287	99.2156352691119	57	121.72448002040419	23.96	239.80806583238316		
24	1	76.94675284706699	0.5286931286820747	95.24829367285555	57	112.50549089046241	28.14	252.17857610786638		15	1	73.12079555423198	0.4981832531782475	117.9654055753789	57	123.52356987660738	27.92	277.29677399776		
28	1	66.78242286629276	0.5104698131696472	103.18862240730165	57	111.95267091839068	32.18	276.49521031785787		17	1	64.59113809584548	0.4901389027507386	119.47780213024772	57	120.61732281491346	32.06	303.11972564268433		
30	1	61.62948354490501	0.48314557201844344	120.06317695652731	57	119.43755305240462	34.11	313.82055565713785		19	1	61.39866150917208	0.4906301279315983	106.97150555488352	57	122.62116939192377	33.93	335.0536996402643		
31	1	61.22199093915619	0.4821282367164717	125.8952502546367	57	123.20258831022942	34.88	399.9067376255222		21	1	59.64451866874346	0.4985220754709918	101.94030789634205	57	120.57849008032996	35.32	289.6254420729324		
32	0.99	57.37799930450034	0.500070082474623	98.1763469995063	57	118.85429211376486	35.91919191919192	364.3235529411993	33	5	1	58.70611717740106	0.5009835793487912	86.18172522970177	57	120.25538076880075	36.12	278.75380029063587		
33	1	56.79881858458593	0.49099549319735436	156.8223102067739	57	116.6793153561997	37.19	297.2780538824826		20	1	57.16572343224754	0.47947849988543145	120.96539974630775	57	117.42302450948229	37.07	331.56754271798366		
35	1	54.71058102636976	0.4831401002315636	81.056624740118	57	119.11297751521084	38.96	421.23893683799497		18	1	53.786574870889986	0.4801101041960895	117.5114280838349	57	120.87274847192512	39	386.1		
39	1	49.76857612104431	0.4784881223461953	107.06519111623115	57	113.30608404221115	43.29	351.583098341449		16	1	49.058084772361525	0.47011652778458335	80.88423599001695	57	118.9673775736449	43.02	385.6531586924392		
43	1	45.02679094062336	0.4560515462089863	109.63874831081321	57	121.0729387985922	46.97	472.35819892648		88	1	44.714720085856456	0.44849293556460523	112.51524169013	57	121.40773943778153	46.97	510.684053874239		
47	1	41.35307253328803	0.45136224607800607	118.31181470499794	57	116.36774811096723	51.09	526.7798930614224		13	1	40.98024752069581	0.43550734909025673	107.04806264697294	57	122.64644959777861	51	485.8402515230701		
51	1	38.32151753208743	0.5048336193887564	72.82775507218122	57	116.14824960836353	55.45	313.4328122572859		89	1	38.12137846904612	0.4352523975059695	143.31463728360094	57	124.13714117086874	55.13	449.6836240437082		
55	1	35.93373818678177	0.47998649055174675	83.28421980838014	57	117.1562584389466	59.25	578.6722201049294		47	1	35.40700350528984	0.43802151935154976	138.29820808600337	57	120.82510234801195	58.97	535.3738232399932		
59	1	35.56061306496807	0.540606813382976	62.98577315062549	57	109.00135640558433	63.15	616.7620371244943		90	1	33.26016097918326	0.43763763099250835	88.51001464080542	57	121.72696849011272	63.01	603.0774369773358		
63	1	31.460391367266748	0.4118436413251467	124.10000972700585	57	126.89784706640305	66.8	883.7260225076225		4	1	31.573629704472452	0.44176772216745697	101.97855191353082	57	117.82445710505637	67.22	614.8143863576435		
70	1	28.426857695153764	0.48165312242269714	81.40245239307164	57	116.80812893949322	74.32	768.093682576247		65	1	28.934347964465893	0.4573619180876028	67.85619926436421	57	115.33712526395355	74.32	597.2583589430432		
74	1	28.318985047573467	0.4623668432810391	74.71720396310484	57	114.09558109788618	78.13	792.2892879363375		91	1	27.890890835053995	0.44732103275036417	93.47284774918268	57	116.11813155707179	78.24	724.6944563925498		
78	1	26.23432499082127	0.4385755684954385	78.9412299913296	57	118.17593978115725	82.11	713.5273597451394		36	1	25.785822954540524	0.4043925645801689	120.17342706143255	57	124.18238291710348	82.02	837.6902400506647		
82	1	25.152170632324538	0.46419444841942487	93.61989135512758	57	115.947220920893	86.19	794.3428461355885		92	1	24.368253039941226	0.4085852375288707	76.07751970516672	57	122.93206143196215	86.08	706.830035438787		
86	1	24.065651096188454	0.4890828399242889	58.319998308463305	57	115.61256959470231	90.15	936.8662818140059		48	0.98	22.761584020441436	0.39612785717221155	99.11667008883286	57	121.53133937774874	90.20408163265306	786.0136392247605	87.5	
90	1	22.802937018287228	0.410666742698274	107.67040280125377	57	120.34297346221133	93.82	1008.869863517963		93	1	22.17294900221615	0.4306335764049693	89.35194027494876	57	117.62114916371132	94.51	724.0486121240443		
94	1	21.951487213261224	0.4549449594181646	46.33281697433127	57	117.64734993316024	98.23	750.9306989542579		29	1	21.326508850499586	0.4262998940389055	76.82308294354908	57	119.58980144637991	98.14	886.7848294363838		
97	1	21.178364183153416	0.39082638470542114	126.39688939877145	57	123.09277548857324	100.97	1015.414250491793		68	1	20.956452491719954	0.42075907331587503	97.1766223700803	57	115.37043621206186	101.15	717.5668193940202		
99	1	20.799534090438186	0.4672427129225571	76.29982729604666	57	118.08005225244757	103.34	845.4224801063438		69	1	20.68166776969064	0.43647019203809145	70.9295198007712	57	114.98268721146371	103.05	987.4139279597009		
100	1	20.685518068798338	0.44376983887417587	88.92503152173622	57	118.1920081550059	103.94	1010.7743324289115		71	1	20.284798571950468	0.4069468995413065	80.87035989571208	57	119.93152351019755	103.95	1131.2945294736107		
101	0.99	20.06566946370014	0.4544468933801834	87.10649155390763	57	116.233964519512	105.32323232323232	783.2576597518342	102	66	1	19.899309493959915	0.4272998657314915	99.16880998496958	57	115.98538074558877	105.39	841.3380888668346		
102	1	20.241685727586248	0.4488888514405716	96.24247275091169	57	116.67297619126514	106.25	927.0230108370338		72	0.99	19.38060373516887	0.44871328446632264	69.25582796595181	57	117.71243698168323	106.18181818181819	997.9458720364308	106	
103	1	19.72736777731847	0.39195394816644247	85.79310802899097	57	125.1514771874973	106.97	1177.3242508156884		70	1	19.605536603537825	0.39524865842150947	111.85962771310135	57	120.72574475762698	106.97	1163.0375397691316		
105	1	19.554165037151133	0.39418625607428665	83.31891037053019	57	122.28710985298319	108.94	962.1850431886782		67	1	19.2278111059818	0.3928334694981036	95.35607681078919	57	121.21423219811204	109	1068.4682136261292		
109	1	18.88574126534425	0.4906827097045499	81.63617556742616	57	116.17371556950779	113.03	1125.1458463792003		37	0.99	19.090961683090207	0.4753015074371369	61.95688865816717	57	110.23609934664312	113.39393939393939	848.2253870430587	110	
113	1	18.202668511203896	0.45634446953234253	53.120299797171604	57	119.40414503753445	117.32	975.5070146040457		94	1	18.045655508435207	0.4010867298096192	79.74972063276088	57	119.76804127444167	116.9	1175.0702703707886		
117	1	18.558729098229588	0.5343013736077675	58.52034127384396	57	109.37418744199249	121.31	1055.7994730127305		49	1	17.32111617272638	0.43505694102406645	80.77736996179647	57	116.82898882465322	121.24	999.3975154612973		
121	1	17.099570800772625	0.43544812034903985	55.32617730453732	57	121.14424806762081	124.9	1296.2146834550192		95	1	16.772051054122947	0.4090214940617334	62.719364403001585	57	118.56931538415293	124.99	1115.7722651252204		
125	1	16.363666115758797	0.3838631644803742	160.98430018750634	57	121.65899730264259	129.11	1242.7185101664713		3	0.99	16.086313634369343	0.42255690938190005	63.248575396286	57	116.44455463376482	129.42424242424244	1111.6460799051695	127	
132	1	16.398281460104357	0.5299760723139528	57.79046677398739	57	108.8032953958541	136.33	958.9002466095661		73	0.99	15.397296918986003	0.426354080750735	61.97586098804293	57	115.27644647749881	136.37373737373738	1214.1048307627714	133	
136	1	15.316985004672063	0.44902496794535274	70.06968855060634	57	118.11449322260097	140.29	1308.9166743923472		96	1	15.171744143707135	0.43119944299633217	69.54305680295016	57	114.74732223482482	140.28	1387.6623138465577		
140	1	15.047776690994697	0.48662918947516715	54.192446822959944	57	111.65395772343753	144.69	611.1296238346977		38	1	14.68277856901625	0.4255585065477813	62.01782211227281	57	116.8111251010384	144.07	1533.4710969525127		
144	1	14.368848336805806	0.47634412928654335	86.27184762808535	57	116.620616505398	148.41	1259.0000569165481		97	1	14.24075419034173	0.4430926943564984	73.73368267450982	57	116.53619279125856	148.14	1385.5461146695313		
148	1	14.26981363623334	0.4808436968397894	43.149036161992264	57	113.57082288583496	152.26	1429.1918466938196		50	1	14.126488578734866	0.4557888449231282	65.50556737000709	57	111.73206594872387	152.12	1394.9117801933066		
152	1	13.817689405978687	0.45630494945616995	64.23368123921766	57	118.14838559792405	156.16	1451.5161958446572		98	1	13.372380684932963	0.39780346484647516	90.19898942980754	57	118.77887944963602	156.13	1300.2746812381854		
156	1	13.098949464252248	0.47439505921138225	77.99457998146107	57	117.8889891193864	160.28	1412.712175629118		30	1	12.984652141169294	0.4189494727366308	74.76795733722425	57	116.11928055120961	160.65	1224.3174338381366		
163	1	13.061650992685475	0.47889810166585123	53.20583816912021	57	110.64644037008787	167.17	1577.1759853941614		74	1	12.652942441764944	0.42528052991223286	57.87883645572073	57	116.96379371066134	167.37	1414.040105195471		
167	1	12.502500500100712	0.46329796084255526	104.75251978575672	57	116.13133281843035	171.44	1520.2626732185674		99	1	13.051763293221232	0.46286116433401714	44.62392372852925	57	114.17294485081882	171.1	1719.884715658186		
171	1	12.327872086000102	0.4048463139862413	55.179816584372084	57	117.29841327224356	174.94	1940.701274670485		39	0.99	11.834319526627548	0.3979798442219625	67.26299365484057	57	118.87314030824919	175.2929292929293	1331.3025644716822	173	
179	1	11.721130854704494	0.44417025723346504	96.50746569868404	57	116.63703034461176	183.34	1460.5368709961529		51	1	11.432099047706089	0.3869332300521918	81.3877085660613	57	120.1408992342556	183.2	1501.0122480403425		
187	1	11.19570085087352	0.3897108938101587	88.45528416899889	57	116.52821774339874	191.3	1750.8834343751244		23	1	10.970927043335442	0.39697220060189925	62.17888506159548	57	119.5876455122452	191.03	1779.797394179843		
194	1	10.763683332436226	0.4324057950633967	70.21484897396651	57	116.87109077817803	198.31	1827.6613274981914		75	1	10.642260416112382	0.4279089122674764	63.77987958566286	57	114.82469859935465	198.1	2012.1384843258836		
202	1	10.601306080909639	0.4017219510383888	58.61838836493673	57	118.48374887288597	206.23	1765.6519238723545		40	0.98	9.945704571979263	0.3888438041692722	71.30210685597399	57	118.33403857676123	206.6734693877551	863.0584422911758	203.5	
210	1	10.088984846344891	0.4584836269899884	63.79033349885594	57	117.25011081082374	214.1	1959.5616481950556		52	1	9.812098317225363	0.38671806767713707	85.3086688858468	57	120.61472983465428	214.32	1892.0239555574633		
218	1	9.883571527407154	0.4891932772382217	57.41317108405984	57	112.13176247420171	222.05	1968.183990907387		26	1	10.13993104846863	0.5437820820672377	64.52633739738035	57	107.06262989654799	222.19	2030.2249107734558		
226	1	9.288500835965376	0.345175005729215	129.15587382933657	57	122.50761684033729	230.05	2473.9309779792384		53	1	9.353749450467506	0.41540721696895083	49.11723852892281	57	116.71096160324547	230.23	1888.2192853796735		
234	1	8.867213478164349	0.3869939290083778	60.79901029295902	57	119.44457081707036	238.3	2045.659826802218		33	1	8.888098835659605	0.41147165510960737	63.03305141690161	57	116.10615522890247	238.41	1605.2469801206526		
242	1	8.73263297616883	0.3412280291838682	139.98735977129016	57	123.425755918976	246.13	2374.460448484028		54	1	8.585754516107253	0.401014940522704	59.95861438500332	57	117.64754636944593	246.13	2142.810128201882		
250	1	8.430921246764578	0.37558014542736656	159.0596952866046	57	117.08922853150884	254.06	2930.9917663602346		2	1	8.324731111185335	0.3456403239739221	134.29506046021936	57	123.4289725804543	254.07	2875.606662790377		
257	1	8.59077007662948	0.48923414926192454	54.43352865512117	57	109.86913257900208	261.31	2145.477459955186		76	1	8.191953862916094	0.43983069325233326	99.41296087900064	57	117.00107555702462	261.11	2562.1593829278945		
265	1	8.116553711293724	0.40820992502775644	40.853260408544614	57	117.3720136224556	269.1	2442.167298947888		41	0.99	7.758803106656282	0.3666223420928963	73.68947476509064	57	121.191938966426	269.1010101010101	2677.8000794820687	266	
273	1	7.769887025842461	0.4002386022255239	44.09389667806232	57	118.41879608256757	277.13	2840.237398512296		55	1	7.659548393026419	0.41638592029129695	72.80681633168167	57	116.44815031549678	277.32	2119.689152874273		
281	1	7.414217503484471	0.42064365399320053	49.771289296917445	57	116.85018863386956	285.21	1875.7699473031184		31	1	7.400335975252945	0.3425730563873676	115.88508411084035	57	122.55421820625529	285.03	2809.0447917670595		
288	1	7.252946509519308	0.4187150999958685	59.03509100016476	57	118.12142195277868	292.21	2457.3347459047945		77	1	7.196160128954924	0.34850420568649215	75.43622923798776	57	125.14737562107275	292.11	2316.924226306668		
296	1	7.200720072007291	0.3438410825266842	161.42014340834183	57	123.45859681504933	300.22	2898.3413075716912		42	1	7.449399950833624	0.5078025961784114	57.10780009794873	57	109.37391704301479	300.42	2319.8823999496303		
304	1	7.122050580803243	0.44859870218352343	49.748269920492234	57	113.79536011155065	308.41	2808.4925721936297		56	1	6.933033826272285	0.41798277285621327	116.01382011573826	57	117.03467407060643	308.45	2336.8972257345167		
312	1	6.754839842747105	0.36433997948402486	181.70787055523704	57	117.50150620260123	316.13	2993.442764848863		24	1	6.747456209009458	0.4169396756212601	113.19182728382717	57	117.63695047614645	316.21	3152.7850424896196		
319	1	6.47441956828584	0.42834480294504457	55.34364565101165	57	115.70471367700145	323.51	1990.1298165550984		78	1	6.689723915094003	0.4325592757115665	44.59611548446905	57	115.32164443605969	323.38	1987.1445893491455		
327	1	6.810318995341618	0.5853937245920874	111.8812143579063	57	105.10663210820749	331.35	2338.6476759195393		43	1	6.433143555598443	0.4076154048944866	77.96585912153853	57	119.25053368706922	331.3	3085.4421545853093		
335	1	6.339787236740325	0.4099500741250598	124.59085443871442	57	117.59714394368055	339.28	3116.485799741038		57	1	6.28164378054453	0.4184268070229225	116.3519051840098	57	117.98622398008084	339.25	3082.039793537288		
343	1	6.277857994852111	0.4852781060113612	52.13185236119448	57	113.60735780189762	347.26	2707.407083037995		27	1	6.133689905173277	0.34503264865871275	94.10298156090933	57	121.92799571076993	346.92	3411.388895026058		
351	1	6.0524993796191	0.42555879750491493	69.89046912284077	57	117.14088015586256	355.51	2943.297644380427		58	1	6.01804209018648	0.41485198557112585	103.15398258237518	57	116.65510951698032	355.29	3126.2123805610436		
359	1	6.040982022037436	0.48714515916844414	52.394594314976864	57	111.5219379463817	363.22	3266.820831994919		34	1	5.898208714013457	0.4430102934716853	89.55753521365881	57	116.17616672009704	363.45	2002.8422409916718		
367	1	5.75894219749709	0.36269075075911855	71.1420247552454	57	119.39166655233994	371.31	2089.8672680991963		59	1	5.730166461335625	0.34183662392469166	81.93583433071929	57	122.94519258439303	371.09	4003.908933325644		
375	1	5.847953216374457	0.44281062354379086	44.4557884102376	57	114.65989483906274	379.12	3310.236007130782		22	1	5.774238810968806	0.4058204746833652	36.82864575315791	57	117.2904269289501	379.14	3790.8198760753994		
382	1	5.5673707534879435	0.4476295929699124	45.20125818178296	57	113.78004149868418	387.17	1242.2051624748613		79	1	5.604909901073413	0.44041224943536333	63.539402837159415	57	114.22068785150317	386.25	3736.1703639774623		
390	1	5.490402775947615	0.41200478947396457	56.07072767542739	57	117.96010071918154	394.32	3189.9662193195404		44	1	5.488745327705441	0.40783304899783895	49.34015562985829	57	116.90102993286833	394.22	3488.5188255775956		
398	1	5.363253134821384	0.3868645676413838	47.40839678598946	57	117.72148333439178	402.14	3603.805707049971		60	1	5.303689246239672	0.42782026594997774	131.38162769381816	57	117.07671578301151	402.26	3845.595856733535		
406	1	5.176814085075569	0.42192439838359147	48.59542494274275	57	117.29527548219336	410.17	4018.5090360443146		32	1	5.223295899712592	0.42342420476461146	150.132602901969	57	117.78111761378608	410.43	3452.5003205710423		
413	1	5.101910665544126	0.35672911667838336	51.02981629606687	57	122.92300818104911	417.06	3743.6524885783397		80	1	5.072125626407611	0.4099446662090528	72.9373484066203	57	118.29515407311317	417.23	3655.0916400116726		
421	1	5.20272414636308	0.5106838405873819	76.3195494303139	57	110.8431815052825	425.28	3227.6126981737752		45	0.99	4.940834751535993	0.35149192271393304	67.63357562483928	57	117.27963050105294	425.8181818181818	1574.1889971524288	424	
429	1	4.9921124623094695	0.3906981526613829	33.47811051033628	57	121.81653223783309	433.37	3583.899235808268		61	1	4.998600391890132	0.42887382524548157	126.45012919275189	57	116.29930322991642	433.39	3553.450032011809		
437	1	4.788056671438786	0.349490359233923	64.09640020032695	57	122.47974023919689	440.99	4181.870787211374		25	1	4.989347742569567	0.46928080011803686	56.77588973381352	57	110.92800006540787	441.35	3850.744525486352		
444	1	5.0251761324234	0.5676640990976456	106.38225776976505	57	105.7586247870625	448.38	3514.142864726576		81	1	4.753913659420001	0.35097408706683864	67.47097168809343	57	121.72176489852978	447.98	4268.373176922816		
452	1	4.9217927137778865	0.5016464350673574	54.15877360264149	57	110.8600705923651	456.31	3882.414379999931		46	1	4.753913659420054	0.34544953936355066	76.32626887160995	57	122.41806108967722	456.14	3463.0423663501065		
460	1	4.720699796537906	0.4312869613439842	36.64573973690561	57	116.57732860872333	464.12	4021.24382922746		62	1	4.66259156164163	0.3734731114128828	54.95550074159687	57	120.35269209143772	464.09	4057.9840095482245		
468	1	4.53736977748754	0.3725533983221233	48.41637010875584	57	120.49627667293285	472	4455.339987026803		28	1	4.595355933293843	0.37340823881031776	81.81872461931961	57	119.01543717396251	472.25	4704.7722957719525		
476	1	4.482315026064634	0.33764555854875	85.50479951075118	57	122.89194626349133	480.22	4249.5472335723025		63	1	4.519324632126985	0.4028539000032884	70.35797101196164	57	119.29612385381303	480.22	4283.912561328567		
484	1	4.453747828797841	0.39223289275784856	52.63337366014514	57	114.81315937827742	488.37	3879.5777742895198		35	1	4.497009488689974	0.32241877715371964	235.51175284338524	57	123.666405219012	488	3795.749201409387		
492	1	4.366030536017617	0.42520240989019975	44.46240773969687	57	116.94517732042954	496.21	4266.2403756477715		64	1	4.380930684914757	0.35900422584705355	92.86049585155948	57	119.68615242374311	496.14	4769.848414232484		
500	1	4.439886161318757	0.47448761633661535	49.03956579966675	57	111.31840228625755	504.28	3761.432632175047		1	1	4.3096760847454965	0.3724948887726698	44.15517629688758	57	120.6207204474699	504.23	3901.4520306657528		