index	success_ratio (division)	success_rate (division)	mean_second_ratio (division)	second_ratio_SNR (division)	probe_index (division)	mean_time (division)	mean_total_iterations (division)	total_iterations_SNR (division)	mean_total_iterations_failing (division)	order_index (division)	success_ratio (sequential)	success_rate (sequential)	mean_second_ratio (sequential)	second_ratio_SNR (sequential)	probe_index (sequential)	mean_time (sequential)	mean_total_iterations (sequential)	total_iterations_SNR (sequential)	mean_total_iterations_failing (sequential)	order_index (sequential)
0	0	0			133				8.026	0	0	0			133				8.032	
2500	0	0			133				8.09	3	0	0			133				8.106	
3750	0	0			133				8.064	4	0	0			133				8.286	
3828	0	0			133				8.01	8	0	0			133				8.076	
3837	0	0			133				8.006	19	0	0			133				8.116	
3839	0	0			133				8.01	37	0	0			133				8	
3840	0	0			133				8.008	51	0	0			133				8.02	
3841	0.994	346.3173298022169	0.39374232407431775	123.1562204946281	133	33.85180910073762	8.73440643863179	279.0995483043044	8.666666666666666	80	0.996	309.7207537776998	0.38714258187149886	119.66031759970022	133	41.90463978110993	8.642570281124499	298.99789061611443	8	
3842	0.994	320.91431523226044	0.42557610620990893	103.81515615346983	133	38.01742358256721	8.90543259557344	233.269847132839	8.333333333333334	24	0.992	303.6238981388889	0.3999215949820801	120.17027476458075	133	40.90457327536009	8.735887096774194	280.064449346256	8.25	
3847	0.992	302.42058411263974	0.4687548338757996	87.76425870760849	133	41.58736297280806	9.15725806451613	192.628306987745	8	14	0.994	298.3909702195899	0.41040891815539843	123.58131304331069	133	43.235467601616655	8.730382293762576	284.3750611891212	8.333333333333334	
3867	0.998	304.6212074971436	0.42269336653104306	111.29928722483331	133	40.57270515620889	8.887775551102205	258.2611256075103	9	9	0.988	285.4666281413105	0.4300816086747274	101.62045694403949	133	42.292613495511354	9.04655870445344	220.81977086476192	8.666666666666666	
3886	0.996	298.22145038741075	0.4532501802080123	93.8933878633422	133	41.173576615428786	9.186746987951807	209.79608658654092	7.5	250	1	287.2737719046443	0.42800606060606283	127.18275286856952	133	43.00665028409089	8.976	313.8160005688155		
3906	0.984	279.7520896130412	0.4781078846627631	94.34816615951651	133	42.44662282730714	9.325203252032521	212.5670904117706	7	7	0.996	285.9932234546898	0.46206282004474863	110.08698411101945	133	42.37701907861514	9.17871485943775	224.4469071590134	7.5	
3945	0.988	287.1425249932509	0.47499079867501076	123.99821242697966	133	41.343107582578725	9.303643724696355	276.8634651087808	7	143	1	287.80291256415603	0.4549287878787902	139.65902209984364	133	42.457484240845986	9.168	287.1137972524575		
3964	0.978	277.96725784440855	0.48642826725648947	101.14697519232615	133	42.17880640722496	9.484662576687116	207.3806311704249	7.090909090909091	222	0.996	282.8259881866005	0.45903918705123703	140.93865099673303	133	42.75129964103569	9.214859437751004	294.39363214696806	8	
3984	0.972	267.5180271906428	0.516996971935243	105.57191342226237	133	43.48700151006042	9.633744855967079	193.87468854241735	7.142857142857143	115	1	287.37283751931693	0.4840812742812751	144.3501113354635	133	40.33678494879685	9.354	296.1916588309811		
4062	0.976	263.584314570747	0.5735033181754478	106.54846134493158	133	42.25327635477938	10.25	186.61562667926412	7.5	6	0.994	267.11813393529303	0.5001022060881227	139.03139475882924	133	45.11941506523239	9.458752515090543	262.50952952318306	8.333333333333334	
4101	0.98	261.15226776052646	0.5176678083820928	137.42122602792608	133	43.44997247079557	9.769387755102041	239.78020509057248	7.3	93	0.99	255.06260627523525	0.5636723882178404	137.10697966022062	133	44.467742208776784	10.018181818181818	226.16338532410887	7.6	
4120	0.968	249.02243259946732	0.570638119914978	128.06434986484706	133	44.27307775069083	10.146694214876034	204.45355691495118	7.125	251	0.98	274.61749705777	0.529981288552717	131.16167301082743	133	39.70258748614361	9.806122448979592	218.2834337459049	8.2	
4130	0.946	250.59602649045266	0.5718021818444633	119.48624767446658	133	43.121232774733095	10.093023255813954	192.58416287210468	7.333333333333333	257	0.998	262.7422072451784	0.5166374318177933	142.33555141440436	133	44.708598489623256	9.625250501002004	268.4103452786935	7	
4135	0.996	278.0259044227986	0.5348433750542179	134.52892440256224	133	40.15774348258048	9.763052208835342	227.21680853479108	8.5	267	0.982	249.56795771143433	0.5391932801301436	128.55965377088245	133	44.84992374811366	9.947046843177189	222.32477924143157	8.222222222222221	
4140	0.994	260.7418288661968	0.5036455328708854	129.71335851402796	133	45.42784448074666	9.567404426559357	248.73100150302724	7.333333333333333	66	0.988	263.0878202039134	0.5442459081629106	142.32784525289293	133	42.936920945522395	9.882591093117409	238.53419883567454	8.666666666666666	
4159	0.996	257.3510412895338	0.5266748033314292	122.08073562930544	133	45.1340331586337	9.74698795180723	212.81950933143025	7.5	130	0.99	260.48518654833686	0.5619914765369297	151.26631338033474	133	42.791852354799175	10.048484848484849	230.23825411875075	7	
4169	0.99	253.45622119892718	0.521191087251693	125.91244955452134	133	45.4101923788193	9.749494949494949	235.30681996478347	7.4	180	0.99	266.86074720926814	0.5372862659226288	134.14072646160398	133	43.5421510089544	9.745454545454546	226.9644770014964	7	
4179	0.964	261.8284534724005	0.5941769675690826	109.51679932083047	133	42.27667126890013	10.29045643153527	177.30350370601647	7	67	0.99	261.79394964979053	0.5617927134593788	131.15783789912098	133	42.96400227523513	10.107070707070706	209.2531619329305	7.4	
4218	0.96	258.64856126873434	0.5718313746438741	104.06067062806073	133	41.67530878303645	10.10625	177.5257416133138	7	56	0.996	269.80171199545583	0.5142147845461098	145.22207110240223	133	42.29029634020166	9.636546184738956	247.25084318102435	7	
4257	0.968	264.68336432337946	0.5883340316708079	103.86187813223148	133	41.427617952027795	10.305785123966942	168.8816076039071	7.3125	76	0.982	259.5000264240392	0.5475577488815758	128.35981498267142	133	43.70249166131714	9.824847250509166	221.37078423283373	7.111111111111111	
4266	0.978	257.5446358027402	0.5779832301304673	135.38722188891333	133	43.06302029116327	10.1799591002045	204.49356473511637	7.2727272727272725	254	0.982	261.28139633743353	0.561510411968659	125.52237471678457	133	43.17389816686398	10.057026476578411	211.59457485798185	7.222222222222222	
4276	0.996	269.0146931734413	0.4988747530916202	141.82282571482685	133	43.951194750684664	9.504016064257028	235.44254383055528	7.5	91	0.996	265.4725731650094	0.5261121018651136	139.58094904727042	133	44.10625128887613	9.636546184738956	242.14199979580275	7.5	
4286	0.958	266.9267205344312	0.5720818267791116	109.40232645295998	133	41.66550415915671	10.066805845511482	183.2054591572822	7	96	0.998	263.3662321205717	0.5096681708405162	141.68270189345094	133	44.928640203538635	9.59318637274549	253.76694649265596	8	
4296	0.93	246.13593055195358	0.6311073096556956	119.31804045493713	133	42.73442189516915	10.780645161290323	176.89653714264944	7	57	1	267.9241238896258	0.5281331390831382	140.60589511472662	133	42.8477151304208	9.64	249.67415904327387		
4305	0.952	249.60671211431833	0.6023671997936687	115.6355189796883	133	43.33967068837381	10.455882352941176	181.10237513319106	7	161	0.996	271.74506165971957	0.528229585006692	151.18368808781003	133	41.52143025423978	9.704819277108435	270.6436413893163	7	
4315	0.972	257.37435788921533	0.5309058454120177	116.14350059718646	133	45.59757642374954	9.736625514403292	201.67209450870754	7	95	0.986	266.3281292204836	0.5500940911691409	135.7625476914653	133	40.810445829129655	9.878296146044624	220.30150652970084	8.142857142857142	
4335	0.966	263.08622474120745	0.5611489154967412	112.80310337970366	133	42.28910378130823	10.028985507246377	184.8863532568912	7.0588235294117645	58	0.988	260.93386858148267	0.5580191513389882	127.30024316357712	133	42.23227270490839	10.072874493927126	209.21892742029172	8.166666666666666	
4355	0.986	267.36807853028137	0.5159274520836384	122.42184041228529	133	43.43681485111571	9.657200811359026	212.26016210677813	8.142857142857142	172	0.988	258.77422734420657	0.5447985381689832	135.25697702202433	133	43.87356954571062	9.842105263157896	222.9412699129743	8.166666666666666	
4375	0.984	254.9222797936687	0.5236873108824325	127.56403887831156	133	44.215247544938656	9.810975609756097	198.0821841237401	7.875	5	0.996	275.3358765951284	0.5189588189588181	147.86033618471888	133	41.89984558947106	9.602409638554217	260.6361588757673	8	
4453	0.982	259.980938262367	0.5335335574133937	114.49488534165522	133	44.99622823846424	9.778004073319755	197.11748630170203	7.111111111111111	108	0.99	257.31662941215455	0.5799868145322675	143.37929074563155	133	43.69831175886927	10.218181818181819	216.73356619321373	7	
4472	0.98	272.17685941192593	0.5456621156621162	117.7214283064401	133	40.46378280542622	9.953061224489796	196.1115794681296	7.1	131	1	262.85353800906233	0.526374553224552	153.33525426510823	133	44.235590726222554	9.696	268.0544025811714		
4482	1	269.83270372328445	0.4955338383838395	139.21932259034864	133	44.36867015269885	9.464	270.6993402121522		244	0.984	257.8616352187255	0.5754610678391142	153.2101826908214	133	43.64910103069938	10.136178861788618	245.8269564998607	7.625	
4487	0.996	259.6319274268479	0.5152821464568451	147.947679268784	133	45.67725395926165	9.586345381526105	244.15651608637341	7.5	268	0.99	274.55765710873374	0.5244090869848443	142.3406700489453	133	40.38480600166265	9.765656565656565	226.20929785941541	8.4	
4492	0.952	252.8015295558918	0.5967820986203327	107.8285003528997	133	43.551674057725876	10.413865546218487	180.20756943710688	7	109	1	269.96382484693083	0.529023232323231	155.9223264401081	133	42.169528599698964	9.72	269.1279481178561		
4531	0.958	255.5757123031448	0.5576748292301517	99.33739362634734	133	44.574321815360115	10.075156576200417	168.8712894793786	7.285714285714286	106	0.992	268.76185315481735	0.5144285206281168	140.21861541726238	133	41.98709083054391	9.61491935483871	263.82076539623085	8	
4540	0.996	273.4911307607875	0.5055768528660101	132.44736925641834	133	44.046108960383876	9.497991967871487	259.6592355255488	7	299	0.996	273.6865245104823	0.5212097418422714	146.64988624956857	133	41.120620703817316	9.785140562248996	237.86475742280874	8.5	
4550	0.982	266.673908319234	0.5562926381154477	116.56367831460851	133	42.16829544641673	9.985743380855396	192.67715457790214	7.111111111111111	132	0.988	271.38383783010255	0.5076519240992929	147.3824893952837	133	41.85069481784892	9.538461538461538	242.26324935154227	7.833333333333333	
4570	0.988	263.1859350036269	0.5397452019415575	113.75531552277869	133	44.04840145901953	9.894736842105264	194.26723505325327	7.166666666666667	122	0.994	260.87869403331104	0.5281300467920177	147.22551987736455	133	43.7643565377734	9.730382293762576	266.53848614045285	9	
4589	0.98	267.6133260505213	0.5625387311101594	117.90095432007152	133	40.586340571166154	10.053061224489795	188.98817891784574	7	252	0.986	272.2854302423708	0.5409409274520828	144.05518615994924	133	40.10399977600148	9.831643002028397	235.18384337079286	8	
4609	0.974	254.04277516936602	0.5623240380427236	112.39556726518322	133	43.97561856156705	10.11088295687885	178.2440477568572	7.153846153846154	107	0.984	261.2574341530864	0.5539556367300256	164.54263956734522	133	42.54986358994789	9.904471544715447	244.22248128315425	8.375	
4648	0.974	260.6368744986991	0.5738771381481846	103.25250053927974	133	43.54251548027837	10.195071868583161	172.35087562119168	7.230769230769231	123	1	268.0821403684646	0.516814102564102	157.8709727360128	133	43.72332577669727	9.582	276.22200118582174		
4667	0.982	257.8239865575216	0.5524164961537668	113.30120581066343	133	44.308158066947755	9.940936863543788	198.3176425519587	7.333333333333333	223	0.986	266.81820641901624	0.540501323107813	134.0878449503698	133	41.91302753484803	9.8052738336714	223.16393833589376	8.142857142857142	
4687	0.99	257.70512286451367	0.532020005807884	117.43932675740416	133	45.09852420039803	9.77979797979798	202.53564641226987	8.2	105	0.998	262.16244614960266	0.5401241488415828	150.06939740109726	133	44.43774327425125	9.729458917835672	258.07900047270397	7	
4726	0.998	262.2313311260443	0.5358514231259719	140.8949426826008	133	43.62198533898843	9.819639278557114	240.98989133688508	7	273	0.988	251.47627774420994	0.5208468207456064	138.05306828910463	133	44.90477656195689	9.744939271255062	236.15551788599234	8.833333333333334	
4765	0.996	262.94946934958955	0.5143688194893007	121.34179018643823	133	44.521220080734494	9.620481927710843	226.5901204263422	8	111	0.996	266.4098860527833	0.5243654103593858	131.86667748269969	133	44.10768140930682	9.652610441767068	232.18666497962047	7	
4784	0.99	253.58606557504086	0.5387095508307621	122.10093903490144	133	46.16575157518634	9.816161616161617	211.78288134768957	7	144	0.984	266.1041700474538	0.536107952571366	124.31800054471016	133	43.270854764364785	9.721544715447154	228.37564763734866	7.125	
4804	0.972	255.93764811204605	0.5461902980421495	118.09476585832549	133	44.59574782537078	9.876543209876543	191.97502467209094	7.071428571428571	113	0.996	261.2527541709267	0.5552545457665926	139.46136915300713	133	44.05178039000169	9.953815261044177	223.0441767868134	7	
4843	0.962	249.7274284828211	0.5895037856576306	110.89488593931523	133	44.50428959235302	10.295218295218294	182.3918365020537	7.052631578947368	110	0.986	265.4247873380662	0.5434914364427541	129.4718245878762	133	43.32128035196225	9.789046653144016	227.5291272223123	7.142857142857143	
4921	0.96	254.21035907196605	0.5674110900673388	99.1649618999048	133	45.14879673797524	10.127083333333333	163.03747490127446	7.05	112	0.992	272.2432625288223	0.5311389719151813	125.55760824359909	133	42.325008669479686	9.705645161290322	225.71941208178487	7	
4940	0.954	257.65678171965016	0.5749158423686721	101.62391446970965	133	43.43559591700196	10.123689727463312	177.18105885642427	7.043478260869565	174	0.996	270.44639947795315	0.5222731641406337	136.2320490405437	133	43.0155938947978	9.602409638554217	249.0231299697986	8.5	
4950	0.994	291.08586154398296	0.537552666425904	157.12962976858796	133	36.33754004730848	9.816901408450704	249.01892722703323	8	265	0.998	262.8390834875597	0.5182829917799856	149.9658612300654	133	43.664137783506995	9.693386773547093	253.68670795644795	8	
4960	0.978	256.6390259258725	0.5519545383042305	117.40411174700314	133	44.00939266630285	9.914110429447852	214.57244383552882	7.181818181818182	114	0.998	262.85292878137153	0.5302552657763069	159.3674386817998	133	43.38392482915886	9.761523046092185	250.49238097250625	9	
5000	0.986	269.8855860287021	0.5200476444898354	122.12999123220226	133	42.13640331199042	9.655172413793103	207.24719112945778	8.142857142857142	2	0.996	257.13843135348117	0.5176036703145136	141.43633972332066	133	46.003280088716394	9.632530120481928	271.1386537376223	7.5	
5078	0.99	268.61298024766336	0.5551968794393014	123.95401863690243	133	41.48339860657985	10.032323232323233	212.9786750183798	8	42	1	261.4105714434042	0.5576891219891201	161.69897747400245	133	44.158477744391014	9.866	289.0854177170384		
5097	1	257.9979360152875	0.5057725330225329	141.42185281470879	133	45.89383799913199	9.628	252.23084790962434		224	0.984	256.0766147918289	0.584301149392611	132.46059081959152	133	43.773467409736575	10.211382113821138	216.964549824431	7	
5107	0.992	275.15810495797825	0.537543862947088	123.33573467498951	133	41.63218695657799	9.741935483870968	208.88150409784285	7	258	0.998	255.68764091188635	0.5260497296068424	153.05121973639737	133	45.386771966408794	9.77755511022044	249.68447087643517	9	
5117	0.974	250.7594871530547	0.5759144916229093	116.47752860721246	133	44.81362979130118	10.172484599589323	178.6847583563767	7.230769230769231	68	0.98	259.1084553972266	0.5544867830582104	131.07022098835617	133	43.84961178562886	9.914285714285715	205.16231210204754	7.2	
5136	0.996	261.91227516532746	0.5121937633985824	131.84464138034323	133	45.763596645560256	9.562248995983936	247.54620917151914	7.5	225	0.984	266.1041700474538	0.5205807291173142	143.0206580725656	133	42.71603365443219	9.605691056910569	244.69681780326795	8.875	
5146	0.966	264.02099049044557	0.5848430554952281	116.07281057328775	133	41.27595504350346	10.24223602484472	180.66783675649708	7	226	0.986	282.32733936642796	0.5305968878991187	158.35053263608404	133	38.27689056793535	9.740365111561866	241.19597976283194	8	
5156	0.958	256.1086456705038	0.5884632011458728	103.01350176970571	133	43.53601740658776	10.348643006263048	169.79097356213995	7	30	1	265.2801358234558	0.5072833721833725	137.57612485811174	133	44.2897214487119	9.596	252.2337600448525		
5195	0.964	251.578892425585	0.5692874725551057	134.64511581122667	133	44.398383538236814	10.060165975103734	216.56532900507025	7	274	0.98	261.8360585673075	0.5494085676228523	124.50867860250798	133	43.01766661460438	9.957142857142857	222.2172374362931	7.6	
5234	0.964	262.0989668308441	0.5607031454023149	111.7074095756601	133	41.1474485199518	10.04149377593361	185.8817665852185	7.111111111111111	203	0.996	258.6341210078589	0.5107952010060455	141.78501006648008	133	47.037697144718365	9.542168674698795	259.6456471703926	8	
5312	0.962	252.94488851527856	0.6041063925679298	107.49068240545212	133	43.59211344179791	10.43035343035343	166.52368904076798	7.157894736842105	28	1	272.19772442779663	0.5210012432012424	139.86676047457124	133	43.077647371096816	9.678	233.66404532765364		
5351	0.964	257.8229473120192	0.5825001531433056	117.1718553951506	133	41.6945510185214	10.186721991701244	187.45938332668536	7	117	0.996	268.1455955182452	0.5408341992679339	132.2378051419962	133	41.45203152612026	9.809236947791165	218.27030287586703	7	
5370	0.962	256.0553633209583	0.5632548094086545	103.52507539694072	133	43.55816053796071	10.08108108108108	172.17868140864374	7.2631578947368425	167	1	269.1355366544488	0.518561577311577	145.2956752234323	133	43.04547019412886	9.676	247.8469900258004		
5390	0.944	249.36601859659766	0.6045685011786697	110.87945995433246	133	42.30194060689704	10.427966101694915	168.31205600412164	7.035714285714286	116	0.974	255.2277134321353	0.5499060259840544	125.57687628472243	133	42.32042568246086	9.8911704312115	194.75678169482055	8.461538461538462	
5399	0.972	266.5496627010939	0.5613225080817665	111.33223868468797	133	40.85582344614583	9.977366255144032	186.56512702833908	7.571428571428571	164	0.986	261.552336995391	0.558392711638146	128.63081895712972	133	43.6711090007519	9.991886409736308	206.6411580123958	7.285714285714286	
5409	0.99	272.93780326512285	0.53301664665301	133.52428861957625	133	39.997115999618345	9.694949494949494	245.38369864131204	7.6	163	0.994	262.96296296304394	0.5294240188606373	129.40001966833776	133	41.5819437160368	9.76056338028169	233.87165046527056	8.666666666666666	
5429	0.976	263.21467098071923	0.5442527815990914	114.38319002571005	133	42.80432522668412	9.846311475409836	206.06962636595068	7	162	0.994	274.8285777469199	0.5321713106924362	148.4491746499615	133	40.150444622437945	9.730382293762576	252.31754551960168	8.666666666666666	
5448	0.994	261.8821793647394	0.5110128525621493	129.95257250344773	133	44.91257542813575	9.607645875251508	235.20517483458426	7.333333333333333	165	0.986	265.7968514124111	0.5353128728382267	143.1124394170852	133	41.59893064073701	9.709939148073023	238.41156444586395	8.142857142857142	
5458	0.978	262.74783730128047	0.543671614683884	124.00964195576877	133	43.15822140298995	9.809815950920246	202.41992973479748	7.181818181818182	166	1	258.97342932653214	0.538509246309245	168.55791571269634	133	44.29778564096496	9.788	274.96382080448547		
5468	0.954	249.34657605848608	0.5845547068817493	108.89910502292216	133	44.301198613194416	10.268343815513626	177.10428274468046	7.130434782608695	29	0.99	265.3586362181255	0.5568015037711986	130.4300130626128	133	42.89469561322607	9.917171717171717	226.5560449829536	7	
5546	0.956	253.87720416310998	0.5910146687343328	101.1446007702774	133	43.608017048464305	10.305439330543933	165.57582349564814	7.045454545454546	31	0.996	294.9538024166476	0.5229613871180127	146.1265647892315	133	36.34585967232979	9.646586345381525	261.63161269586436	8	
5585	0.962	249.68853820641462	0.5610239206393046	96.15604157622855	133	45.50929062746217	10.062370062370062	170.75032722234548	7.052631578947368	50	0.992	255.01285347142917	0.5168383587738428	143.0452636816331	133	44.450920986652896	9.580645161290322	272.54644799928485	8	
5605	0.976	257.1533962162896	0.5659534340886786	121.15946653441844	133	42.16751798033335	10.040983606557377	193.41649954314502	7.083333333333333	97	1	271.355693044055	0.5398540071040066	136.47465778350323	133	41.75161906671884	9.796	223.3029922199041		
5625	0.994	264.1930682538218	0.5441528346457901	150.05493178362573	133	43.50090226857943	9.784708249496981	240.28062467327322	8	13	0.992	256.95487748115454	0.5222693748903421	132.30871500865246	133	44.98755400487671	9.651209677419354	245.50630549771745	7	
5664	0.984	260.0972721501954	0.5347789969741179	109.63607989240094	133	44.901684645111885	9.798780487804878	202.0373370570499	7.125	75	1	266.6240068256176	0.5145618881118874	147.67956978029733	133	43.569927261193676	9.654	264.7285045776818		
5683	0.992	254.1374186599939	0.5183632227987055	139.4068113248037	133	45.57083330181908	9.653225806451612	253.83907731356092	7.75	168	0.994	258.3428630829272	0.5301043635550671	149.2271929938633	133	43.68813973707235	9.732394366197184	263.58116601477076	8	
5693	0.988	264.2983253977801	0.5020071471488482	144.79475786404572	133	43.229032302346205	9.47165991902834	261.4010991663947	9.833333333333334	245	0.992	273.92721047301524	0.5493302676266374	148.0771347807106	133	40.3524749268612	9.893145161290322	240.29206510427065	8	
5703	0.964	248.45360824712452	0.6206073260533829	113.85052810957048	133	42.996723418037185	10.607883817427386	178.74105855841654	7	25	0.998	261.39339968574717	0.5326073670262033	153.62808813291264	133	37.42245336541624	9.733466933867735	262.2823432472937	9	
5742	0.968	242.52142105533107	0.5625578335805601	104.00776363509387	133	40.2867705657815	10.061983471074381	173.99802521780285	7	90	0.99	266.86074720926814	0.5116329966329968	141.82878249029972	133	44.68905113516799	9.521212121212121	264.7894868330204	9.2	
5761	0.97	244.3078782999658	0.5443766771601827	107.31323023919857	133	40.83373800877402	9.880412371134021	191.27500309525178	7.133333333333334	145	0.986	238.08373979852942	0.5325126755147029	127.24625947159988	133	41.48126717496905	9.821501014198782	207.503933637563	8.285714285714286	
5771	0.986	249.46867725880475	0.5576094853985316	117.33368116565576	133	43.09582815817125	10.008113590263692	191.09261463921666	7.285714285714286	259	0.952	250.36818851152805	0.5613198892610637	134.88341318263468	133	39.14402350595051	10.132352941176471	197.36444203860478	8.416666666666666	
5781	0.944	234.41768065546646	0.6021493043209134	103.36145026046486	133	42.167607155784125	10.451271186440678	165.66828336041814	7.071428571428571	21	0.978	258.7164700274704	0.5682497858878205	136.36845921552145	133	39.59394123706939	10.083844580777097	224.2434119931887	7.7272727272727275	
5790	0.93	247.02507437284734	0.5822224310933973	111.49303628591147	133	43.974530856734745	10.187096774193549	186.44752956125376	7	285	0.982	287.08413728483237	0.5179243872217393	150.46374003406504	133	34.3684081375229	9.65376782077393	228.8798386920084	8.555555555555555	
5795	0.95	258.5596864617562	0.5519908804645639	112.81933926290347	133	42.812335770246754	9.907368421052631	190.1510458979912	7	287	0.984	268.51498116986807	0.5485306078293872	139.38124180545597	133	36.08605307386866	9.961382113821138	224.11771388653324	8.125	
5800	0.996	271.3157177879138	0.5206987624156304	130.01468008496886	133	43.009209365171685	9.674698795180722	228.37280481388325	7	284	0.992	220.67983626956115	0.5475876945634999	153.96177911914262	133	41.33788280426347	9.868951612903226	248.4915723890594	8.25	
5810	0.974	259.23560097995403	0.5650533529896963	135.8689910761193	133	41.580043347652584	10.075975359342916	208.391271867643	7.384615384615385	286	0.976	229.4311236475022	0.5442219324391446	120.27141579617461	133	44.500261141870716	10.004098360655737	206.62017249519852	7.25	
5820	0.956	234.4171448177514	0.586227295484616	119.08069493791042	133	42.7176568399194	10.294979079497908	186.75690287183417	7.2272727272727275	140	0.996	265.189839715673	0.5153296558417042	133.74025510294032	133	43.84117673101105	9.622489959839358	239.40990176617228	7.5	
5829	0.966	238.95512788881314	0.5629626010060776	137.7988350899884	133	41.91303851360749	10.022774327122153	215.88612722283696	7.9411764705882355	242	0.998	213.22052728317274	0.5400962764690207	143.11412158866105	133	42.21300202188444	9.789579158316633	266.3986521804195	9	
5839	0.986	257.3337509131219	0.5655266977782183	111.99866269590402	133	41.22472573087867	10.066937119675456	179.80482912724332	7.285714285714286	142	1	215.8149171270241	0.5252360916860908	145.95092858125597	133	43.61107428203306	9.646	264.0311629887758		
5859	0.982	261.0174897668068	0.5431757256095335	128.07307881091677	133	40.270935777377126	9.778004073319755	218.96167900658781	7	138	0.988	272.19130530425815	0.5288459965585459	141.05082880336298	133	40.79104526772342	9.767206477732794	227.4403085317084	8	
5898	0.98	242.38227146901224	0.5380364873222011	111.84716102654014	133	40.331676909555	9.82857142857143	198.94893366300906	7	139	0.996	227.91762013754263	0.5241694048922955	147.73878967646903	133	39.52912240423182	9.64859437751004	256.5041244554819	8.5	
5917	0.97	266.9235002758458	0.5435807319827924	110.91423961817033	133	41.78523379081003	9.909278350515464	190.4758568086901	7.066666666666666	141	1	253.1645569631445	0.5284991452991458	149.05208020974058	133	45.535142708788605	9.738	243.36559448117885		
5927	0.964	224.5097582553573	0.5873857873339201	103.54781317692724	133	41.08879080050648	10.33195020746888	166.87566126439546	7	181	0.994	273.9952588355015	0.5105328943357111	142.293722844985	133	41.54640319029071	9.621730382293762	254.77233361482027	8.666666666666666	
5937	0.938	211.16614137728183	0.6096058999044061	103.53529530216221	133	40.445948318627906	10.547974413646056	165.4543932702778	7	15	1	223.66360993114182	0.525102952602952	139.63055930634323	133	42.83358361514787	9.698	239.7580949048248		
5956	0.938	205.3684809738624	0.6159305454081557	122.62211303226553	133	40.45061089100707	10.607675906183369	187.39395926489647	7.096774193548387	276	0.982	222.88801125896862	0.5332263572589421	128.5692913013321	133	40.745812671378296	9.763747454175153	212.56036866961222	7.666666666666667	
5976	0.952	240.10088272404502	0.5620795462707222	107.50626353654737	133	43.80607165665472	10.079831932773109	178.56346603174248	7.25	275	0.992	219.78995878956866	0.5414804057949204	125.88668614380109	133	41.398279076617946	9.86491935483871	218.8295895111477	7	
6015	0.944	218.17509475775546	0.6212760756192944	120.78161474751182	133	40.603036021122506	10.516949152542374	192.25205427652344	7	101	0.998	261.2702235720867	0.4987179097900541	149.6422716820474	133	46.39763012771006	9.496993987975952	271.81703074162726	7	
6034	0.948	218.14165401172502	0.5823694999327896	97.68451356249567	133	41.5427265534137	10.267932489451477	170.75650067746847	7.115384615384615	146	0.998	235.6329980636575	0.5344407540800326	130.50741670375572	133	43.268060553380195	9.783567134268537	235.8866127280432	7	
6054	0.968	222.68230963837814	0.58747018018712	119.2951914550678	133	40.17502870153854	10.223140495867769	193.3929749865488	7.125	102	1	270.06589607870774	0.5358705905205893	133.19497031002803	133	42.88895858601041	9.73	237.89198847891177		
6073	0.98	225.0390373839855	0.5489372928658639	109.03687513644127	133	41.91263857654621	10.03061224489796	181.22595091206645	7.1	227	0.992	233.94019432236175	0.5485697937814854	135.19457836110846	133	42.39943360959894	9.891129032258064	221.6089696327948	7.5	
6093	0.984	228.7414570636527	0.5213410685971668	104.93086585091734	133	42.44384098306365	9.733739837398375	202.6641824531851	7.25	99	0.99	228.51075616213393	0.566772582075611	131.58649826530169	133	41.21465367345634	10.082828282828283	218.51087702055628	7	
6112	0.986	273.34220448003845	0.5416416466112198	133.94870418669996	133	40.63767809120322	9.791075050709939	230.31170908860537	7	288	0.992	220.92557124403342	0.5485265966112737	121.96002231620815	133	41.332112643976686	9.909274193548388	228.47333536810436	7.25	
6132	0.972	223.72600469490376	0.5637214180424038	108.52079132437053	133	40.427991957758444	10.17283950617284	173.6271537026564	7.071428571428571	104	0.992	225.95781513249895	0.5461253744015829	132.56646991670755	133	40.30856104692361	9.86491935483871	234.41159698883888	7.25	
6171	0.964	228.54433380784494	0.5823622435655621	106.53465875802411	133	38.832496193110536	10.311203319502075	173.9097111725558	7	100	0.984	220.16378037311728	0.5525883048748883	120.22682907054391	133	41.555127567251226	9.961382113821138	208.8840751302472	7.25	
6190	0.974	260.30252819373595	0.563121620565151	117.31053019732536	133	42.37459720865436	10.010266940451745	199.11933598186042	7	169	0.994	219.43573667763255	0.5543381110282508	132.5016197649146	133	40.8906826037507	9.987927565392354	219.81441499677783	7	
6200	0.956	219.8509796712885	0.5384708852282071	103.06141550201012	133	41.694187335656906	9.981171548117155	178.8251867844486	7.090909090909091	234	0.998	220.65001105526855	0.5028208709571438	144.67133664570076	133	43.31110736445326	9.501002004008017	245.7301614769079	8	
6210	0.944	218.83258380064575	0.5984358743892626	109.86455371343709	133	41.345217613332835	10.457627118644067	176.00738010702543	7	103	0.998	222.22222222321304	0.5259789976222826	129.79782913768898	133	42.180133665677786	9.745490981963927	242.45752510196795	7	
6250	0.934	211.09252813821007	0.5782422728354198	91.91314407081303	133	41.7927239320698	10.241970021413277	162.21701185877293	7.181818181818182	11	0.982	214.2514290699746	0.5582828915822791	126.12345391877582	133	42.32631725217548	10.010183299389002	203.50218407273223	7.222222222222222	
6259	0.974	217.95560329383332	0.5587850547809472	110.92405364626448	133	40.83269283666386	10.034907597535934	188.92090257778545	7.538461538461538	256	0.994	214.8817501846908	0.5267614623248421	138.31970302064406	133	42.287288148935396	9.738430583501007	258.93069585014956	8.666666666666666	
6269	0.962	257.9918472422722	0.5916420320266462	114.6341893467494	133	42.55279842269777	10.367983367983369	192.2831621872468	7.052631578947368	92	0.992	221.49778948767812	0.5250702982053782	122.86844840141805	133	41.42596011328291	9.693548387096774	228.3822228285904	8.25	
6289	0.972	227.02854206530165	0.541905082800143	108.78983977257505	133	42.29568993860686	9.833333333333334	181.10034062195413	7	89	0.998	214.3562867817224	0.5367688757468301	141.546965963205	133	42.26885546174902	9.721442885771543	253.65420909707981	8	
6308	0.996	225.68657663322554	0.5217387810761296	140.29105613867043	133	42.47741733874723	9.652610441767068	249.77323278109424	7.5	228	0.99	218.84256598457247	0.5728667404424956	146.90196304786247	133	40.4530517085678	10.004040404040405	227.9592348177678	7	
6318	0.964	223.85287014669052	0.5551987316510133	110.48400775171035	133	40.55640555584898	9.981327800829876	199.20862878616217	7	229	0.994	223.88395873724164	0.5287513738217962	117.0345474281812	133	40.736039640285625	9.738430583501007	222.80430586489354	7	
6328	0.956	226.9274591731608	0.551184519803766	100.35972137922218	133	41.61896691546845	9.887029288702928	171.30828451452172	7	71	0.998	215.25321370081872	0.5301549096639262	150.27168835420616	133	42.878828101491166	9.721442885771543	264.79178698195716	8	
6367	0.948	217.56093083136255	0.6019027503204698	108.08336458597198	133	40.59430456970509	10.432489451476794	173.34668742765402	7.076923076923077	124	0.996	222.0438737285478	0.5215857602905789	128.66452504366535	133	41.35526902722465	9.620481927710843	231.31375856235704	7	
6376	0.942	219.21251047189008	0.5889101698018887	100.37586523044992	133	40.644075138860764	10.24416135881104	164.47646488931582	7.172413793103448	179	0.996	222.15283044131456	0.5144576362949852	146.33457835169338	133	41.718340746862296	9.556224899598394	265.1187847067917	7.5	
6386	0.982	231.57100410214525	0.5392951922483485	110.05223780166966	133	40.921817449114684	9.885947046843178	190.94220980561104	7	147	0.986	215.60395346739665	0.5577759180193246	117.916097440166	133	42.30730359967553	9.935091277890466	193.83612754935288	7.428571428571429	
6406	0.972	229.02921771880622	0.5647986672678023	93.3362125787131	133	40.61288174419265	10.1440329218107	159.62812029575835	7.071428571428571	70	0.998	216.84338605928707	0.5277466743899596	141.34968264521427	133	43.00349241576343	9.71743486973948	254.64325156740543	8	
6425	0.994	230.53017301381217	0.5137518975547147	124.99025117388366	133	41.08329025819404	9.613682092555331	228.93551133749008	8	175	1	226.76765386216206	0.5042863247863247	151.03516537574424	133	41.23150930746771	9.542	275.7692629326677		
6445	0.99	230.03996654045767	0.5296546663213326	119.47145639747492	133	39.807833151806285	9.755555555555556	211.45535719862696	7.4	133	0.982	218.97159166945687	0.5408416769923887	130.26337239903614	133	40.85686812656959	9.835030549898168	215.16756591359464	7.222222222222222	
6484	0.986	229.43037974732766	0.5288903625110515	115.99119900013254	133	41.22819734930119	9.718052738336715	203.90989519784426	7.571428571428571	72	0.988	220.04454343030054	0.5396548008896176	119.18914022089795	133	40.14963063447831	9.898785425101215	201.7778265045439	7.166666666666667	
6503	0.982	229.6968562872275	0.5362755710006201	123.94534949127866	133	41.62237294585244	9.775967413441956	205.12359154690944	7.444444444444445	87	0.988	215.38193233302545	0.5428143550107108	136.6027162929506	133	41.66704176581313	9.82591093117409	230.14629515135005	7.833333333333333	
6513	0.96	228.08267997135087	0.5526909722222217	99.82091536023081	133	40.26804447216558	9.958333333333334	173.58043274569314	7.2	160	0.994	214.19644011622879	0.557085012014588	123.25212155183053	133	41.579849198416234	9.959758551307846	208.16179561868896	8	
6523	0.942	221.44905731315546	0.5750408709007421	95.70916134854872	133	41.62668583347199	10.199575371549894	163.53952340750703	7.068965517241379	73	0.996	213.77978106958264	0.5336843488951917	122.8607798757436	133	42.84453866816082	9.751004016064257	226.17286051465385	7	
6562	0.942	245.4019694669278	0.6119086092016017	111.02216356233477	133	43.51476695402605	10.53715498938429	172.83164202965273	7.137931034482759	34	0.988	218.6905130815185	0.5647824791043388	136.6665580285172	133	41.35263256199488	9.995951417004049	226.83171786012832	7.833333333333333	
6640	0.944	219.98508575803413	0.6031261111769575	114.93524792800144	133	38.687878954587475	10.436440677966102	176.9043232607949	7.071428571428571	204	0.99	213.58301691452323	0.5690467613194872	139.037577723552	133	41.60502726508108	10.135353535353536	214.28750512513258	7.6	
6718	0.946	218.2539682543481	0.5910082283232377	97.1397089754736	133	40.40745352022523	10.331923890063425	171.0440039148034	7.111111111111111	35	0.998	219.96914260611496	0.5256940454335227	144.5702307081048	133	41.121788806038225	9.697394789579159	242.89433130415145	8	
6727	0.984	221.73148857616246	0.5663497072033638	152.72022338589065	133	41.527630939455065	10.012195121951219	242.2148452579107	7.5	157	0.994	222.13283275248438	0.5233139317646355	131.48483836665963	133	40.75863867249482	9.696177062374245	225.43323749786546	7.666666666666667	
6737	0.994	227.31430662213916	0.5271473440487523	118.3047693572794	133	41.148510395273966	9.6841046277666	197.1813150061847	7	156	0.992	228.69789745487017	0.5359142369727034	141.6125931745991	133	36.638397140764916	9.752016129032258	229.99990006867176	7.75	
6747	0.978	213.51847000233116	0.5834954071150383	104.85937884767243	133	40.40671258030949	10.314928425357873	178.47018329454994	7	260	0.984	212.58209471243944	0.5294101900809204	139.6820159788125	133	39.95738787967374	9.717479674796747	238.04999487089503	9	
6757	0.968	225.26296192865138	0.5702793590706807	97.43862582743951	133	40.45536342950245	10.188016528925619	172.48597307605485	7.0625	52	0.97	207.7443673432681	0.5873623627231856	138.6374036330181	133	39.907297853228705	10.282474226804124	207.66972763773546	7.733333333333333	
6776	0.988	227.05336213558772	0.5542151112495236	121.05772223922328	133	39.245905573964386	9.991902834008098	194.11679354482945	7.333333333333333	230	0.992	211.63118146541905	0.5446281596987229	139.3572788760039	133	41.91377372356378	9.816532258064516	243.47575747563837	7	
6796	0.984	228.2215418877247	0.5606259988881918	123.28096590664192	133	41.05520185015287	9.983739837398375	203.56797548798903	7.375	38	0.982	209.41738462750155	0.5901681312577427	136.3489392903428	133	40.753524285558164	10.279022403258656	219.86786862619138	7.222222222222222	
6835	0.988	244.5060384089658	0.5563127774160147	127.42213247560036	133	35.811080309159614	9.973684210526315	213.4495373271823	8.166666666666666	39	0.99	216.86746988079008	0.5560952179133972	151.48049408230048	133	40.96878012196313	9.945454545454545	238.17045469899088	8.2	
6845	0.98	215.66901408477227	0.5768762586619715	133.09495535032414	133	40.00968186188192	10.175510204081633	217.597143493914	7.1	261	0.994	215.75862817502951	0.5291270935637125	132.72870746820803	133	40.94334997883083	9.78672032193159	231.5754977926223	8.333333333333334	
6855	0.962	227.94047957587856	0.5671145324991466	97.91072395226075	133	40.35480492501228	10.076923076923077	163.03839267542037	7.2105263157894735	55	0.996	230.68371317503798	0.5088130298973682	143.4741065992753	133	40.36232569759785	9.47991967871486	283.44658909694647	7.5	
6865	0.936	222.7934875744254	0.5842145568107091	104.3358068555289	133	38.30281907134682	10.245726495726496	164.04418555031742	7.34375	155	0.996	219.87725727456944	0.5410037196181756	127.89231742255362	133	40.89405767891152	9.79718875502008	227.8923946262522	7.5	
6875	0.918	245.11374559404385	0.6131579326023762	110.76477597237927	133	42.71769515932035	10.494553376906318	167.57108710643942	7.2439024390243905	32	0.996	215.22105536030776	0.5155511712740628	125.5376933229736	133	42.840006406806836	9.67871485943775	234.55373492056424	9	
6879	0.986	216.93214820062371	0.5436435268585366	130.49785742571194	133	40.8657714145756	9.894523326572008	218.91229359760104	7.142857142857143	248	0.992	219.5856206825257	0.530438026355365	122.69918054191184	133	42.19607862621742	9.756048387096774	224.8028587837891	7.25	
6884	0.98	234.40489858389603	0.5438454402740113	100.7246656501945	133	40.13495033829018	9.8	192.7081997703578	7.1	171	0.992	214.15310219799568	0.5288008026919307	122.39417134218894	133	43.121094806033504	9.776209677419354	219.47568798772755	7.25	
6894	0.958	220.11856072821627	0.5919646521421043	95.56686554628428	133	41.416982440773424	10.365344467640918	159.3249777550192	7	54	1	219.68365553621913	0.5182606060606062	129.1710236135846	133	42.535175039153565	9.668	222.3199191321865		
6904	0.986	223.86704204888864	0.5244152399324812	103.79142337646975	133	43.132757713066226	9.726166328600407	200.42735891522042	7	178	0.984	210.99579723819141	0.5807906693577405	134.85902280136958	133	40.52293282781031	10.201219512195122	222.8711293271728	7	
6914	0.992	234.238488784716	0.5453028658169771	117.22446108926621	133	40.819837662792246	9.929435483870968	201.91774933611538	7.5	46	0.986	216.04803015152356	0.5258983578963288	130.85782516043633	133	40.59410478687962	9.726166328600407	232.93452865744155	7.142857142857143	
6953	0.99	234.10896708221333	0.5713793333490278	138.34093631220864	133	38.91629627253619	10.098989898989899	209.6714625655898	8	44	0.994	213.98432790842358	0.5474673604955275	169.16014716858527	133	41.30199767329086	9.93158953722334	249.54547505925584	8	
7031	0.988	228.83083194317388	0.5813538294813578	131.94321538403634	133	40.11498273617985	10.145748987854251	199.99321751035	7	43	0.974	206.65365356877416	0.5578881134835946	126.42846413861486	133	40.296836131575674	10.098562628336756	210.1795370512442	7.538461538461538	
7109	0.99	232.54721413175076	0.552320485350786	116.97069555407842	133	40.16073386549183	10.030303030303031	206.00239043359878	8.4	45	0.996	220.1883538942385	0.5230887029079794	140.50016059329613	133	39.8840323740938	9.736947791164658	233.2235468699924	8	
7148	0.988	232.07742177996943	0.5748178216295604	129.86384516965873	133	39.48273309709966	10.105263157894736	225.39826329541154	7.333333333333333	47	0.996	217.24905117121997	0.5238188964092578	121.00393650595953	133	42.06363517760828	9.74698795180723	218.8141444829213	7.5	
7167	0.966	248.35458659020182	0.5835685248728713	114.54684733579714	133	40.27242865908371	10.24016563146998	182.41339180577572	7.176470588235294	77	0.996	218.048075660542	0.5311535965150416	135.78454618183645	133	40.69458462949264	9.740963855421686	225.82691975132983	8.5	
7177	0.97	226.159944041906	0.5700701303278607	102.98334640025051	133	39.60548616931108	10.146391752577319	172.9124299519904	7	173	0.996	208.31590395726903	0.5361922437223628	152.5114620902841	133	42.43074529613085	9.837349397590362	270.03076760622207	8.5	
7187	0.93	246.6843501314072	0.6109336123852238	108.66355707783782	133	44.29739226522618	10.50752688172043	171.07268560038804	7.0285714285714285	33	0.992	211.74863387900055	0.5343438651402362	119.14629125531008	133	41.35273399407525	9.820564516129032	212.96595700009473	7.5	
7196	0.978	216.54415020845857	0.5686181065015407	114.08534884142033	133	39.24099244110028	10.05521472392638	197.78524788499286	7.090909090909091	264	1	208.00399367667458	0.5250829836829823	143.77377895302948	133	42.739792358682955	9.678	272.9005481623722		
7206	0.956	220.9280828249357	0.5614287386253912	91.43709094585539	133	40.675335580830684	10.146443514644352	167.8170526447399	7.181818181818182	84	0.998	214.90094745907624	0.5207268850054415	124.13824249915818	133	43.16834403360796	9.677354709418838	224.93345978510342	7	
7226	0.978	232.25990310625698	0.5508319390221215	118.26304929877624	133	37.05550508330834	9.973415132924336	195.6769482662754	7.181818181818182	82	0.984	220.78621432490314	0.5147480906627244	142.1111912664262	133	39.32453992413979	9.634146341463415	239.48645845628533	8.5	
7265	0.976	236.18236375943087	0.5486720929343875	113.42740407944655	133	35.934046235184674	9.901639344262295	195.67801969844407	7.25	81	0.994	216.61436541154424	0.5226335870702067	138.85018129569653	133	41.77049545124892	9.722334004024145	248.13556549031549	8.333333333333334	
7284	0.992	256.8617296741623	0.527485736709527	128.09759046071798	133	45.82729526761396	9.693548387096774	221.4662160115521	7.25	289	0.99	217.00056989978006	0.5358679255648929	160.82078463823902	133	40.53385377378214	9.795959595959596	252.81392472809802	8.6	
7304	0.988	224.75999818016194	0.5365221822711697	110.25843028843855	133	40.522115614863594	9.84412955465587	195.06512283159384	7.5	83	0.99	212.36432279369427	0.5512888402282325	126.45676666510299	133	42.26289587536572	9.919191919191919	206.92442443183003	7	
7323	0.974	220.56159420302646	0.5435715151834238	112.77488144726934	133	41.37771424681458	9.856262833675565	190.55097393644996	7	85	0.994	211.0672272466661	0.519241634734592	154.26917119966728	133	43.102252299032415	9.637826961770624	253.07135500555245	8.333333333333334	
7333	0.982	224.34432970760875	0.5280852944294893	115.30948952534915	133	42.17888875193585	9.678207739307537	209.75578088772596	7	182	1	219.29824561414708	0.5292057109557102	135.77096482074916	133	41.609315078823066	9.7	250.6212339811852		
7343	0.942	211.3149984295399	0.5698052301555471	94.70122126953626	133	42.003049910739264	10.180467091295117	164.34429823321975	7.206896551724138	59	1	211.65812978805172	0.5085877233877243	136.67734000867776	133	41.840485830510595	9.498	268.7533663275169		
7352	0.98	221.03933597886902	0.5074921507064365	118.1714540261014	133	42.669798278513404	9.575510204081633	218.86555694585476	7.1	188	1	209.1175240495029	0.5163956487956486	149.29802219708307	133	41.803054519959204	9.634	260.7075922995022		
7362	0.996	243.42555479607114	0.5320082583636798	136.4947216130273	133	35.78574497460513	9.682730923694779	235.41432342134456	9	186	0.998	210.49523327345165	0.5414415855798621	118.63069552111021	133	41.843987879848655	9.809619238476953	218.7100414408695	8	
7382	0.99	242.73034864856956	0.5575916115310041	125.98332405653191	133	34.55968584338552	9.945454545454545	198.02860839864258	7.6	185	0.998	221.7285047758102	0.5074416509787257	147.89725020834993	133	40.04029653174719	9.539078156312625	256.88002299403735	8	
7401	0.986	227.79780057303842	0.5058717932957291	120.7946162463513	133	41.82996960281819	9.57606490872211	219.57640708791416	7	189	0.988	218.41011583762526	0.538029115508872	132.9145242433139	133	39.80883678039566	9.803643724696355	238.12794923859184	7.666666666666667	
7421	0.964	213.57674583591867	0.5539727791802478	109.33843305002056	133	42.297310446651764	9.985477178423237	182.9937810075615	7	183	0.988	207.3539288110882	0.5683542053987379	140.37153865384224	133	41.11347521772171	10.097165991902834	224.11710133829934	8.166666666666666	
7460	0.974	241.9635315754592	0.5624444572083162	123.2332887040782	133	34.36679791424602	9.93429158110883	199.80434449331497	7.153846153846154	184	0.98	218.18505655100654	0.542112926755782	138.24435531656127	133	38.22253630019532	9.842857142857143	220.86604591380924	8.5	
7480	0.958	215.70746645186813	0.5735357022935306	102.83665843016104	133	41.04166617242359	10.187891440501044	174.918684554487	7.0476190476190474	187	0.986	211.5516649496609	0.5686463243765457	135.27344970576573	133	40.072992612293106	10.113590263691684	223.50525860376553	7.571428571428571	
7500	0.938	206.5715292464965	0.5971115948727878	95.05293000236419	133	40.748747742300935	10.405117270788912	159.59215049790444	7	10	0.996	212.25811951240726	0.5140938267444292	138.57570044334682	133	42.42446773331919	9.612449799196787	238.21435151821044	7.5	
7519	0.946	219.05247070816597	0.5856557525162159	111.19511652145187	133	38.01940387966894	10.39323467230444	173.78095036477208	7.2592592592592595	152	1	216.58147795300158	0.5016420357420361	143.67123363557448	133	42.47708280324277	9.482	271.8913004431084		
7529	0.986	221.4933956330146	0.57574989243346	137.45072090372943	133	39.438697032807355	10.109533468559837	220.2291785412966	7.571428571428571	154	0.998	211.07398164281295	0.5372321566209328	136.64557305283063	133	42.6046193517024	9.775551102204409	241.34992928443924	7	
7539	0.994	225.57073480751941	0.5604494097451828	118.0292231512438	133	41.21197223770945	10.038229376257545	204.24223657416695	7.666666666666667	150	0.982	210.57597461123424	0.5636796841990308	130.37969404455635	133	40.905276391989574	10.004073319755602	229.0572643300393	8.777777777777779	
7558	0.99	225.44063396674028	0.5477162063525688	120.19364754909482	133	41.76625647301372	9.886868686868686	213.8405251783687	7.4	151	0.984	217.44895253230797	0.5231167601594418	157.4539259804429	133	38.599762903473824	9.707317073170731	243.27521516984697	8.75	
7568	0.986	237.76223776072933	0.551582016135768	142.23064083403784	133	34.182053023266135	9.9026369168357	219.35558899661345	8.428571428571429	153	0.996	211.0795574961861	0.5153761120628586	126.58638683897523	133	42.22496474369947	9.6285140562249	244.752790462207	7	
7573	0.964	213.33097282508118	0.5654507491125738	101.65308490708108	133	40.66431006919004	10.114107883817427	168.38414290036894	7.166666666666667	238	0.992	214.76510067085945	0.5198318482592671	129.03733748783472	133	40.96678348144176	9.786290322580646	220.34027249471524	7	
7578	0.926	211.30938797899114	0.5960713632419875	100.30193534751342	133	40.342247193815005	10.520518358531318	165.20826123200723	7.45945945945946	49	0.996	213.96348012894717	0.539676772357494	143.79760631329427	133	41.13543374873207	9.869477911646586	236.95562047676586	7	
7587	0.962	220.02653126509398	0.5391288948981248	101.88326449813636	133	40.994989925826765	9.91891891891892	182.06606835572563	7.157894736842105	129	0.978	205.36726722954424	0.5831651420608457	133.95592425024728	133	40.60160923695299	10.224948875255624	205.20754510206714	7.090909090909091	
7597	0.988	225.76664686263732	0.5335180283054779	111.00687425174405	133	41.18537246915643	9.757085020242915	196.23835861983474	7	88	0.978	212.59945219702252	0.5371061170140908	151.5134617149832	133	40.29058792978103	9.764826175869121	245.11183733530356	8.181818181818182	
7617	0.97	216.9245907510068	0.5906563253470466	107.66643110543448	133	41.281829239185065	10.268041237113403	183.54187851222773	7	69	0.992	219.13934788408446	0.5083405393889262	142.58520611435438	133	41.12187184750366	9.514112903225806	263.3089120348294	8.25	
7626	0.976	212.20159151163986	0.5661634870138962	109.75479550656395	133	40.775968543428824	10.081967213114755	182.6370195628451	7	291	0.994	213.9935414428939	0.5345311574184802	126.77239578099383	133	41.861626016265355	9.788732394366198	220.5054137752268	7	
7636	0.944	201.9596936370437	0.5909825108977637	109.45180119412755	133	41.36116375263724	10.358050847457626	180.50614222311015	7.035714285714286	290	0.994	214.13183972325794	0.5349041412421682	137.7744393906671	133	41.326502067199925	9.740442655935613	244.1658947802533	7	
7656	0.958	235.6471687907297	0.5944222618022189	113.70421001643722	133	34.53296625109443	10.24634655532359	190.2228737451313	7	36	0.992	211.4236999156088	0.5615974415369559	131.40562004700763	133	40.950057303929725	10.064516129032258	207.95365650465249	7	
7734	0.96	212.08907741239761	0.5991083511395999	116.19818288214891	133	40.924012455440014	10.360416666666667	185.63790956897384	7.1	205	0.994	211.3274938354575	0.530733781085893	136.10599330372617	133	41.98860927667185	9.80281690140845	238.19535867153965	7	
7773	0.956	203.45620158282648	0.601118848608388	109.0003639644555	133	40.68752374964519	10.485355648535565	175.1527094133756	7	277	1	210.01344086030338	0.5375141025641018	128.23987275756332	133	42.58102480817795	9.692	244.09366226858734		
7812	0.954	210.04887929866348	0.5961483077835263	101.63108918793361	133	37.90044434063819	10.368972746331236	170.79833706389672	7	23	1	220.56553001873982	0.5174750582750584	136.8984581705056	133	39.37186112507284	9.622	239.60272718342998		
7851	0.96	224.5193881845058	0.5481659948847442	100.22280068164415	133	40.58106879988418	9.972916666666666	176.006100502937	7	119	0.992	208.9916993210415	0.5407064261902952	136.67343428239369	133	42.06154492578522	9.852822580645162	226.84257068885066	8	
7870	0.958	212.49223671271773	0.5803793515693296	121.0788898053627	133	40.903136270642655	10.231732776617955	183.90016326450117	7.0476190476190474	148	0.992	219.546742209591	0.5344792919893717	134.42006727896205	133	39.15951211546245	9.727822580645162	236.58456698258806	7	
7880	0.992	219.68287713638588	0.564919589818782	134.7929446143809	133	38.63783491911838	10.066532258064516	213.09294628843975	9	262	0.988	215.34437663522377	0.5512358873694888	140.77504101531713	133	39.67142885401088	9.941295546558704	213.83914447994147	7.166666666666667	
7890	0.984	218.85147457740194	0.5445069440496273	109.48300380380856	133	41.74285165531293	9.823170731707316	195.02658556104598	7	118	0.99	208.95774410052243	0.580512781270355	136.14817240549212	133	40.356371494287764	10.15959595959596	204.82641625698216	7	
7929	0.974	225.0462107204393	0.5656089803420395	107.41195688534654	133	39.039007230497305	10.119096509240247	173.75475593933464	7.153846153846154	120	0.994	215.34728541099923	0.5145357772118333	134.29436629420303	133	41.55246987369295	9.635814889336016	238.0527242007915	7.666666666666667	
7948	0.992	221.8048475092297	0.5367645515326965	116.5016885905901	133	40.71436323181242	9.752016129032258	205.74142497369434	7.25	292	0.998	212.12378847104188	0.5350898767231425	129.3645486777256	133	41.79113783319482	9.77755511022044	235.82919011976134	7	
7958	0.982	207.08561788282105	0.5620257881968672	103.02858422049451	133	41.88504481607408	10.10590631364562	183.4673105025981	7	293	0.998	210.67297137534283	0.5371020595970495	121.47173919439201	133	40.92845960623899	9.835671342685371	220.70856610884505	7	
7968	0.962	207.89212084550792	0.5813025505333176	129.7934484157545	133	41.42474597530938	10.276507276507276	199.03213072529945	7.052631578947368	98	0.992	212.91208791233475	0.5120121422036743	131.85121497272573	133	42.51605757383859	9.544354838709678	234.1756119423751	8	
7987	0.956	207.91648542721532	0.5661501562129173	100.44058116484997	133	41.06972757400807	10.064853556485355	174.72512990375196	7	279	0.99	205.59893669994355	0.5470499870499863	140.18843042972563	133	41.65478947843945	9.909090909090908	227.02659860589483	7.4	
8007	0.976	209.80223559750843	0.5443758199905743	104.93643952312554	133	41.32249664167085	9.83811475409836	185.06958375225878	7	278	1	210.66823965648703	0.5526379176379167	134.33655825216002	133	41.459892221645546	9.956	223.28975477077879		
8046	0.968	217.97874256835564	0.5708497081430958	108.60631318779505	133	40.0571305791934	10.12809917355372	175.37558442667088	7.3125	190	0.974	202.74771024130823	0.5549860474911787	134.23856284263735	133	40.746021236492226	10.1088295687885	213.5571332714515	8	
8085	0.978	223.98314400884698	0.5480528106294967	113.26758729851363	133	39.97846341513962	9.899795501022496	184.98018557375727	7.090909090909091	191	0.992	222.88127977035808	0.4982318141088305	151.56365763631646	133	39.49785933856583	9.451612903225806	302.732304798809	8.75	
8105	0.976	215.38597342950644	0.5644337447616128	98.8972684428325	133	41.348544909808986	10.133196721311476	171.8785436572623	7.166666666666667	192	0.986	210.87300568767745	0.520631931737408	137.44514105537962	133	41.655833134416525	9.72210953346856	251.77622617252837	9	
8125	0.958	208.60552216732725	0.585610602573023	97.20849116475618	133	40.92503170743462	10.258872651356993	164.19862053580866	7	18	0.996	210.69554916255632	0.5227122943990415	133.7529764253007	133	42.44934940111308	9.670682730923694	206.83302050151696	8	
8134	0.97	215.42151550067265	0.5590017943110712	110.89423168270986	133	40.58955119068362	9.991752577319588	191.164937560058	7.266666666666667	243	0.998	217.82783307116813	0.5238599576775923	130.64594111962958	133	39.8379563783197	9.623246492985972	258.69979223441555	8	
8144	0.988	224.48423157356595	0.5723740047626672	132.32573040801395	133	38.96471715974244	10.089068825910932	223.7684944105652	7.166666666666667	201	0.998	206.24095887550308	0.5279968639688079	139.69096970818717	133	41.43822624336423	9.7875751503006	214.68282083411452	7	
8164	0.988	219.80955771182514	0.5832033351264091	151.62681220807826	133	40.08537569478115	10.17004048582996	230.84954433555174	7.166666666666667	200	0.998	208.57716101011627	0.5141826387818367	142.941069602124	133	41.84080012747422	9.715430861723448	245.12457226133458	7	
8183	0.998	238.25439266761148	0.5306930099515265	126.50420936105235	133	37.884265851961786	9.72745490981964	230.696943284667	7	202	1	209.41531244747463	0.5043311965811969	148.82012874732908	133	43.00394017731402	9.57	270.1175063503316		
8193	0.978	221.21691924893383	0.5445806976481817	109.86195558587093	133	39.65561320449586	9.858895705521473	185.97279822041236	7.090909090909091	235	0.998	201.52659424093582	0.529339915261758	146.92576174589698	133	42.6266532955127	9.657314629258517	267.0205979427624	7	
8203	0.968	220.96420745147844	0.5759263406474131	119.80722111022668	133	38.538437583905875	10.194214876033058	195.28093551916004	7	196	0.994	199.55030916324552	0.542577258422328	133.0579880854729	133	43.36846003862259	9.857142857142858	222.49660933714378	7.666666666666667	
8222	0.98	207.57434550538204	0.5529706801135376	106.95204160607446	133	41.25171129310917	9.971428571428572	182.78824876384934	7.4	294	0.998	205.38360223876828	0.5265990411280987	127.61904260082804	133	42.879683677159115	9.683366733466935	241.12428807422168	7	
8242	0.98	240.219629375588	0.5445516784802484	124.7936386085291	133	35.662756920658694	9.76734693877551	219.9656993794747	7.4	199	0.998	215.7837837837838	0.5074287658455993	144.25896041625637	133	40.794638318132975	9.537074148296593	258.3122228551427	8	
8281	0.982	221.76053475478665	0.5476997374655217	102.36064404223038	133	40.42888099358035	9.873727087576375	181.54977201371355	7.555555555555555	194	0.994	210.3258569617176	0.5467090812161226	127.1195179317556	133	40.3552100524427	9.949698189134809	203.90986270719745	7.333333333333333	
8320	0.988	218.12080536869698	0.5608894142294928	127.0476452765485	133	41.20048369825161	10.030364372469636	203.83274996661203	7.5	197	0.984	208.04262336670578	0.560732204787081	138.68917143183165	133	40.416665170832815	10.08739837398374	206.14924667752956	7.75	
8329	0.958	203.89052058045297	0.5973023554965087	108.89913665469646	133	41.03313839753526	10.346555323590815	179.1066798361908	7	255	0.982	206.8239258625884	0.5722766201890418	144.15322100731174	133	40.17821206672763	10.028513238289205	230.72556556735876	7.777777777777778	
8339	0.96	223.6927952280521	0.5823216540404021	143.20335939855855	133	36.57712595835155	10.291666666666666	199.73453347025213	8.5	198	0.994	210.9865851592002	0.5306776947622006	136.47498667454437	133	40.50665877152728	9.742454728370221	241.90509209796687	8.333333333333334	
8359	0.952	214.45305460475043	0.5606850257585548	98.53520930426002	133	41.26807521713885	10.018907563025211	177.00924322151604	7	195	0.99	204.50320181841604	0.5771846671846648	140.22001588693203	133	40.287242378285846	10.05858585858586	219.31978770161	7	
8437	0.956	217.08524456151275	0.5661697844229215	95.47457035194937	133	40.810279092674826	10.121338912133892	162.29081863739276	7	60	1	210.44656761527366	0.5311180264180252	131.0913985100579	133	41.282946976526084	9.796	237.05918104976834		
8593	0.956	219.08515904387576	0.5624154320807031	110.41048323568194	133	38.579173952795095	10.148535564853557	168.18511791974078	7.318181818181818	193	0.988	203.8206048603806	0.5398813343651381	144.32971408888108	133	40.82717319340193	9.87246963562753	223.79890362791696	7.333333333333333	
8750	0.954	199.46474868213716	0.6015208935020236	105.76490691133161	133	40.65361953593699	10.39622641509434	171.75683160672577	7.217391304347826	12	0.958	193.0050769595972	0.5721119173102449	141.2128485410307	133	40.22481164682246	10.313152400835072	201.0815806457411	8.476190476190476	
8759	0.952	200.8777852797542	0.62902824299883	124.32008620070562	133	40.45135773865378	10.752100840336135	192.65805010388056	7.208333333333333	211	0.998	202.82079421156587	0.5185665425645367	154.36621718793702	133	42.440005760446425	9.669338677354709	248.1862538471104	8	
8764	0.974	200.139727942327	0.5945988075351509	122.18210157330606	133	40.74433767103095	10.275154004106776	196.60800858643373	7.153846153846154	298	0.986	198.13519813579515	0.5565593522997154	131.39021199131454	133	40.526890550543115	9.95740365111562	223.58511405965194	7.714285714285714	
8769	0.998	223.73671703402204	0.5157420513131922	150.12705184045547	133	41.11530286923885	9.661322645290582	251.57398566115194	7	210	0.998	213.45767207050295	0.5065201109289288	149.03846920712837	133	40.50965475577101	9.496993987975952	270.92361481885064	8	
8789	0.98	221.87004754278632	0.5339500182357318	121.26140199334301	133	40.29214568247356	9.769387755102041	206.16407851233512	7.7	209	0.988	201.31219691160112	0.5220243150911158	133.33027394714014	133	42.82267475433396	9.637651821862349	239.32775896131864	8.333333333333334	
8828	0.976	214.33591004854085	0.5435743787178201	120.80139859012208	133	40.29206107317658	9.883196721311476	204.42660936833525	8.25	206	0.992	199.7503121100612	0.537463068965085	133.3758548425259	133	41.75232616963536	9.80241935483871	242.41690205942382	8.75	
8847	0.96	207.30759264127673	0.551923279267029	113.01220322343566	133	40.669214648266774	9.90625	196.55858271113348	7.25	212	0.986	208.77445583051255	0.534867240039653	144.642954434969	133	38.89441218310227	9.795131845841786	237.91412616499974	8.571428571428571	
8857	0.934	197.16288102663316	0.5840288488575412	108.45230741783585	133	40.524382852191025	10.278372591006423	180.28761310444114	7.242424242424242	213	0.994	199.68660854219513	0.5594316872485866	144.2845232373521	133	41.46060252467601	10.100603621730382	231.83798781108993	7	
8862	0.976	234.8524953073258	0.5451419937075669	119.73336115781453	133	33.911872789931365	9.897540983606557	199.3076553111792	7.583333333333333	233	0.996	204.7024005265502	0.5431188623959688	135.2175194299257	133	42.52188169030166	9.795180722891565	235.00944497241971	7	
8867	0.996	230.35293029211329	0.5459221891450797	127.2320160336984	133	38.468081121135	9.831325301204819	212.67717097547276	8.5	207	0.994	198.33193662924836	0.530590536224338	128.667757000461	133	43.303110160239044	9.804828973843058	215.75486761648733	7.666666666666667	
8886	0.98	230.79459281271588	0.5594559805274077	126.66586103883758	133	36.490589290267025	9.96938775510204	206.27656437713068	8.1	208	0.992	206.7011168537033	0.5686995967741917	133.92044961730485	133	40.99778664099362	9.961693548387096	224.07510937048312	7.75	
8896	0.978	206.57316660965458	0.5316733879617307	109.43792945281756	133	42.348629950202046	9.809815950920246	190.2267201156879	7.181818181818182	236	0.992	205.77497510719806	0.5467857075719954	156.65294479351917	133	41.11061657229279	9.85483870967742	253.07370866777123	8.75	
8906	0.95	216.28267006734288	0.5774599435652057	101.20216275043616	133	40.22923605536004	10.216842105263158	179.4035325058313	7	61	0.99	202.47883175909965	0.5624839694536647	131.7395852449881	133	42.48022350299814	10.012121212121212	232.6584188618426	7.8	
8915	0.97	205.1867834338694	0.55459808233004	99.50903575725262	133	42.585621901634255	10.039175257731959	177.15795671983392	7	221	0.996	200.5153808981616	0.5135600677769347	149.40463592787015	133	42.90675410003703	9.598393574297189	260.37125755564944	7.5	
8920	0.992	216.53715183723327	0.5420223873348858	120.44136024818687	133	40.2818318759857	9.818548387096774	227.68141021930353	7	253	0.996	204.752898610688	0.5372291809038792	137.84790053819802	133	40.35013168827822	9.8714859437751	238.3258784473139	7.5	
8925	0.916	202.87030474865855	0.6086121544636819	109.5808071811993	133	39.13737836383786	10.554585152838428	174.1491520920551	7.238095238095238	219	0.996	200.64464141790998	0.5702904859531345	149.54101356042662	133	41.4807332309156	10.072289156626505	245.61369989668646	9	
8945	0.916	196.7522983074895	0.6116983574407143	104.21919024741756	133	40.895975663582554	10.532751091703057	173.46433505448925	7.095238095238095	216	0.994	205.32947738131872	0.5380871085096427	136.7015727181302	133	41.51114272837146	9.752515090543259	237.57730247689835	8	
8949	0.984	209.26374888351376	0.526484790051863	104.7749054599504	133	42.825480772315245	9.729674796747968	194.86134280876746	7.125	249	0.988	203.86266094503262	0.5511691974242571	124.33140875276281	133	41.23277577933428	9.93927125506073	208.5267903697167	8.5	
8954	0.978	225.8034724794895	0.5438927977271528	118.74408215933263	133	38.288054278740404	9.850715746421267	206.46526811107685	7.2727272727272725	220	0.992	201.97084453163532	0.5331281174023104	126.77734692950443	133	42.689519143844976	9.824596774193548	223.43435109899016	7	
8964	0.982	211.8662351667803	0.581676628417971	140.18094966970983	133	39.80943023588092	10.291242362525459	215.54124929902966	7.777777777777778	217	0.99	202.89379841882965	0.5557533768139816	134.14361037288074	133	41.45581089798767	9.969696969696969	221.4653564493752	7	
8984	0.988	215.0444018804674	0.5791993038450514	133.01900401343184	133	41.030653656941745	10.076923076923077	225.56387955745302	8.333333333333334	214	0.994	206.3610695897372	0.5193119087485283	134.38113805930317	133	41.248387062309284	9.686116700201207	234.13842024836305	8.666666666666666	
9023	0.988	226.03523221159801	0.5208243679397532	139.75053721298931	133	37.60218908405824	9.680161943319838	245.63534595666547	7.666666666666667	215	0.992	199.47717675454888	0.5702619792841546	136.9807980154625	133	41.70216115732632	10.040322580645162	237.6927815720355	7.5	
9042	0.974	212.78455018089704	0.5640251033474833	121.3314016192207	133	40.03963180878464	10.114989733059549	202.45919172773668	8.076923076923077	218	0.986	202.11544768832982	0.525383575180735	129.60561891448913	133	41.99728776288546	9.705882352941176	246.8081523346845	7.857142857142857	
9052	0.98	229.99295939927748	0.5451693940979654	110.3693225063008	133	41.95974923157818	9.928571428571429	191.53981238898805	7	246	0.978	203.00564596563558	0.5436327646450334	128.31532476533542	133	41.41371931519138	9.903885480572598	222.8197284396967	7.545454545454546	
9062	0.946	195.7619402373522	0.6054534201997183	111.225582865016	133	41.11366580067092	10.509513742071881	180.62559362710044	7.037037037037037	20	0.99	206.4736798196524	0.5484224529679063	130.56795284412613	133	40.23422969910722	9.862626262626263	228.99929425845153	7	
9081	0.948	194.58926885249727	0.5921381127077321	105.01908900280588	133	41.02445388936072	10.339662447257384	174.40920478697657	7.153846153846154	283	1	208.23789096764185	0.5176476301476298	149.11948721768496	133	40.85513003821268	9.594	273.41789362905416		
9101	0.96	199.617399983831	0.5813592252654737	111.01258976685847	133	41.32160218202027	10.191666666666666	180.39165363357185	7.1	280	0.988	198.29800899132073	0.5317295895737183	132.4437549656137	133	42.286533684849026	9.84008097165992	212.25502255813745	7.833333333333333	
9120	0.97	198.9580342118021	0.6283344147261665	119.26555886437345	133	40.00458508261766	10.632989690721649	181.87516029840594	7.2	281	0.996	204.45867717683979	0.5294615915097822	139.70425808231002	133	41.48714434804943	9.75301204819277	232.50915345421876	7	
9130	0.974	196.26017570807966	0.574461563989284	103.17501477159874	133	42.65797216573833	10.195071868583161	170.10175052090182	7	282	0.992	197.72772573280312	0.5125577659347812	135.46356701390107	133	43.7261153338377	9.610887096774194	231.06615967347005	8	
9140	0.94	210.6961940198078	0.5634450478599403	93.44639820977635	133	41.75342705033406	10.138297872340425	156.76224165695618	7.133333333333334	121	1	208.1165452656713	0.5104748307248311	137.91720730046154	133	41.99641042258521	9.54	259.627125955334		
9159	0.952	209.32277924451301	0.576410925675631	103.36895626284978	133	41.155971855388756	10.239495798319327	174.5204137734361	7	176	0.992	201.642409952292	0.5260725665463559	128.03936564134585	133	41.98988937912219	9.71774193548387	238.00336873158102	8.75	
9179	0.958	213.27752794032986	0.5722901489602937	102.10312196887725	133	41.22231579193755	10.108559498956158	169.7381777445497	7.095238095238095	134	0.992	207.08947434394645	0.548811039990474	133.52341737154256	133	40.2468999669388	9.887096774193548	229.7737446267354	8	
9218	0.954	254.69884664708997	0.5752497153440541	101.45301502885754	133	44.381020716941016	10.117400419287211	173.39192747831785	7	26	0.994	198.3952736421691	0.5565874657423929	132.11599807442425	133	42.6975291406437	9.985915492957746	212.18300597493044	7.333333333333333	
9237	0.948	207.49430922743377	0.5773289532783189	110.70019055005773	133	40.108353897818155	10.179324894514767	182.27533127198544	7	158	0.98	201.30643769783876	0.555619301333586	126.64392874887822	133	40.50381187187689	9.957142857142857	209.89983693122264	7.2	
9247	0.968	207.2627612194759	0.554690299370051	100.18730385835823	133	40.74143208381473	9.973140495867769	173.29555815652884	7.1875	247	0.99	194.6060701364862	0.5707196675378475	127.05962480243377	133	41.71423728654557	10.078787878787878	221.35595411118564	7.6	
9257	0.976	217.06253891984954	0.5650723024698415	117.58865191317139	133	41.1841098231711	10.08811475409836	202.7411284845996	7.416666666666667	48	0.986	199.81356138256388	0.5486950169505941	128.88402603319156	133	42.518465475056985	9.84787018255578	210.14492618689928	7.142857142857143	
9276	0.972	219.45272283868368	0.567554182214676	99.0924042604166	133	39.73079128204455	10.034979423868313	178.14385788760802	7	170	0.986	206.23300564787635	0.5415087448048894	128.19545263474168	133	42.23171608533944	9.79918864097363	232.1968368361015	7	
9286	0.948	193.7778504557465	0.6086932699274458	118.13150967402491	133	41.71655543544262	10.533755274261603	185.17702592930547	7	266	0.998	199.36076707972714	0.5258931616146032	151.41214812829952	133	43.4433503831125	9.663326653306614	258.92286038943615	8	
9291	0.946	189.51079770866403	0.583152265868966	103.0258462122855	133	41.31522243537001	10.317124735729386	175.2147853585279	7.111111111111111	269	0.978	200.60715457788282	0.5400425920364568	120.47842944239616	133	42.12392996685262	9.918200408997954	206.2453265443002	7.7272727272727275	
9296	0.996	239.17010853854245	0.5483696635805054	134.96712987354982	133	35.54708062808001	9.953815261044177	214.89857502170625	8	40	0.996	208.17657386615963	0.5067071315565289	154.0495379267332	133	41.861810695670954	9.548192771084338	294.6727589822213	8	
9335	0.986	228.52639874004768	0.5497065420493394	119.00915824016349	133	39.416497189805725	9.864097363083165	208.4803234424731	7.571428571428571	41	0.994	200.84865629329374	0.5347256421200076	123.84441778215974	133	41.6157885457717	9.810865191146881	211.72932761983515	7.666666666666667	
9345	0.994	211.16587355520812	0.5294013107393392	118.98681345499315	133	41.17112322768683	9.700201207243461	215.0969022615287	7	237	1	206.7653626664302	0.5200897824397822	135.20795920432258	133	41.25363935994562	9.67	244.79557497421956		
9355	0.956	211.10276906814372	0.5888904331372946	104.27782688997863	133	40.712802980807105	10.238493723849372	167.82668589287934	7.136363636363637	74	0.99	201.9913490576539	0.5612548954973178	128.04306021018618	133	41.15225081219635	10.024242424242424	212.76267795108757	7	
9365	0.988	205.84191007924517	0.5357173022658844	119.62404293483829	133	41.50120216960683	9.795546558704453	206.22750538458263	7	239	0.996	199.3195917549416	0.5530552279046237	146.7193324296696	133	41.594616806904476	9.93574297188755	236.50563709943088	7	
9370	0.972	209.6906415843651	0.5974243863132742	111.85018886187179	133	38.58853495465547	10.343621399176955	175.65952019208206	7	240	0.984	201.11183780241637	0.5540795304514803	127.47790289812949	133	41.29848535218561	9.953252032520325	208.0206936374623	7	
9375	0.926	186.8216115894981	0.6221177550551185	105.40978879056938	133	40.494711259692316	10.695464362850972	167.13633689646977	7.054054054054054	16	0.994	196.940878110592	0.5282924039966281	133.2091795913693	133	42.67497744272062	9.694164989939638	248.13015666707827	9	
9384	0.968	220.4007285963633	0.5508032486338257	116.06067515851333	133	37.92410776068409	9.983471074380166	189.73912292117797	7.0625	137	0.99	198.57985317105974	0.5296038473311184	137.14983918958453	133	42.639038497255214	9.71111111111111	230.89282467619833	7	
9394	0.976	214.8265539700781	0.546463412498247	104.24318297500731	133	40.78929851286647	9.973360655737705	183.49269492799436	7.166666666666667	86	0.992	199.32486738450444	0.5576916810787771	122.53565083465554	133	41.99969813933476	9.923387096774194	207.37164218829722	7	
9414	0.972	219.16572717035183	0.5713291109896044	100.27014459293932	133	39.42929478270733	10.135802469135802	172.82862508599487	7	64	0.986	202.17346729515967	0.5331135902636913	134.8547575931312	133	41.862926148368835	9.72210953346856	244.43673844271373	7.571428571428571	
9453	0.976	220.0577200588083	0.5787122087839295	105.51640814537063	133	38.17774182513433	10.237704918032787	172.5987297796444	7.5	63	0.994	198.17377088311238	0.5476453515185903	127.50870116957083	133	41.836965311500435	9.853118712273641	223.46799949480996	7	
9492	0.986	213.281418992351	0.535947200196693	101.39071383871469	133	41.98534333786477	9.813387423935092	192.2327207072439	7	94	0.984	197.33675597648022	0.5595441595441574	134.64683320818028	133	41.1691885001652	10.010162601626016	228.4314840843169	7.625	
9511	0.984	209.09477263043595	0.5497107962046965	120.1373068875062	133	41.90064747119041	9.90040650406504	211.92985781716524	7.25	135	0.992	196.79415965653192	0.5676686608642242	128.2880049791646	133	40.332233152803795	10.08266129032258	210.60206144142262	8.25	
9521	0.984	206.60115898225072	0.5168952264988844	139.9440181831997	133	41.03442276982915	9.65650406504065	255.28415330355529	8.625	263	0.992	196.90353314805643	0.5580412531017358	135.83622407029418	133	41.929167550136675	9.961693548387096	217.01962856633386	7	
9531	0.958	207.94443238599425	0.5776576589728982	91.76741751802358	133	41.85910556117976	10.19624217118998	163.5953038159093	7.0476190476190474	62	0.99	195.61351511497784	0.5606115153084833	140.714483889746	133	42.22476296816263	9.963636363636363	221.59974297161637	7	
9609	0.96	214.72667084282222	0.5708016867391859	99.00318697153746	133	39.80074137654341	10.202083333333333	164.7903073890807	7	65	0.998	207.26034224905405	0.5265723755202708	135.34185400170512	133	41.90907255322005	9.675350701402806	233.06407624274155	7	
9628	0.964	217.40110955808032	0.5616180960579297	103.82687591050191	133	39.61737136658059	10.089211618257261	170.60197640851763	7	136	1	198.381209331163	0.534298912198912	124.26015083144047	133	42.4646070568971	9.874	222.3440460500931		
9648	0.986	214.38511045413526	0.548532366889364	105.15402536204617	133	40.57889801766916	9.937119675456389	174.04965448747782	7.142857142857143	78	0.99	197.2347292497615	0.5432488050669859	117.77551670704325	133	42.162596693276726	9.858585858585858	213.96086869673	7.8	
9667	0.964	216.84362065831758	0.6118391463308458	115.25437830859316	133	37.60335762543845	10.529045643153527	175.78046722956293	7.555555555555555	79	0.996	215.2396594200893	0.504657128904117	157.0857399686881	133	39.27799327149679	9.534136546184738	272.70433765800243	8.5	
9677	0.95	192.12878695884734	0.6067814583077722	113.7369452101021	133	40.754918468433104	10.541052631578948	184.42901286768736	7.12	241	0.998	201.1691191287924	0.5112858195022522	132.13782942470024	133	43.45294871366055	9.60120240480962	245.39708427668535	7	
9687	0.934	192.8795638528706	0.5935746444847068	95.97913286003508	133	41.095333514416	10.548179871520343	164.0612691835591	7	17	0.998	198.91572988909996	0.5048258132426469	133.19814367989792	133	43.47520121919976	9.545090180360722	252.73772571863915	7	
9696	0.984	210.76079506448036	0.5269464895989285	108.35980917781777	133	42.99377118272822	9.674796747967479	200.38617245240812	7	177	0.988	199.1453680564818	0.5469439411241018	126.23958901245214	133	42.00030593729747	9.84008097165992	232.230865992213	7	
9706	0.97	209.9657993845754	0.5986560690168921	106.84942805769103	133	40.60647698892426	10.364948453608248	172.43428595329925	7	127	0.988	203.57702134743565	0.560774476310912	125.73520502854186	133	39.47443165367501	9.977732793522268	213.9200640669253	7	
9726	0.984	215.45872564136494	0.5636956257383076	97.60618179665971	133	41.48560296807484	10.048780487804878	168.75442118850592	7	126	0.996	194.4552909029814	0.5387577895108004	142.93827537512496	133	42.268681062573414	9.783132530120483	247.29514044871013	7.5	
9745	0.968	217.71400296854458	0.5716804487982169	102.27626055205792	133	39.568335163176926	10.09297520661157	168.92416345235216	7.125	149	0.994	195.26952695321685	0.5710179882715078	133.6306016452613	133	40.79212348516237	10.148893360160965	205.68068937107697	7	
9765	0.96	209.79937934256122	0.5812223193473184	103.72480644617931	133	40.21576823343491	10.227083333333333	168.1999674055328	7.05	125	0.998	201.82002022214286	0.5155766856167663	135.91449872702887	133	42.22512075645802	9.643286573146293	250.16855351523492	7	
9804	0.954	224.50228267516923	0.575126853114273	111.35318736670229	133	34.6866209583768	10.144654088050315	194.39942386512732	7.130434782608695	128	0.992	199.77444820380592	0.5382273416547606	124.33832937351582	133	41.21656298354491	9.806451612903226	207.85085534407418	7.25	
9813	0.97	193.9069246762493	0.5854711268113326	104.39727603254441	133	39.70118462939641	10.288659793814434	182.12648909400957	7.066666666666666	297	0.998	200.0882152450937	0.5093672192870593	135.51418043825038	133	43.094398117968936	9.507014028056112	271.2183773417376	8	
9823	0.988	197.21346161524147	0.5597097965012932	109.25157876027939	133	41.53254967471326	10.004048582995951	192.27040308601246	7	295	0.994	197.39455079822108	0.516554181342913	136.0577667449279	133	43.292438497443726	9.585513078470825	245.64280993584285	7.333333333333333	
9833	0.976	194.63167550771323	0.5850602892098791	115.5536277729034	133	41.01262987418587	10.260245901639344	189.1363298293343	7	296	0.988	196.71870022236624	0.5531944326478728	122.11904860773878	133	41.05966143117662	10.01417004048583	225.130391486151	7.166666666666667	
9843	0.942	187.51492953313274	0.6169490099426387	108.1873605910524	133	40.98972790373754	10.573248407643312	171.95115176614473	7.137931034482759	22	1	199.5131878218188	0.5297974358974344	146.80352287699512	133	41.94125526281442	9.726	242.22144405377927		
9862	0.942	204.07279029422594	0.5830154806269439	100.75085642300704	133	41.43746716292746	10.263269639065818	172.12767821254127	7.103448275862069	159	0.998	205.61209773736962	0.5354741728990219	146.39823304239087	133	40.303661642772525	9.743486973947896	223.5407102770909	7	
9882	0.964	217.7743640714457	0.572711716591384	103.18675030122556	133	38.78898622100023	10.136929460580912	167.5403312950178	7.222222222222222	53	0.992	200.7365737180671	0.5526723500513805	139.20942313787324	133	40.33826866204403	9.929435483870968	228.5386672362381	7	
9891	0.992	227.75277803388283	0.5373241957415331	129.29896524962274	133	37.66037181560998	9.820564516129032	223.5101234725302	8.25	232	0.994	194.5281615716581	0.5710999485647354	147.06923979539968	133	41.136267564411824	10.132796780684105	223.5960451157504	7.333333333333333	
9901	1	217.9788996425655	0.5523693473193463	119.5398835159253	133	40.886644223181364	9.912	223.4123013464342		231	0.992	199.43707277895206	0.5564771865679111	130.1992366218345	133	41.01560683417391	10	221.8148038993693	7.25	
9921	0.98	266.79734291485806	0.5642473399616253	102.19918683476241	133	43.05174665797998	10.053061224489795	170.77699755259525	7	27	0.99	196.63144514091093	0.5620840495082906	131.1277204801008	133	41.56482848805408	10.046464646464646	212.79831202124373	7	
9940	0.968	190.22166326057894	0.5682430230467409	115.87172673000683	133	41.98744934168648	10.047520661157025	197.15284333426115	7.0625	271	0.986	200.13802622473304	0.5487636940476684	124.24775972193369	133	41.35529518460095	9.876267748478702	211.57597425392788	7.428571428571429	
9960	0.958	199.14355797625748	0.561345103516293	105.56933404536913	133	40.40300216190784	10.035490605427976	175.34790647651988	7.0476190476190474	270	0.998	200.264879399704	0.5215436311628692	144.32837545094247	133	42.30451303171488	9.609218436873748	267.17871491846796	8	
9980	0.98	206.28973182337492	0.5557197960769382	122.03257352270056	133	38.880718143618495	9.946938775510205	198.14192880808255	7.6	272	0.984	197.2022926766453	0.5382370847309862	121.43778342635072	133	42.57668125014441	9.857723577235772	212.24598402452722	7.5	
10000	0.974	205.11308596253636	0.5670947749489818	137.65922645338003	133	38.585944981013206	10.13552361396304	221.38874574622733	8.384615384615385	1	0.996	196.20976320829624	0.5173028945619305	140.77072841652142	133	43.17738377143969	9.64859437751004	264.1740059207706	7.5	