index	success_ratio (division)	success_rate (division)	mean_second_ratio (division)	second_ratio_SNR (division)	probe_index (division)	mean_time (division)	mean_total_iterations (division)	total_iterations_SNR (division)	mean_total_iterations_failing (division)	order_index (division)	success_ratio (sequential)	success_rate (sequential)	mean_second_ratio (sequential)	second_ratio_SNR (sequential)	probe_index (sequential)	mean_time (sequential)	mean_total_iterations (sequential)	total_iterations_SNR (sequential)	mean_total_iterations_failing (sequential)	order_index (sequential)
0	0	0			206				8.044	0	0	0			206				8.042	
2500	0	0			206				8	3	0	0			206				8	
3750	0	0			206				8.002	4	0	0			206				8	
3828	0	0			206				8	8	0	0			206				8	
3837	0	0			206				8	12	0	0			206				8	
3839	0	0			206				8	20	0	0			206				8	
3840	0	0			206				8	25	0	0			206				8	
3841	0.922	374.7662791640899	0.45745697421402487	102.56508557968513	206	42.31296835964296	9.247288503253795	204.70400439320892	8.692307692307692	32	0.826	316.0149973217604	0.4326191699073066	108.69387449765235	206	39.297944097929175	9.549636803874092	193.31342446677724	8.632183908045977	
3842	0.91	362.23230634515	0.4715995115995122	114.5180244482154	206	40.984503740617036	9.47912087912088	215.83761583844534	8.422222222222222	17	0.81	311.9463914348583	0.4347369639962236	116.39441352346648	206	39.26980558380873	9.565432098765433	189.1251872564217	8.715789473684211	
3844	0.928	360.61241936746853	0.46731974921630104	119.23063063259718	206	41.515297852838046	9.461206896551724	211.4200710153434	8.36111111111111	46	0.904	353.89915440036026	0.4666092020074322	119.48351556518081	206	40.930747382826475	9.451327433628318	221.02388636181058	8.479166666666666	
3845	0.8	316.0056881023524	0.47171989121989166	101.49495606334783	206	41.737918527788416	9.6725	173.6222203451526	8.67	50	0.82	333.0896092291391	0.45920124590856376	111.04744440017879	206	43.106996910318884	9.409756097560976	178.0608311447458	8.733333333333333	
3846	0.942	367.2800998128359	0.45994552746145295	117.04156561570646	206	40.02496091153039	9.439490445859873	202.91814667043866	8.310344827586206	111	0.876	338.4853168470165	0.4637293579074412	110.95311848953641	206	40.57852550867048	9.511415525114156	186.73674214487878	8.516129032258064	
3847	0.704	276.3168223565126	0.4351970393873803	96.87978964107938	206	40.542793412642034	9.602272727272727	144.72850327326537	8.79054054054054	10	0.72	284.38265265831336	0.4539833700250372	113.61896646245674	206	42.560540588426306	9.527777777777779	162.74641988225454	8.742857142857142	
3848	0.944	373.5654926790661	0.474856082006506	123.98684860590306	206	42.9935287164715	9.402542372881356	234.21671665581303	8.464285714285714	103	0.898	347.4425443008464	0.4702464202464215	120.2627033193588	206	41.87194547011195	9.492204899777283	212.56622031188576	8.549019607843137	
3849	0.832	323.81100646061265	0.4222774621212134	120.78387816135303	206	39.31007335458325	9.473557692307692	187.49015021649888	8.547619047619047	79	0.814	307.4482550233796	0.4484537779992338	114.32316739351863	206	39.290762209893956	9.793611793611793	172.28302716249058	8.666666666666666	
3850	0.982	399.44679466326744	0.4661976911976921	119.26641850122485	206	42.62783673837403	9.215885947046843	233.78206090853485	8.333333333333334	101	0.942	377.37360788377947	0.4499571082373645	122.7927974633235	206	40.27765896047459	9.329087048832271	233.70656419752657	8.758620689655173	
3851	0.782	305.75539568344215	0.42705886043482016	107.1820588826513	206	39.38293780395065	9.578005115089514	172.78612440787379	8.559633027522937	153	0.7	261.5844544096348	0.45279076479076547	115.48613044242467	206	39.07377904885912	9.862857142857143	138.97933050088616	8.62	
3852	0.922	364.7151898736445	0.45959322071035885	106.22583812697519	206	41.436634584901356	9.290672451193059	211.8269236411419	8.435897435897436	78	0.754	290.20090832130666	0.4337095707122236	113.18741965515822	206	39.58617255738755	9.713527851458887	179.70399600605435	8.666666666666666	
3853	0.592	229.35068960168806	0.42128890253890194	94.76473647421408	206	39.35127128415703	9.91554054054054	135.95657285571428	8.857843137254902	81	0.524	203.74834746093705	0.459728005243272	91.72476752564495	206	39.642823120277185	10.145038167938932	132.31197154467435	8.684873949579831	
3854	0.728	282.67453599443803	0.4241820679320683	106.140007900038	206	39.222433577706994	9.788461538461538	158.47531985955263	8.720588235294118	80	0.562	212.81429869743573	0.4384206837053807	94.35374207253993	206	38.87407328991413	10.145907473309608	122.13584861793579	8.863013698630137	
3857	0.738	286.86931508984696	0.4241117133393557	107.79087606884872	206	38.97819328532616	9.75609756097561	160.5527567823723	8.748091603053435	24	0.704	274.7853239656768	0.44025769054178204	103.89760884465123	206	40.16363978250185	9.784090909090908	145.95975339826956	8.864864864864865	
3858	0.83	320.41383570093194	0.43002651297832123	116.96118668395228	206	39.37504009884236	9.472289156626506	195.24075560847325	8.505882352941176	108	0.872	350.0883250359301	0.4500196477834107	110.46442735537954	206	39.62291197417813	9.568807339449542	182.7217557271661	8.640625	
3859	0.85	325.19703114250086	0.44135591206179603	114.59648141889014	206	39.43843343824269	9.529411764705882	192.21116934637243	8.626666666666667	49	0.866	340.08796732652735	0.4547124161442874	107.30480817704976	206	40.302859204687635	9.4364896073903	186.75024558047033	8.761194029850746	
3860	0.854	324.9619482495475	0.44374896506044154	118.71953530714491	206	39.32328271647238	9.480093676814988	187.36635187135974	8.698630136986301	215	0.87	336.21889009110134	0.4463264832230361	116.20422679982131	206	40.104160632456015	9.549425287356321	195.43917753369237	8.384615384615385	
3861	0.768	304.3271516882219	0.44426359953703826	102.87940377697468	206	40.84848788739855	9.510416666666666	169.4715944812977	8.525862068965518	290	0.728	280.15085045800413	0.46707875457875514	105.1496069751168	206	41.5646985555677	9.656593406593407	168.63643618862704	8.852941176470589	
3862	0.874	341.7533432392709	0.44446524744007737	112.31052408206217	206	39.10365873137117	9.386727688787186	190.0679300624015	8.587301587301587	43	0.896	345.54569996134154	0.47613189761627417	115.0929780469545	206	40.63599470038829	9.676339285714286	194.9869389424083	8.596153846153847	
3864	0.862	337.1138052404241	0.43246443553868247	123.63443013749813	206	39.34637997397111	9.37122969837587	186.94933199305626	8.594202898550725	145	0.952	376.5524879359839	0.4735919717537367	124.05861492184985	206	43.72382327846914	9.346638655462185	235.36575254477336	8.625	
3865	0.784	311.2346169116742	0.472351153664929	111.08240300426432	206	42.93172402084056	9.5	176.68074750368683	8.842592592592593	248	0.756	294.8517940717093	0.46654240820907533	108.97347149532838	206	42.334920979387114	9.637566137566138	189.05653410020895	8.80327868852459	
3866	0.928	369.66220522610104	0.4692898397100985	112.80711434168755	206	42.57631079747842	9.392241379310345	212.541804632277	8.666666666666666	249	0.816	325.6964955695819	0.4444159734600919	105.89243521029393	206	39.22581806209308	9.627450980392156	188.65984482401007	8.532608695652174	
3867	0.846	342.42694082401385	0.42782434271796127	119.60402447229917	206	38.127252968421665	9.432624113475176	198.08236115748042	8.675324675324676	9	0.882	347.08011962859194	0.4540932612361201	116.05302038472173	206	40.79258821845318	9.512471655328799	190.2137898521583	8.64406779661017	
3868	0.924	361.3609698864871	0.4354136604136621	123.29701310873777	206	39.855228696000175	9.294372294372295	205.6806582994729	8.526315789473685	114	0.866	343.9510683930988	0.44501248046282854	118.58705706214	206	38.95748783346236	9.429561200923787	178.27798278732354	8.522388059701493	
3869	0.936	390.35782800890115	0.45175310800311	111.39783417623475	206	42.16882600755487	9.297008547008547	226.4143549563591	8.4375	63	0.926	361.52104317942576	0.43856906832069054	119.66487481546827	206	39.14275946790079	9.40172786177106	211.1234560391414	8.405405405405405	
3870	0.922	361.285266457466	0.4570199323453133	125.65571687949648	206	39.74279091188638	9.401301518438178	221.62594455924307	8.564102564102564	66	0.912	361.0737192177335	0.46331247943090154	114.00931056229184	206	39.91299928769603	9.381578947368421	199.11080928338356	8.772727272727273	
3871	0.702	276.6175427535578	0.4281849837405397	100.60828029962043	206	39.801551230566	9.64102564102564	160.0014486389585	8.758389261744966	44	0.616	241.51180114495213	0.43629980229006154	90.35388471588792	206	39.21079125902901	9.805194805194805	137.9269022976124	8.682291666666666	
3872	0.99	399.8707488488306	0.4632848688909314	120.4579727147088	206	40.760402992201094	9.222222222222221	238.27903775015176	8.4	68	0.982	385.40031397191865	0.4573609350595104	126.5458799138665	206	39.975317601602015	9.362525458248472	230.69174943884437	8.777777777777779	
3873	0.912	359.25313164738446	0.4321389015467971	122.48274010680888	206	39.22584785760216	9.344298245614034	204.80807549368228	8.522727272727273	45	0.888	352.10150674081206	0.43889781389781524	114.53865170659036	206	39.11116468269789	9.344594594594595	200.03307045251304	8.625	
3874	0.96	372.67080745354247	0.4759059343434352	120.53027433152248	206	41.969678938637664	9.445833333333333	231.92424655865224	8.85	142	0.912	356.2500000000648	0.4441182659932679	125.3028892879485	206	38.76928553887974	9.324561403508772	199.56641223418944	8.909090909090908	
3876	0.962	374.90257209681005	0.4894728106266568	119.80600317384976	206	42.0711979466712	9.507276507276508	204.44891416404352	7.947368421052632	31	0.934	359.81200400659463	0.458018623061451	126.9081569237379	206	39.21846998787051	9.26338329764454	247.3362967285842	8.666666666666666	
3878	0.964	381.63103721302014	0.45360136636070436	128.2467661837023	206	38.86369062734119	9.269709543568466	247.34954275994068	8.61111111111111	220	0.942	367.0511221945603	0.45306193570524916	133.48040545060198	206	38.79524866050607	9.360934182590233	219.2592628737597	8.586206896551724	
3879	0.904	346.73212641910675	0.4407275185483162	113.71878080256673	206	39.62663236624432	9.526548672566372	189.38382728341517	8.583333333333334	221	0.85	325.24680492842833	0.4609073083778972	114.2327504856919	206	39.283705596869424	9.651764705882353	194.5516855115904	8.666666666666666	
3880	0.914	354.12630763268453	0.4445461176314584	127.71675381851097	206	39.188547252820875	9.396061269146609	214.41442852118817	8.534883720930232	231	0.952	376.8506056527313	0.4539587046940003	112.45041054013254	206	40.17906295922723	9.350840336134453	245.09603582224756	8.75	
3881	0.934	365.81544728179904	0.45205834493843094	113.52155206115623	206	38.88826443151296	9.42612419700214	200.03449435423298	8.575757575757576	218	0.872	343.0909663206041	0.4344204661291829	113.89696307591335	206	38.676866710847726	9.373853211009175	205.93495564412623	8.625	
3882	0.976	397.03848344330896	0.45541480377546084	117.63637167533543	206	40.31719427157719	9.188524590163935	255.53429560533777	8.25	238	0.958	367.7825552826473	0.4603192678349265	130.518450729802	206	38.87574605783499	9.342379958246347	229.7343254291877	8.619047619047619	
3883	0.96	370.71362372575857	0.47721696127946284	120.82437247608517	206	41.464898026077805	9.427083333333334	246.5473336401553	8.25	219	0.95	366.7953667953338	0.4590666993824903	126.84598121274952	206	39.1303634539346	9.372631578947368	253.53588148437558	8.48	
3886	0.968	388.4741953605334	0.48213183166695545	112.91864956474629	206	41.78167736485064	9.390495867768594	219.95859048741283	8.6875	30	0.936	360.5824793899064	0.4637879867046543	112.66596023115194	206	39.30884506540432	9.405982905982906	219.39309017405913	8.59375	
3891	0.966	379.4186959939585	0.48483201293760386	107.51733061982823	206	40.26919143061298	9.403726708074535	210.8131201405352	8.588235294117647	265	0.94	365.8726451813861	0.4641200879498765	128.760227131193	206	39.44855237641993	9.312765957446809	235.14040042439652	8.333333333333334	
3896	0.964	383.78851819408993	0.4599170423859238	132.48842707292135	206	39.58975738649459	9.342323651452283	247.92557379518993	8.444444444444445	40	0.946	358.9043174747641	0.46605787916570296	122.99417089166647	206	39.60673225619299	9.469344608879492	226.96293557656352	8.962962962962964	
3901	0.962	394.520997375475	0.47156233117771734	120.68920884717822	206	43.584823850366256	9.397089397089397	229.240655009968	9.105263157894736	62	0.912	341.5730337078652	0.4734833575294113	121.08786553035034	206	38.771791486194495	9.554824561403509	205.7123980416228	8.636363636363637	
3903	0.958	370.886566008442	0.4685303793863302	121.36037505374414	206	40.77344343471853	9.359081419624218	227.04508447834917	8.333333333333334	100	0.936	367.08761471477237	0.47511277302944055	123.26998452354172	206	39.823275253874215	9.455128205128204	227.69687183778535	9	
3904	0.966	372.68518518510155	0.46896203635334166	134.466592955342	206	39.65654273702845	9.335403726708075	234.66819708065015	8.529411764705882	140	0.974	386.81493248610013	0.4827671757856571	133.22933548476743	206	38.81750677912484	9.44558521560575	258.11309951891286	7.923076923076923	
3905	0.936	364.88382972100203	0.4531870254626679	119.66087131564207	206	38.98090950247149	9.286324786324787	214.27107960125025	8.59375	154	0.954	375.26551805526896	0.4865035151198671	117.12957636904055	206	41.063601087068065	9.540880503144654	208.93739790239042	8.73913043478261	
3906	0.906	360.0381497376589	0.4685641866105455	110.83042688966697	206	40.43670756178648	9.417218543046358	217.17663433814357	8.808510638297872	7	0.972	363.79968560520365	0.4820373899077624	119.02199163693557	206	40.36348890189013	9.563786008230453	226.4612449462251	8.5	
3907	0.984	386.0640301317492	0.4812062937062932	122.28279016624279	206	40.09556968363596	9.335365853658537	253.9963849669363	8.375	147	0.788	283.02564470941286	0.4581414989409925	110.93810560677979	206	39.54261070943787	9.578680203045685	175.50542912140716	8.660377358490566	
3908	0.968	371.964340608441	0.48161610542808947	129.93761085080976	206	39.76914420150254	9.487603305785123	234.17818543939597	8.4375	110	0.958	380.46068308209243	0.4789829400476589	124.93663412960983	206	41.39671234049129	9.409185803757829	235.1572314719848	8.857142857142858	
3910	0.956	383.96658366143885	0.4646483339998	124.74003110256551	206	39.45793662118806	9.359832635983263	217.3072750408294	8.227272727272727	67	0.986	404.56261283436925	0.49530958673960834	131.3185633514985	206	44.10447362546931	9.47261663286004	244.65458176256413	8.142857142857142	
3915	0.954	369.5669016813841	0.4732099254111842	126.9083911620847	206	38.91695492662473	9.329140461215934	217.89866787520555	8.478260869565217	34	0.962	383.9399744571302	0.47306161152315035	128.86715724318964	206	42.99853073507664	9.386694386694387	242.8999664293737	8.578947368421053	
3920	0.958	372.09663637071856	0.5091000393714379	104.46578888528296	206	41.057860357460115	9.492693110647181	204.62394176834476	8.619047619047619	102	0.98	403.42499588331015	0.4711313686313698	133.8221319454257	206	41.64365848143047	9.191836734693878	267.6774287673861	8.6	
3921	0.974	381.00453763112694	0.4781034160910963	128.61476075394106	206	39.125555030136425	9.340862422997947	250.12111033748138	8.461538461538462	291	0.96	392.76654938225585	0.4574300294612812	132.03612350238157	206	40.25132179953837	9.23125	255.57595744092387	8.55	
3922	0.978	373.7103553687096	0.4832001332001352	125.03568112512892	206	39.523949483423344	9.402862985685072	227.83040829586824	8.363636363636363	157	0.952	381.19644430205284	0.46102994227994387	121.56335455021275	206	40.106783008243575	9.388655462184873	238.68376028819026	8.458333333333334	
3925	0.98	383.86212299230175	0.46100609707752693	121.41324295563842	206	39.9630258051101	9.326530612244898	243.16931784246245	8.2	22	0.988	380.7615230462562	0.4918639109428598	130.52502612141544	206	39.17999413295723	9.473684210526315	249.9510067347919	8.166666666666666	
3930	0.986	390.30955585459657	0.459753526842778	151.48922737391234	206	39.919121636477165	9.212981744421906	255.5409320647367	8.571428571428571	171	0.99	384.91446345253127	0.501765563280716	125.63243725248213	206	40.061369637088156	9.519191919191918	229.5757544752989	9.2	
3935	0.988	384.7052410246138	0.49475960948633174	131.17568285627772	206	40.263471348200746	9.445344129554655	223.51552116535333	8.5	73	0.958	376.51312686672077	0.504320186888036	127.74042466247077	206	42.629474082362975	9.603340292275574	236.53209346982047	8.523809523809524	
3940	0.984	375.4005798871313	0.48942785421444013	130.3893359823539	206	40.50063733625689	9.44308943089431	248.04478595574304	8.125	159	0.966	375.2330640149976	0.4961474515822348	125.11636527825176	206	42.160701515423014	9.5175983436853	245.70300154306764	8.470588235294118	
3942	0.974	366.9102689670953	0.49820069275921597	131.0517700503738	206	39.22888715545149	9.437371663244353	258.0797180068156	8.153846153846153	216	0.994	383.4580665073586	0.5012992093978028	124.6918805192896	206	40.750917392074115	9.519114688128772	233.15786957986464	8	
3943	0.976	369.9492077932642	0.4882822209666485	113.97179978821295	206	38.225471886103186	9.426229508196721	220.52125000196102	8.75	217	0.978	380.4559246866919	0.47345747867220356	129.2639374426107	206	39.317170921517494	9.339468302658487	247.30179938487726	8.181818181818182	
3944	0.958	358.6671658556881	0.5235725710151595	111.57871509940315	206	41.43777646926927	9.65553235908142	211.06499386607055	7.619047619047619	252	0.968	378.09546129209343	0.4773838936545561	133.94353375072677	206	40.0356988207804	9.427685950413224	241.18003227469657	8	
3945	0.998	393.75049317433115	0.4991270419627137	123.07608738482467	206	41.871687778571655	9.450901803607215	269.2548374689168	8	18	0.978	382.44955419973905	0.47968432953095635	129.64338446922656	206	39.73105404508902	9.355828220858896	254.3994756148394	8.636363636363637	
3949	0.996	382.2536076145262	0.4848479777696653	134.59252124129313	206	39.18936861516459	9.373493975903614	252.45276246244444	8.5	115	0.986	382.37803459257333	0.4871870860714686	121.03021831152078	206	41.93828063204033	9.383367139959432	253.1625771351695	8.142857142857142	
3951	0.994	387.91757727119887	0.47692213889397106	123.53476237992344	206	39.22030969950068	9.305835010060362	281.1558358704465	9.666666666666666	176	0.968	371.16564417201107	0.5100016776153146	114.0384350344986	206	40.202389493111326	9.520661157024794	207.14850498136224	8.375	
3952	0.982	380.59065188740595	0.49892941410253144	122.88814658037042	206	39.41433658230136	9.431771894093686	235.7009464413024	8.11111111111111	253	0.986	376.82488725809304	0.502270678386298	109.61800700661797	206	42.13206486777516	9.47870182555781	234.63939004243986	7.857142857142857	
3954	0.98	379.1102514505361	0.5047927865784997	121.59298473755307	206	39.335851339415825	9.50204081632653	235.7389690214965	8.3	74	0.994	376.1731759008753	0.4855140946690253	127.00090715360231	206	40.66103798209321	9.458752515090543	238.9775969395733	9.333333333333334	
3964	0.98	379.9038610635928	0.5271784961070664	111.32567116178313	206	41.56835509387685	9.646938775510204	223.39307537696337	8	47	0.984	383.08806353647356	0.4915942571430387	131.2300287263964	206	40.26026496715388	9.376016260162602	250.61294415861897	8.25	
3974	0.98	385.0990254634634	0.4903649921507064	116.01069574796772	206	39.2843170010483	9.402040816326531	249.4138741131483	8.3	117	0.984	376.57864523519385	0.4905336194970351	132.85455768733672	206	39.742558027865535	9.5	237.72493244608046	8.375	
3976	0.998	382.78613071515514	0.46618010691157097	133.23304133945382	206	40.072836737814896	9.280561122244489	269.2140433359292	8	274	0.982	382.5179183544264	0.4901563360830167	117.3393710176828	206	38.66133880276451	9.356415478615071	241.421688955914	8.555555555555555	
3979	0.988	393.9079818195841	0.4999457020712088	113.46835589485012	206	41.055879010606645	9.392712550607287	243.44194440564607	7.833333333333333	172	0.962	367.45607333836097	0.47479577479577706	137.564127528491	206	39.32518946366603	9.338877338877339	281.3984908496142	8.473684210526315	
3981	0.984	379.7175272054705	0.47942894955090176	115.69057934231427	206	38.735370150074566	9.365853658536585	247.17183790358476	7.75	177	0.982	390.02303598386027	0.47940738261512317	125.60533387228186	206	39.5477057006881	9.313645621181262	273.8602272558348	8.222222222222221	
3984	0.972	368.2376117592978	0.5308647970684996	114.54016508500825	206	40.15294525049784	9.689300411522634	201.83697109697604	7.642857142857143	14	0.992	378.33714721593293	0.4625481373465263	139.2643517981622	206	40.066496470339196	9.3125	248.3347409870014	8.5	
4023	0.972	371.7870257037331	0.5355901928432792	121.60396536994678	206	39.89965158728966	9.734567901234568	209.72855810475914	7.214285714285714	120	0.978	366.64917147779244	0.5067902161460456	118.03678924228606	206	39.356161812484885	9.554192229038854	227.8259817382791	9.090909090909092	
4024	0.982	368.59094662573176	0.528606248921931	125.94908032566975	206	38.71725208506792	9.690427698574338	220.21060496018669	7	193	0.888	338.388842313824	0.5601811164311149	106.56170373586784	206	40.373334102923955	9.887387387387387	192.38252072236526	7.160714285714286	
4025	0.932	348.6458177466182	0.5693172647571776	108.92498292378068	206	42.042297925249784	9.899141630901287	177.79885135607208	7.382352941176471	190	0.99	382.4165636589	0.5174227904530935	117.74952831349323	206	41.27427086215203	9.557575757575757	227.65929521203392	7.8	
4026	0.928	365.9305993690684	0.5615645429761796	105.23168397938058	206	43.07685207888918	9.77801724137931	186.677936106441	7.083333333333333	191	0.98	366.84884330321364	0.5257675261246696	121.13225308753621	206	40.12752476395746	9.70204081632653	231.9131016351007	7.5	
4027	0.994	396.61639134918437	0.5039362046404302	131.9106772768207	206	41.55991390016478	9.432595573440643	261.54315788460974	7	183	0.986	380.4012345678329	0.5032632118839017	125.3476041438513	206	40.29263488709606	9.511156186612576	235.39443408471334	7.857142857142857	
4029	0.986	384.4953985338713	0.5121432376503372	129.3625047726492	206	39.90206647326978	9.553752535496958	242.4632572954981	8.142857142857142	184	0.984	373.4912320654105	0.5522875724095225	121.94759304256098	206	41.74313025193599	9.766260162601625	217.04336610025481	7.125	
4030	0.994	378.0617678379482	0.5170945642776621	116.47075249585731	206	39.21973993216291	9.64185110663984	207.68348583573703	7.333333333333333	188	0.98	378.9343438249578	0.5282747807747802	118.62358548822894	206	42.341273315133506	9.7	229.57125901463695	7.7	
4031	0.978	371.2702148659344	0.5506832578918467	111.14673317105917	206	41.419331622018625	9.80163599182004	194.98769531993162	7.090909090909091	189	0.986	374.1935483870637	0.5270365143083188	116.15496474416626	206	40.482910790678325	9.699797160243408	205.4489215772968	8.142857142857142	
4032	0.936	359.08846773586316	0.5595381351791594	113.85910233178447	206	41.33786752341692	9.899572649572649	196.36711385165347	7.375	180	0.936	347.6194013221001	0.5635134630326926	108.74060141160685	206	40.55972878121443	9.903846153846153	185.94742021547282	7.4375	
4033	0.982	368.56327878675637	0.5280877868454241	118.45215113039042	206	39.840436512126765	9.708757637474541	228.00233631843585	7.111111111111111	246	0.958	362.6589945486496	0.5246898485416233	121.04479958481177	206	40.59722985415877	9.701461377870563	227.2778789658167	7.666666666666667	
4034	0.978	367.945823927588	0.5220945777694245	107.36232017335068	206	40.19110725406915	9.656441717791411	192.97943027771646	7.363636363636363	243	0.976	370.5391040242649	0.4925675019425029	121.26810938463198	206	39.968029867721334	9.469262295081966	233.05457373400878	8.166666666666666	
4035	0.994	367.9301154870743	0.5315278618095525	130.77809570022822	206	39.467631927167844	9.716297786720322	213.61141672099185	7.333333333333333	244	0.914	346.65857543808255	0.5363919875407829	104.11194457688185	206	40.50090328382586	9.807439824945295	179.4550014834682	7.046511627906977	
4036	0.966	357.0372560613515	0.5181300181300181	105.55768366086735	206	40.13334761759099	9.683229813664596	193.71060029252064	7.764705882352941	245	0.984	360.04390779360267	0.5542008578593935	120.1623245759327	206	39.44426494129954	9.790650406504065	196.34564166812706	7.125	
4037	0.946	368.38006230539617	0.5542301015873942	105.53907316384473	206	42.9763225639208	9.87737843551797	186.80079817270536	7.222222222222222	181	0.924	334.75835084406265	0.5601404908223075	96.66730934794703	206	40.29892768791472	10.01082251082251	182.0050656087689	7.2894736842105265	
4038	0.892	335.2879266274985	0.5715187465747995	104.7628244648348	206	41.65536222084289	9.973094170403588	184.33034994462554	7.185185185185185	192	0.986	373.6263736264725	0.50153256704981	116.89160462435693	206	39.99954205679854	9.476673427991887	242.7272735790247	7.428571428571429	
4039	0.99	371.5658309560986	0.50036742718561	128.88535029928588	206	38.95432325819873	9.45050505050505	243.18747255413413	8	186	0.976	360.67997043603697	0.5634987564803133	111.56839781255309	206	40.38490686843857	9.860655737704919	195.3114805731104	7.416666666666667	
4042	0.996	376.07612143180455	0.5031268820425443	116.85423171762262	206	39.447883977126125	9.481927710843374	228.2318961115572	8.5	178	0.962	363.0462676429303	0.5395602434063959	110.3448859423578	206	40.65674960599089	9.671517671517671	208.00687376208867	7.526315789473684	
4043	0.916	360.11951564698575	0.5385112946248325	100.34490395885803	206	40.17789677987888	9.7117903930131	180.00281943616687	7.0476190476190474	232	0.976	357.03833772295434	0.5443942100704394	115.53543343539788	206	40.53007051704362	9.938524590163935	200.60016537195244	8.333333333333334	
4044	0.966	353.7165873306783	0.528827452740496	120.49556074780038	206	39.38508224301366	9.77432712215321	196.23266314704986	7.411764705882353	185	0.97	369.21437271633715	0.5407687902017788	109.73631371067758	206	40.2874289896324	9.729896907216494	200.14700224301632	7.133333333333334	
4045	0.986	361.27803019201923	0.5420861761632547	104.32832547520337	206	39.94156981368725	9.845841784989858	188.80405337893586	7.142857142857143	207	0.968	361.0862429125258	0.5331000324285452	110.01327375799286	206	40.08342970842	9.704545454545455	191.23854885663914	7.3125	
4046	0.956	355.8665872542533	0.5395555165429642	108.48236511146737	206	39.778275812016844	9.753138075313808	196.79190919770699	7	208	0.976	365.13280957741307	0.5409651368667756	123.30834708446454	206	40.56023305414598	9.805327868852459	224.97834646027016	8	
4047	0.94	364.59545419285433	0.5618146687827533	99.64887471342482	206	41.84612772602511	9.919148936170213	174.7214774268546	7.4	182	0.986	363.542511614194	0.5614385783249871	119.76746627031649	206	40.49652384222894	9.872210953346856	208.06617538592292	7.714285714285714	
4048	0.948	346.1622726940066	0.533957843609742	107.37566942463276	206	42.91133594613805	9.620253164556962	215.0703274965993	7.384615384615385	233	0.958	345.9482883142332	0.5297843538970886	110.9498802617231	206	41.673536645632446	9.649269311064717	198.6537760102641	7.428571428571429	
4049	0.91	328.1881130985984	0.5999989326912397	110.470606346783	206	40.58788621217854	10.17142857142857	178.05335074355938	7.133333333333334	228	0.984	364.0668935919499	0.5041512293036686	122.2826988712942	206	40.64668808492826	9.56910569105691	216.57265689984783	8.125	
4050	0.956	350.05492493595074	0.5380165104537493	106.16163469040714	206	40.68859728921477	9.755230125523013	180.26059943386986	7.045454545454546	229	0.912	325.59800071408483	0.5551381732302787	98.57853324402295	206	41.34054324339197	9.927631578947368	178.1897367539106	7.431818181818182	
4052	0.952	340.2916785816584	0.5683299135505007	110.32652392526278	206	40.838244190131206	9.997899159663865	186.70284097074045	7.083333333333333	179	0.992	371.0075547911216	0.5018409569820869	137.1236004371523	206	41.18843040987409	9.514112903225806	259.287479356524	8.5	
4053	0.986	356.7293777133386	0.527219473111968	136.09745771113063	206	42.78872802637025	9.720081135902637	230.79082471867017	7.571428571428571	278	0.966	355.5130281172769	0.5304619695924035	128.39503280448287	206	40.673901369740356	9.691511387163562	239.30733022431934	7.705882352941177	
4054	0.918	339.24611973391	0.5769600648685602	109.20894398868953	206	44.60977395416478	9.928104575163399	175.06519690775488	7.073170731707317	275	0.924	326.87137399192204	0.5902684857230291	113.21218139668127	206	41.64061488559447	10.188311688311689	185.27937731116089	7.052631578947368	
4055	0.902	332.8167662903736	0.5527410812887524	101.09461263409081	206	44.47566117378208	9.804878048780488	185.6504959315979	7.183673469387755	276	0.952	339.27298645775977	0.5802530044651891	99.6939269966876	206	41.27490000648611	10.111344537815127	175.01551820170957	7.166666666666667	
4056	0.976	355.7110576572425	0.5498862362591851	114.43767023433446	206	43.66756435218728	9.829918032786885	194.00452657959565	7.416666666666667	277	0.96	348.3814777182662	0.5457325255762756	101.83560237073773	206	41.61242877635152	9.735416666666667	187.98017355114118	7.9	
4057	0.96	359.90102721748065	0.5290466824841812	109.0674235562598	206	40.63164552504334	9.660416666666666	198.8258434176865	7.25	187	0.912	322.71762208078576	0.5860135600267167	96.22004459779636	206	41.07104191433834	10.094298245614034	169.18814893323824	7.0227272727272725	
4059	0.974	342.0904748524643	0.5747032399496458	113.57955725582646	206	41.06466621109986	10	196.7756482334766	7.461538461538462	239	0.942	336.76533676542647	0.566051211114905	100.99297591217638	206	39.9987107812956	9.966029723991507	177.87316470459643	7.068965517241379	
4062	0.97	360.13960050492324	0.5198206890474927	112.64594059593051	206	40.822780129087526	9.64742268041237	202.30729239719744	7.333333333333333	6	0.994	366.6002802979821	0.508644055475042	121.64779858408305	206	41.24766669091742	9.503018108651911	224.64449680030668	7.333333333333333	
4066	0.964	340.32337781546534	0.5507320365204177	112.55648048684517	206	41.02402168929231	9.900414937759336	194.21456367573876	7.555555555555555	82	0.996	361.86600784752517	0.5112543859531806	131.33320122350355	206	41.07605007628242	9.556224899598394	239.60039597259043	9	
4067	0.894	314.45655997197656	0.6178727126713693	108.93359690472926	206	41.51416767709632	10.32662192393736	171.1314917225616	7.0754716981132075	292	0.948	337.65493660064413	0.5537792727666138	106.43111525777263	206	41.052662005820956	9.886075949367088	189.66515536170076	7.5	
4068	0.984	357.71411952888855	0.5221869650223308	111.86880127582408	206	42.69174804332779	9.621951219512194	221.8035153279725	7	143	0.952	338.9347764168853	0.5495649775061523	99.07478007269627	206	40.965778966744026	9.829831932773109	188.24599916527097	7.208333333333333	
4069	0.908	326.00890420792774	0.5988475058959634	106.26628630361255	206	40.62411986648268	10.21806167400881	177.84444837920796	7.043478260869565	144	0.932	335.5898026789066	0.5694585814757478	104.4478274340066	206	43.56030994580924	9.978540772532188	181.4689713985958	7.235294117647059	
4070	0.952	344.8775539775651	0.5572333303950946	114.55282938110982	206	41.40363785599745	9.859243697478991	196.92202217359508	7.5	237	0.978	348.8123261288483	0.5464007249283319	104.6739298206163	206	43.21670069815743	9.809815950920246	191.43969471013295	8.090909090909092	
4071	0.934	335.1033295062362	0.5897148176591424	111.81032965666822	206	40.476988028194405	10.18629550321199	176.07473012259632	7.03030303030303	75	0.88	310.1212292076947	0.572585293494384	92.3667800343908	206	44.953729683747405	9.98409090909091	166.2705916641185	7.066666666666666	
4073	0.93	325.49349013015626	0.5650546168288102	95.5764457916408	206	41.56881844741096	9.98494623655914	167.51855075637684	7.2	113	0.918	330.1208285387104	0.5890863554262239	111.9222697226619	206	41.26394191093945	10.113289760348584	183.65052809690357	7	
4074	0.896	329.0246768507132	0.5597905628597586	101.94482631008299	206	40.753548333414344	9.875	186.69759499753138	7.173076923076923	158	0.92	331.2211981567265	0.5659796544035669	105.73501129057101	206	41.36837149551268	9.995652173913044	174.1593545013952	7.175	
4076	0.896	319.17925334861377	0.5987846355033841	102.17125086186935	206	40.485938270645875	10.276785714285714	161.23999788646398	7.076923076923077	76	0.974	345.85611817328794	0.5582297579217493	112.11853904612991	206	41.82680542944375	9.882956878850102	187.48327194798603	7	
4077	0.836	300.07178750897344	0.6009646985125445	93.31152839737578	206	42.22865781912649	10.198564593301436	160.45232913712164	7.134146341463414	148	0.986	348.8783525582686	0.560865481149456	116.55604274896608	206	41.4963062396238	9.955375253549695	197.82721341328863	8.142857142857142	
4078	0.958	351.9988242209441	0.5649424630113552	113.95050138679977	206	41.029889855938784	9.924843423799583	180.9589924588618	7.0476190476190474	77	0.884	311.72861273706457	0.6121358907557988	107.1023821257795	206	40.5128586586612	10.248868778280542	165.63262338526283	7.086206896551724	
4079	0.938	335.45526071088665	0.5639433949135432	101.2637415400214	206	41.06461707197633	9.931769722814499	190.74199301705866	7	163	0.92	325.9868187939886	0.5786875443397175	112.60568556675126	206	41.09229504905476	10.089130434782609	176.6358397400782	7.225	
4080	0.934	329.383551981906	0.577688573620051	102.17726276457226	206	41.5817150182489	10.027837259100643	173.3540955366469	7.03030303030303	164	0.828	310.15882529224893	0.546243135554731	84.27863102116662	206	42.68630918512953	9.864734299516908	172.715804391312	7.046511627906977	
4081	0.988	379.09600184173485	0.5113687088889531	110.73400058106631	206	42.4294036679089	9.534412955465587	229.65607192619433	7.166666666666667	64	0.98	354.2254030218967	0.5117276374419235	115.42581088078873	206	42.44539171241439	9.612244897959183	216.2780851938662	8	
4086	0.986	362.44669901481666	0.5034959912748964	136.17479198464326	206	40.983182310918075	9.517241379310345	251.3313840518922	7.285714285714286	222	0.962	350.0218308833756	0.5426302041686651	113.61442229455614	206	42.4831904571538	9.82120582120582	216.38708643663793	7.631578947368421	
4087	0.892	323.8690000726766	0.5887827045898775	109.37559936321676	206	40.43586541088383	10.165919282511211	172.25412748623367	7.12962962962963	281	0.936	335.0035790980952	0.5455396751871103	105.35649796477993	206	41.14448014777543	9.914529914529915	185.26550106545326	7.3125	
4088	0.934	347.47023809522307	0.5515281292583208	104.3052500307301	206	42.650725614945365	9.785867237687366	192.6033479654068	7.03030303030303	279	0.942	346.3999411635038	0.5480814184635834	105.8475087560687	206	41.47192284886726	9.80891719745223	188.39835507848295	7.172413793103448	
4089	0.95	343.3321286592121	0.5504219055797991	109.66054657807204	206	41.73251237546267	9.84421052631579	194.00736688475652	7.24	280	0.93	341.71075837735486	0.5558163521066743	97.26468675801041	206	41.16743092336464	9.812903225806451	183.9431221142087	7.228571428571429	
4090	0.876	333.2826053871278	0.5471667411735887	88.84732341567647	206	42.193044258422454	9.769406392694064	179.495129000788	7.129032258064516	282	0.912	331.1306368456345	0.5711613009310363	95.71122576400363	206	43.1210312203939	9.93859649122807	178.1553602254317	7.113636363636363	
4091	0.994	369.76415445272403	0.5160092255162672	133.15687254285615	206	40.255273728191305	9.621730382293762	228.3237756923443	7.333333333333333	65	0.92	332.2499097146705	0.5658031762923057	96.38726437953224	206	43.69150908301111	10.01086956521739	179.8233032804833	7.075	
4092	0.978	354.37350532649685	0.5427961779188761	113.25290888397178	206	41.08500930701489	9.838445807770961	193.0939854406162	7	109	0.972	349.0376328642012	0.5527257379109225	114.2000998806445	206	41.76390661740415	9.831275720164609	195.28483510058265	7.142857142857143	
4093	0.882	322.0858895705323	0.5957815993530265	98.27713095790332	206	42.71759837780577	10.210884353741497	172.11505960152888	7.220338983050848	71	0.91	325.5580995992372	0.5823827454596685	105.39159850600333	206	41.501192854454565	10.105494505494505	178.99949472154648	7.2444444444444445	
4094	0.972	346.8455609476985	0.5620302023079795	112.29748814528428	206	40.19359435550179	10.024691358024691	186.76385060254475	7.714285714285714	250	0.886	322.510192195723	0.5489876376445222	97.35182881983317	206	41.62104431972474	9.837471783295712	176.8805996706332	7.2105263157894735	
4095	0.934	338.5529940554378	0.5638236258150601	101.5022932338693	206	42.496307272968274	9.87152034261242	190.6337716800748	7	251	0.952	349.3321591075049	0.5586862483921294	107.23855170699329	206	41.33492822871704	9.796218487394958	185.50100212968786	7.125	
4096	0.866	320.85957762127896	0.5574079756527782	93.72766286725033	206	41.8188200129936	9.852193995381063	170.30854066007404	7.059701492537314	70	0.842	316.4699691797347	0.5671408955256935	97.51710281642114	206	41.68839794160111	9.914489311163896	172.76703148572156	7.1645569620253164	
4097	0.812	292.59152493513244	0.6001409031581433	93.43145745543937	206	43.44065755208331	10.189655172413794	155.7124453819604	7.031914893617022	161	0.88	315.0508377488238	0.574484883803065	97.83723272673687	206	42.342449364058254	10.154545454545454	161.54467491990363	7.083333333333333	
4098	0.914	319.0226876090977	0.6203122795026504	127.64446857320893	206	40.53689993356786	10.466083150984682	181.72357142114882	7.116279069767442	72	0.976	363.01420813814616	0.519193869654935	123.72307046171643	206	41.17382193790868	9.684426229508198	206.54593892120047	7.333333333333333	
4099	0.95	345.6556541987597	0.5608868441500015	116.14516465461455	206	40.754709222635064	9.917894736842106	200.12798224256062	7.12	146	0.952	341.6349673435622	0.5703741170127713	114.86890163197728	206	41.60089237429111	9.915966386554622	185.511348954142	7.166666666666667	
4101	0.956	349.08347330768447	0.5816426251572685	108.9495824098075	206	40.931038798472876	10.02510460251046	186.46348001530293	7	42	0.916	329.6386929609849	0.5646482459801221	103.1163453506335	206	42.09022056651633	9.960698689956331	191.45616784444513	7.285714285714286	
4140	0.956	308.7655836186339	0.5840241406663988	116.25433559884063	206	51.901821450995826	10.142259414225942	189.41773077272023	7	23	0.94	298.6402338289402	0.5987795714923361	115.84246514404141	206	56.52528999703846	10.214893617021277	179.12816213516226	7.433333333333334	
4144	0.996	327.437701360956	0.5154526029526023	123.76834913037669	206	54.76926087459782	9.67269076305221	220.42486498658184	7	295	0.962	300.8318218775364	0.5604187161879463	121.92526014117308	206	55.583280982041465	9.958419958419958	191.17590984489559	7.526315789473684	
4146	0.972	336.4020211808789	0.5223743848743839	115.33219922436152	206	52.10730311471296	9.666666666666666	217.18284777062993	7.285714285714286	296	0.928	307.0204459736319	0.5643305987594767	106.66302723099746	206	51.234154499112144	10.04094827586207	176.44385592967467	7	
4147	0.966	327.12495767021755	0.5434091673222109	118.43120599239731	206	51.17370183676649	9.73913043478261	208.4526320084654	7	298	0.958	318.01885539772394	0.5518349546533259	102.44767751042731	206	51.345562528374614	9.860125260960334	186.06665149169143	7.142857142857143	
4149	0.872	265.707843256689	0.6442554960330173	101.09170039008123	206	61.57811896187783	10.444954128440367	167.51420636829323	7	293	0.986	303.9270081991432	0.5335829034611995	109.20817350585062	206	60.6044856817623	9.742393509127789	206.59749170058782	7	
4150	0.944	294.02603874662185	0.5508565116615955	106.45856297154579	206	60.19524348083151	9.838983050847459	199.09784731937685	7.178571428571429	299	0.986	309.8290598291142	0.5155317805926327	112.7890260351807	206	58.75143983739275	9.612576064908723	203.70875401289618	7.571428571428571	
4151	0.982	331.39848812092947	0.5236748203143322	119.2670207597322	206	55.181849780237165	9.59877800407332	203.16371026269871	7.333333333333333	297	0.95	302.8177993115599	0.5855114709851543	109.72305881417742	206	55.82206553340212	10.054736842105264	192.24761220525315	7.16	
4154	0.984	325.65528196983234	0.5201891886343111	116.06231180127791	206	53.202714865156544	9.634146341463415	227.0265545879582	7.125	294	0.964	318.86742524482776	0.5266912260169521	108.21664197469568	206	54.79472029744635	9.622406639004149	206.31215037304375	8	
4159	0.954	314.9970283297694	0.5660125281194451	102.03581406945915	206	54.4490982159983	9.926624737945493	186.4210800197628	7.260869565217392	41	0.984	334.17102492689514	0.5341121107889395	114.16514078394401	206	54.844471859736615	9.609756097560975	207.9023473483472	7.375	
4161	0.962	313.25301204820465	0.5639984120753349	110.01816261150896	206	58.584257856418304	9.82120582120582	203.1249728341499	7.421052631578948	283	0.982	329.1105301964144	0.5386470454189396	113.44874172613515	206	53.795295380248945	9.659877800407331	213.78697367514522	7.222222222222222	
4162	0.982	315.2487961476961	0.5447288172339073	123.52878040346043	206	59.083709389105174	9.837067209775967	191.89292125076264	7.333333333333333	284	0.984	324.2174629324796	0.5205926526048481	116.1398778121886	206	57.483947057346434	9.634146341463415	223.95257640307554	7.5	
4163	0.972	300.5380001236068	0.5562683258670906	116.59314941390545	206	63.022541388425005	9.800411522633745	194.75748308438673	7.214285714285714	285	0.978	300.6825308982205	0.5525751061027127	114.73102393369437	206	61.90572246154053	9.869120654396728	203.587084341187	7.636363636363637	
4164	0.946	298.93193452568715	0.5764980204197956	106.36554280341484	206	58.97246763506345	10.076109936575053	180.88983770837524	7.296296296296297	118	0.984	316.2156950960338	0.5441373159360952	111.268012935083	206	59.651699056566386	9.703252032520325	216.40813664034968	7.125	
4166	0.962	308.6102912869995	0.557383849691541	107.54639702803934	206	56.66500430724441	9.916839916839917	186.323021375721	7.315789473684211	152	0.98	314.50577663671373	0.5475243010957288	112.7189826418378	206	59.22648960832692	9.810204081632653	200.3444791925215	7.1	
4169	0.97	293.1930842703504	0.5618835460072564	109.97869891275272	206	62.2874398678623	10.022680412371134	187.86572985076393	7.133333333333334	51	0.946	290.64765884227944	0.5743234508033658	97.03997866121043	206	63.27667910562212	9.966173361522198	179.41019017278632	7.111111111111111	
4171	0.986	303.3472803346498	0.5499182471799107	120.54814354771806	206	60.02288749758543	9.782961460446247	233.26222275496227	7.285714285714286	230	0.974	311.34126070840495	0.549719787399458	112.07565469319786	206	59.25403860740684	9.765913757700206	188.30197867032004	7.153846153846154	
4174	0.982	299.24427108725536	0.5674978280375425	109.77085878245407	206	61.40597981488024	9.977596741344195	191.9473624963817	7.111111111111111	119	0.986	317.55233494352024	0.5258171510707006	128.11479418063607	206	60.59109488482933	9.647058823529411	233.66927406750415	7.857142857142857	
4179	0.986	309.0327838024289	0.5269084589064295	127.07053943423561	206	62.13404862910659	9.640973630831644	233.27772674429573	7.285714285714286	26	0.982	296.032798745976	0.549575820197001	105.29725664154196	206	63.89516277438705	9.828920570264765	186.67479412160571	7.333333333333333	
4188	0.99	292.03539823013864	0.5853068760644509	127.50804832428966	206	63.52811065105457	10.056565656565656	200.09656525771342	7	131	0.97	281.3225058004451	0.5902824437875961	118.32151457454634	206	68.38076965303183	10.117525773195876	184.51875641746173	7.333333333333333	
4193	0.994	300.8292476241871	0.5430750392017988	130.24354942785834	206	70.84735987249742	9.66599597585513	226.87709192706814	7.333333333333333	173	0.976	279.5600366635778	0.5991710930235499	138.31627166830978	206	74.98661019050004	10.073770491803279	198.0928772133715	7.583333333333333	
4198	0.998	300.63863116048304	0.5261721189075887	123.26605580066709	206	67.22727796733231	9.645290581162325	219.1927322074565	7	130	0.98	287.3394710607241	0.5581152181152169	112.70228256274353	206	71.43319020977786	9.871428571428572	192.48552198241984	7.1	
4208	0.998	294.65603779150024	0.5054865363983609	132.78076278203162	206	70.51029338704237	9.434869739478957	242.10620089387078	8	132	0.982	282.671272308559	0.5813684787717356	131.36868702045064	206	71.90715851728869	9.965376782077392	200.6217886743624	7.333333333333333	
4213	0.998	291.386861313928	0.5461047191508099	145.014644668624	206	76.77521117135936	9.60120240480962	235.66580100515458	7	174	0.998	281.44388042861505	0.5469990875301486	128.44257743880476	206	80.07812201760626	9.613226452905812	222.16442937207205	7	
4215	0.998	282.3835662950541	0.5446127686608633	138.21572206434223	206	74.15147938544753	9.719438877755511	238.25499762850103	7	286	0.992	283.5257802675731	0.5430042907361441	140.28547974809965	206	75.0869740766556	9.737903225806452	238.65976256404826	7	
4218	0.99	273.5562310029944	0.5780115843752194	143.87543428071544	206	75.65637379770908	9.87070707070707	213.0705638764086	7	15	0.996	274.59197176879053	0.5660407753781236	140.43390179872966	206	82.05827777513872	9.845381526104418	210.74464013506665	7	
4227	0.988	285.7969337575692	0.5699892100701797	140.73631214166272	206	76.92497821812412	9.625506072874494	199.86617460302722	7.666666666666667	141	0.996	283.95484091680214	0.5713537132211822	134.83364746485395	206	76.57874694360059	9.566265060240964	190.58743877647572	7.5	
4232	0.988	264.52476572953555	0.5611866878061191	144.50723798261095	206	85.13121901341984	9.740890688259109	217.64822754364153	7.333333333333333	160	1	270.3141049900222	0.5451985625485608	148.75586246949211	206	87.5320927297312	9.662	231.9994941805368		
4234	0.996	271.81922384141046	0.5281656930753303	149.22322040893442	206	86.86808562724943	9.467871485943775	258.2550930354217	7.5	240	0.998	272.3650455760318	0.5185140288346703	132.04874752095827	206	83.59260111709189	9.539078156312625	237.52661615833512	8	
4237	0.998	275.9803108234844	0.5320315456086984	152.54194520642244	206	82.30742989308179	9.50501002004008	235.86901877779528	7	69	1	273.29871549605457	0.5308286713286697	135.2433779432287	206	82.29911704135704	9.478	230.56907588888407		
4247	0.998	269.2203938494571	0.5058303475638152	142.22372606365738	206	92.78419688176858	9.172344689378757	251.00289822608826	10	254	1	279.29840241323626	0.4872858585858595	142.65472447481264	206	89.34693054569125	9.056	266.08184224794627		
4257	1	275.31523594515636	0.5269010101010099	153.7065963550776	206	81.98237148634784	9.426	248.50069519507304		48	0.996	271.52281773075333	0.5098851505478016	144.6630302180128	206	83.49251871449955	9.41566265060241	244.28634881970447	7.5	
4296	1	282.7734419182657	0.43624191919192	114.37474121626084	206	100.10264615096278	8.54	264.1829407405503		33	1	282.5976374837618	0.4345845376845385	118.80240818750069	206	93.29967852412351	8.512	254.32327305532985		
4375	1	232.98075578957906	0.48130353535353565	132.28685757617362	206	117.4438278744475	9.334	290.4118188531797		5	1	252.84450063211122	0.48182171717171857	123.32082814305917	206	106.7628240688132	9.276	324.14542284311983		
4687	1	244.78605698622127	0.4913706682206684	120.89679334327896	206	108.50138065328761	9.332	285.043244127959		37	1	231.3636573966737	0.46622676767676996	133.30007397619556	206	118.95571252367414	9.312	318.1409561978772		
4843	1	235.93808984521522	0.47359840714840934	124.89622682696155	206	113.81875818430704	9.254	288.19177427455804		52	1	234.97344800033483	0.45403484848485065	150.9538642071946	206	121.2053050426137	9.186	329.35171880506385		
4882	1	234.9403251573991	0.4512782828282847	131.42580730012583	206	116.76384982836184	9.13	328.3216802428289		86	1	241.3010955070441	0.46875606060606184	132.85217247229062	206	114.1138327513415	9.222	338.9180269758927		
4901	1	235.87130861397614	0.45515501165501393	150.0258592593598	206	122.40214058144548	9.116	343.5963889657376		104	1	229.81109527959896	0.47192956487956583	129.35392431836647	206	117.66144356880109	9.268	306.2212692061317		
4911	0.998	232.29831013459668	0.4985730201662052	122.98892742201697	206	114.54036321051679	9.40681362725451	272.09493058357117	7	149	1	231.502916936711	0.48207470862471063	136.54873866675524	206	117.7756769359764	9.28	313.05804081893194		
4916	0.998	243.54531699939042	0.4769569441914144	128.99859281138558	206	106.41822754963839	9.268537074148297	293.0897676927308	7	266	0.998	230.1342065212082	0.4680183210243347	137.90991281322943	206	117.11920456543561	9.29058116232465	323.2492791666068	7	
4921	0.994	232.9177992314607	0.4940247936726813	122.82186991372883	206	116.33962927416378	9.275653923541247	280.388451503224	7.666666666666667	85	1	231.14973880082252	0.47798430458430613	130.6667617594502	206	116.29629706287638	9.296	298.06896796458466		
4925	0.998	230.33604135892782	0.47218679783810286	128.73958724445836	206	120.1062331338815	9.260521042084168	313.69309833520646	7	234	0.998	234.23930901744015	0.4722930709904673	131.0207719013733	206	118.66582819205328	9.22244488977956	305.29863737766146	9	
4930	1	247.02336841069712	0.4683232323232342	135.96185584687447	206	108.43806204624356	9.244	332.69604661002023		155	0.998	230.9757452323868	0.476416469302242	130.7159679325	206	117.74251552544816	9.182364729458918	316.7597658334632	7	
4940	1	237.2591819303545	0.474753185703186	132.23668105328625	206	111.6715494465387	9.29	303.7280502359116		105	1	234.02761525863878	0.466250466200467	132.56651858064774	206	118.35665123971067	9.266	305.1308324278592		
4960	1	237.85738071451632	0.466056526806529	132.38629644605072	206	114.19008120705247	9.212	314.57706689875096		87	1	233.28512107490943	0.483701515151516	136.24831246730096	206	118.74872904632262	9.252	308.2988328054929		
4970	0.998	241.2726041969188	0.46414698083035016	136.85719807218422	206	114.50476769708928	9.206412825651302	321.204922608838	7	166	0.998	232.5906590845126	0.4768904164194757	129.65526226285837	206	118.21159483597269	9.208416833667334	316.20535909245694	7	
4975	0.996	237.86778754297097	0.48329682365827037	132.05415324640856	206	107.22389480190328	9.263052208835342	323.48557971591123	7	267	1	235.6045613043379	0.4768732323232335	142.53193475381266	206	117.5354937046244	9.262	331.24313348653044		
4980	0.994	234.52246130614554	0.5099449064237809	107.9224378805333	206	111.04865323234317	9.340040241448692	270.3969632779449	7	165	0.998	228.9620996604668	0.47968816420720306	135.7144293878298	206	117.87198962318575	9.30060120240481	325.15379944704506	7	
4985	1	232.50406882113515	0.48767280497280613	124.14831853884226	206	116.90124684313086	9.28	302.2034900475711		223	0.998	238.47072879333598	0.45304447278395377	149.00727859199003	206	112.72188111821806	9.152304609218437	351.2017930451027	8	
4990	1	233.27423719325452	0.4547637917637941	143.64543362130226	206	122.91244245565645	9.206	309.86709140857147		167	1	234.60960960962754	0.4547984848484871	141.6746679343809	206	119.9445246330493	9.204	339.331286446952		
5000	0.998	230.43177095358342	0.49486650067812404	132.22907018323167	206	115.70932183574848	9.354709418837675	294.51114237974195	8	2	0.998	234.29429993419697	0.45802276658990226	142.13110005666184	206	117.75312487211559	9.180360721442886	318.7136480491222	7	
5156	0.998	252.78622087142415	0.4860741685390988	131.70946754076408	206	106.75162996645118	9.314629258517034	289.0142685679607	7	56	1	235.08392496118284	0.45321915306915567	134.79155318706177	206	118.8191749538656	9.184	298.9041669760822		
5195	0.998	242.4095214962214	0.45741837209773273	145.58305322873557	206	113.81296681312438	9.188376753507015	350.6471132946815	8	95	0.998	237.16730038029374	0.4500924537497713	145.34614483511092	206	120.37617767966613	9.178356713426854	311.63596259017766	8	
5214	0.998	232.60150095555966	0.4864800307686091	130.5861879612435	206	117.59063562731522	9.29058116232465	315.63753737688836	7	133	1	231.13905325444284	0.4510025252525275	148.8993465275529	206	123.40089694207698	9.216	331.30936259017955		
5224	1	232.36360256523886	0.4573328282828307	152.8509871579285	206	124.25584003314394	9.188	343.33000727463866		168	1	241.68600154679856	0.4523636363636384	138.29880758486763	206	117.91214225260408	9.144	338.5638467288566		
5229	1	234.55458085097555	0.45442525252525423	138.76220827990323	206	121.31326846393635	9.206	338.8597838485099		224	0.998	233.2974893637018	0.48795115483492146	126.64890057226658	206	115.06481771347308	9.332665330661323	303.3239809471163	9	
5234	0.994	221.3414091030758	0.5455810230458105	123.83529970731172	206	117.06420232496382	9.698189134808853	256.1250936087672	7	89	1	227.04568159106893	0.5088333333333338	127.09158122316046	206	117.92509901660836	9.508	259.2316705588923		
5238	0.998	229.02515145945293	0.5071181991021655	128.1693280109667	206	116.73185553891139	9.454909819639278	276.62147972085506	7	235	1	229.81109527961124	0.48831328671328905	121.81654394932258	206	113.70406142767825	9.298	294.26680388603074		
5243	1	247.390035129395	0.48388702408702355	135.4915050428127	206	106.84028973327025	9.342	288.8161941819973		209	0.998	239.84619081951453	0.47445800692293766	127.70664076310783	206	110.39466460343354	9.244488977955912	352.9130844510212	8	
5253	0.998	239.85771966921115	0.49117983441630747	122.80175255997554	206	106.30777978779523	9.332665330661323	298.2845562816207	7	194	1	247.53700678248262	0.4677743589743608	131.91305456425096	206	108.30220650161469	9.248	291.1367703942441		
5263	0.998	223.39615883961562	0.5347264848266835	142.67659361167284	206	116.90662692618264	9.649298597194388	256.2617713229829	7	255	1	240.63913754932565	0.47113787878788027	124.4579634660189	206	111.8806923788667	9.236	313.47639283988667		
5273	0.996	221.41205762046894	0.5463658831128698	133.7176563649343	206	117.23960897570585	9.660642570281125	251.78012583847286	7	90	1	237.65388088785915	0.46569747474747625	134.7880958745942	206	112.81003349116159	9.29	301.15349181857937		
5282	0.998	233.03600616445544	0.48677658346996955	134.54450063110502	206	111.84380847000193	9.3687374749499	297.37774180478345	7	210	0.998	235.7220463885845	0.47273731612409053	130.13168159783677	206	113.25737250515381	9.276553106212425	289.961041728653	7	
5292	1	227.78005557834203	0.4965454156954167	130.52812906818318	206	117.69352638555026	9.354	292.67718560664366		134	1	244.41511463072214	0.46674444444444557	129.45164869085747	206	106.51298499644882	9.24	331.7179370174789		
5312	1	251.07964246260272	0.4875213286713294	135.69227392228663	206	104.59738835910184	9.374	294.0438001237655		38	1	232.04009652865008	0.48416965811965895	143.23335445792048	206	114.2409338860358	9.354	286.0079353554259		
5625	1	229.75829427443588	0.4946121212121219	128.51195284031238	206	116.51203064630681	9.33	301.4341681695944		27	1	232.212520899157	0.4618388888888915	126.6339978774898	206	119.24148495501893	9.152	308.98864554630705		
5781	1	241.86136506557816	0.4759904040404052	138.91540316215603	206	107.74031824494952	9.308	292.2589082502857		57	1	242.69488399186466	0.4529858585858606	144.22887196151783	206	115.30923146898678	9.154	339.3922136247864		
5820	1	230.76568052801545	0.45712020202020454	142.58899231287046	206	121.21834669547049	9.27	323.4301765677414		92	1	237.9479369914601	0.45057020202020415	150.0967413469811	206	117.65583633601658	9.21	319.4680717570894		
5839	1	249.4761001896765	0.479714646464648	124.03540967739414	206	107.51026412563135	9.242	333.0696532481349		106	1	236.7200075750846	0.44856515151515414	142.9981767601896	206	115.8210485176282	9.192	301.4194610189674		
5849	1	230.02254220910444	0.4842626262626276	119.88176413690124	206	115.62542142321652	9.278	297.3899129956538		150	1	236.79848448969926	0.4561808080808099	147.8726995167235	206	117.94807958096591	9.132	354.44249589896083		
5854	0.998	227.62521667726696	0.4619238476953939	130.45983632715874	206	117.6105845371298	9.202404809619239	295.4755664552894	8	225	1	232.49325769544123	0.4625957264957277	125.6074745347963	206	119.17738772323608	9.252	311.08579678143		
5859	0.994	230.77637444273358	0.5054051191375136	125.54422444801773	206	111.52185100834834	9.386317907444669	275.37552577845423	7	91	1	234.94032515738948	0.4798560606060623	143.28572864694908	206	111.1791319543088	9.2	331.31245197446674		
5863	0.998	233.3738658684545	0.5030200260661177	120.74805035072865	206	111.4561582025502	9.296593186372746	288.1745520482631	7	236	1	244.2837600156286	0.4523727272727297	146.28713389574435	206	113.75598412642039	9.178	312.2265639383546		
5868	1	244.2598925256959	0.4542712121212146	136.725444099491	206	106.62223179056188	9.134	349.5497473926615		156	0.996	233.81379407474716	0.4624756602166263	138.16041650490897	206	115.2397018352768	9.255020080321286	309.6839840184849	7.5	
5878	1	228.99015342339362	0.4804255244755262	121.98465708095115	206	117.65994314919031	9.348	268.6662081692918		135	1	231.61015378912464	0.453077272727275	132.58207685879577	206	120.33321925505064	9.194	351.6804556414624		
5888	1	226.12156295226575	0.4993564102564101	127.77334154675954	206	116.6443960945088	9.396	295.5936770550259		256	1	234.44460074082446	0.45887070707070876	143.35367673348745	206	117.38937192826702	9.228	343.21181358513815		
5898	0.998	237.8909229596679	0.47316704115301395	140.40223421800724	206	109.2508178980277	9.210420841683367	359.3689313559128	7	96	1	234.3896493530641	0.44907676767676996	144.75881614764236	206	124.03980136718751	9.102	335.0171086477073		
5937	0.998	241.7401414591843	0.46023511669804507	137.90600763242796	206	111.99882095116689	9.198396793587174	321.2255531122344	7	29	1	232.54732338023487	0.4627606060606075	149.8641131234467	206	117.47482907986107	9.17	340.5423548986536		
5956	0.998	229.1408366625143	0.49204469545150875	119.80602987934897	206	116.88867065135624	9.354709418837675	285.52373400692517	7	195	0.998	223.65649231321106	0.5266672038716117	141.21565472656903	206	116.51089790303226	9.567134268537075	259.72755721645285	7	
5966	0.996	229.60947945966842	0.5098714204135871	123.36078407068925	206	112.63281286476756	9.467871485943775	259.82511435010326	7	257	1	229.80053313723195	0.4867641414141427	128.59826484106304	206	114.16717920217819	9.332	296.3638888951695		
5971	0.998	238.4707287933426	0.48378104304958075	119.53137622547297	206	113.2137395966114	9.236472945891784	292.028646600654	7	268	1	229.9908003679853	0.4699895493395516	135.42503557690677	206	116.4642159564395	9.296	292.0996306052439		
5976	1	244.5705341419672	0.4639407925407945	136.4376914617371	206	110.19409302444502	9.238	327.04206307609627		121	1	237.3605506764907	0.4594020202020216	137.85749689658968	206	118.52182864188768	9.194	292.3996828534683		
6015	1	234.257871064478	0.4458505050505073	147.83191328265286	206	125.30793230547658	9.15	344.40858845809646		93	1	239.1086031275831	0.461890870240872	150.53278984770404	206	110.02532604925473	9.182	328.584642543847		
6093	1	238.15194093828893	0.4642227272727294	134.75312426558497	206	114.19878294665396	9.2	334.81850148426713		53	0.998	248.08591031118007	0.45800236837311176	139.66556428294697	206	105.41369193563888	9.2124248496994	328.1321930088378	7	
6171	1	238.73185637892084	0.455704040404043	149.2518638699153	206	113.53055427320079	9.202	339.808913291018		54	1	243.617228610446	0.46186010101010316	139.04842377582438	206	105.07507993410677	9.194	322.6515835144505		
6210	1	241.05679298042145	0.48059444444444555	142.5562484919867	206	108.50449116025037	9.23	300.7353830102611		83	0.998	236.48168333255916	0.45472105827817483	134.64650470714972	206	114.92684442037493	9.206412825651302	307.891909207155	8	
6230	1	250.2627759146747	0.47086767676767766	129.53141614448808	206	105.9268673275726	9.244	319.6588606872533		116	1	227.23141247049358	0.49133570318570324	137.61874511241766	206	117.02567760371153	9.352	297.5055857668742		
6235	0.996	225.90156498073915	0.5198559584101751	123.1788414005312	206	117.47627279526515	9.407630522088354	259.6545734233039	7	269	0.998	226.4681855314131	0.4812503016911832	133.06269319265476	206	118.49052042690184	9.392785571142285	269.60651520737093	7	
6240	0.996	229.68360852319157	0.45678978540424525	155.5082353606987	206	125.96781502984796	9.255020080321286	329.72239388004215	8.5	169	1	232.33121137500146	0.47577323232323354	128.07214862223302	206	117.0429651179767	9.172	317.95183241296144		
6250	0.996	237.04126802794678	0.45126769705083186	146.29046749502584	206	119.13652536677637	9.17269076305221	313.73216312165795	8	19	1	246.51185722034077	0.47039696969697087	143.653219404463	206	110.50726550465583	9.152	314.80683689513535		
7500	0.996	222.55988559175765	0.5134270180956912	120.99660012437512	206	114.45132887958457	9.447791164658634	268.80371940468507	7	11	1	202.71639975670206	0.48984965034965	127.5192335784138	206	110.63871400043107	9.382	288.112935253304		
7812	0.996	207.32722731057078	0.5063982035367566	107.78296839542577	206	109.6507041513166	9.421686746987952	248.36955904549148	7	39	1	204.39030372402635	0.4746795648795674	131.46029869387039	206	112.86252049460938	9.26	289.81693499991826		
7831	0.998	206.61670324208885	0.4888338059179749	121.96942255019363	206	114.28093460878276	9.344689378757515	262.3231245598241	8	136	1	204.21499754939867	0.4614676767676779	133.95527866444672	206	114.1988072028883	9.176	318.6260679804993		
7841	1	210.72151045177762	0.4943405205905208	119.21391479851891	206	107.33845778063095	9.316	263.9968532283314		258	0.998	205.01232539036286	0.47509712509712576	128.48391721238198	206	110.42280807669638	9.25250501002004	309.12342792750985	7	
7851	1	218.82795745979266	0.47338181818181907	129.30263845678905	206	105.55237637310599	9.14	351.6687239951648		122	1	204.81730296573892	0.4916099456099461	124.9160991446591	206	111.6681293255572	9.342	296.9040288110438		
7860	1	213.56569280712233	0.4790221833721845	124.34647750222531	206	105.64843393444669	9.272	305.7374518191052		211	0.998	204.25706099056586	0.46317281026699997	123.63959945610192	206	112.13307348005672	9.186372745490981	315.9424771379122	7	
7865	1	212.901852246104	0.46501258741258966	131.59219265305362	206	109.67398888388088	9.184	335.06419843497196		270	0.998	208.32463574499658	0.4806132466954128	123.31706894265804	206	108.19947077512039	9.28256513026052	294.04224746049283	7	
7870	0.996	212.59338313769985	0.47162031966249035	120.38102502487067	206	110.9666707886628	9.194779116465863	324.6746703941713	8.5	196	1	206.71407309413206	0.47630909090909146	129.64705639465754	206	111.40375787365859	9.25	293.24826195264006		
7880	0.998	203.68178292994745	0.5088539549962393	127.9048881269737	206	112.32584019854114	9.420841683366733	283.6237224145366	7	259	1	203.47535913400503	0.48283026418026503	129.07848365679314	206	111.1579826184015	9.298	276.9796115568004		
7890	0.998	208.0466958515537	0.5017953155728699	127.5193225977206	206	110.93577113966546	9.396793587174349	259.40419042031226	7	59	0.996	202.5625381330271	0.4800626749421932	121.40539054342977	206	110.96607216230774	9.25301204819277	303.15300599297757	7.5	
7929	0.998	213.88769824255806	0.4769322639062134	129.28592460930165	206	104.98653005113641	9.326653306613226	285.9923423365109	7	123	0.996	203.93955526436082	0.49343028680378176	122.13283730662691	206	107.9394268397893	9.365461847389557	275.481997055422	7.5	
7948	0.998	213.17498291175184	0.4686755406695306	135.93259746569228	206	108.62308499985478	9.27254509018036	279.5114362640297	8	197	1	202.97150280096645	0.470814646464649	134.04870948393625	206	114.2819721452809	9.24	320.31526893595776		
7958	1	210.51745189674884	0.48486212121212185	119.44600419609067	206	108.92894138652146	9.214	288.43284378006615		260	0.998	202.28636289928937	0.4536794256734162	142.71983266107225	206	115.11486977025635	9.198396793587174	312.1477829076542	7	
7968	1	212.39539526778805	0.48308076923077065	133.52291225355486	206	108.95909985628523	9.266	289.1969625679935		55	0.998	203.27521590350315	0.4659254406248416	134.86719574017857	206	110.73616008133811	9.238476953907815	286.08667195161786	9	
7987	0.998	214.0895829758301	0.4666760482892762	141.1347864827708	206	105.53782216086942	9.24248496993988	306.401903869401	7	198	0.998	207.80410610914655	0.4584507398635677	143.94579988917235	206	112.01230805597932	9.164328657314629	339.6731833854908	8	
8007	0.998	209.98148459854266	0.4607581518904185	142.77298256594418	206	113.96250604477214	9.220440881763528	308.35269204374856	8	124	1	206.8166776969114	0.4756500000000009	120.88333395122801	206	110.43844090317235	9.244	312.2491508722818		
8046	0.998	204.8608260119717	0.5171868990506253	97.167496313607	206	111.42524346280828	9.42685370741483	231.82578064479225	7	88	0.998	202.04065106487877	0.47871613467805957	125.80963300092925	206	113.08070858856038	9.294589178356713	285.0416163807479	7	
8125	0.998	211.53030945320575	0.45854436145017496	137.98904036668753	206	110.56014917303057	9.198396793587174	336.4611885963561	8	28	1	200.1681412386199	0.4946339549339551	124.14187176479439	206	110.96544904787062	9.408	279.1789852103125		
8750	0.998	206.43720006612602	0.513595722914359	103.39072593538529	206	107.0223964832467	9.386773547094188	266.20842866822164	7	13	1	201.9304551512573	0.47003232323232497	132.2546291857135	206	108.99805143623738	9.2	300.1099843974584		
8769	1	210.26072329691385	0.4778612276612289	133.7186580973611	206	103.78962667176577	9.232	315.5853576299785		199	1	203.59135143932136	0.4660707070707084	124.14357221481794	206	107.60399085385102	9.196	311.6577150348008		
8774	0.994	202.02430795494396	0.49314836181033433	107.96128021739511	206	110.648388977452	9.25553319919517	283.32138405561415	7	271	1	201.03735274018806	0.47917424242424356	128.04289216287617	206	110.9615110696812	9.232	296.69385012123155		
8779	0.996	201.42371784503547	0.5030100198774899	111.51064695697566	206	107.49733077472449	9.39558232931727	270.92587680504636	7	200	1	198.6965506278425	0.4764565656565665	122.16397542816134	206	112.57069821062188	9.226	322.7545261262859		
8789	0.996	205.0732992916562	0.4563142234829006	139.64095769518633	206	112.16514014412233	9.224899598393574	291.83378339984284	8.5	125	1	200.33656542988115	0.47186907536907596	136.7042337504533	206	111.78483472586434	9.24	298.1205605714785		
8798	0.998	200.99895271091663	0.5018704074816304	118.11854515369282	206	111.19722441647828	9.334669338677354	311.2207526604189	7	212	1	197.949245813399	0.4871878399378405	124.91814626565535	206	111.3317477409309	9.256	320.8451526793515		
8808	1	213.18325232376677	0.47556662781662895	130.35197638595287	206	100.60947409992345	9.214	299.22571993160284		137	0.998	199.88783848742003	0.4765981457865237	126.64378819050428	206	108.92256501639632	9.250501002004007	318.1328060031082	10	
8828	1	207.51193193602867	0.4560398989899012	142.29221982193874	206	111.21361462081762	9.18	339.73969094581594		94	0.998	199.96794101147788	0.4904227647213627	122.69090675443874	206	110.3901833417465	9.27254509018036	297.4947941364214	7	
8906	1	202.4291497975494	0.49767377622377607	114.90237426126626	206	109.88037591403808	9.374	277.04851770449875		58	0.998	199.4404476419236	0.47321865954130515	125.21787963307266	206	112.40829953388456	9.266533066132265	326.6777510350216	7	
8915	0.998	204.35744123191319	0.4666655766856188	136.95440710734542	206	112.84307332629153	9.182364729458918	316.7597658334632	8	213	0.992	196.02418685528295	0.49074511398100173	114.98164122331552	206	111.22063370292148	9.304435483870968	290.6914147033093	7.25	
8925	0.996	200.47502113444023	0.4941965999194914	115.85173649988548	206	110.11718849754959	9.35140562248996	269.4553851574929	7	201	0.998	200.84524049108214	0.4648455808275477	124.77509008943558	206	111.20992425221704	9.230460921843687	296.41344886326374	7	
8935	0.994	210.5664534169915	0.5002180917673881	126.85294137840336	206	114.08911821013503	9.362173038229376	280.11926650013214	7	261	1	200.01600128013595	0.4654914141414162	126.6411288631461	206	109.34200480192543	9.16	332.30391144926915		
8940	0.99	200.08892841263065	0.5249657413293772	109.0315597460428	206	110.60275624700164	9.301010101010101	273.5378482893128	7.6	272	1	204.16496529191707	0.46279141414141567	134.19278388858254	206	106.65515088975688	9.214	323.4174494842384		
8942	1	206.01565718989704	0.4813757575757593	122.95841908384226	206	108.71711144057758	9.26	304.55018851140045		287	1	202.07735521158068	0.47779141414141535	130.84594079748618	206	110.36283371409418	9.2	313.82062737848236		
8945	0.998	211.5213428850293	0.46639273107209117	136.4745391136062	206	104.13514132525806	9.25250501002004	291.3121414357822	8	126	0.994	200.58116070710335	0.4722250753940913	124.42359912329887	206	110.53861649265615	9.253521126760564	302.60186201716056	7.333333333333333	
8984	0.998	227.80187171881744	0.46956893585150317	130.69863382726723	206	119.76196854725866	9.234468937875752	319.199331302148	7	60	0.994	199.10263600676183	0.46170101416580445	127.09886581699405	206	109.79986302958223	9.179074446680081	319.49630423239995	8.333333333333334	
9003	0.996	200.5073076458688	0.5182916202494513	103.3727092973043	206	110.59367289765984	9.359437751004016	263.06891939628593	7	202	0.998	199.9599278701663	0.4624496467682858	132.47992856564028	206	108.40519466568864	9.264529058116233	323.75523458695983	7	
9023	0.996	202.73571079628292	0.4923845732580674	119.5847064496985	206	108.64467419274632	9.291164658634537	280.6191803322827	7.5	127	0.996	201.27718050282098	0.47918238611009845	120.20193302039057	206	108.52610622810066	9.293172690763052	310.5496105491849	7.5	
9062	0.996	204.85396955981022	0.5081842131540935	135.81471766364874	206	111.11250754081667	9.331325301204819	312.43637841927466	7	21	1	202.5603629881972	0.48124502719502876	125.79746725057136	206	108.04730970112793	9.146	327.37718404352574		
9081	0.998	199.47233770389923	0.5151598457209678	108.97092503876483	206	111.15406798734291	9.374749498997996	277.5592944415334	7	203	1	196.79615853901598	0.4871487567987576	116.21036615446586	206	110.08315938896165	9.308	295.7934576154228		
9086	1	204.22333864313623	0.49137047397047373	111.79174872990703	206	109.69646966403815	9.278	292.59990248551634		226	0.996	198.1537482094302	0.49898666148666104	111.09605414022519	206	108.77528083283632	9.293172690763052	245.0675910766642	7	
9088	0.992	200.81784687638512	0.48946619576659917	109.41461170850853	206	111.68501418664667	9.318548387096774	277.81725676033494	7	288	0.996	197.59552434232742	0.4785373818506354	128.8224726968472	206	109.953864578421	9.275100401606426	311.2752266893289	7.5	
9091	0.992	200.1775768827477	0.5068944328520937	107.50917295077639	206	111.49770675159309	9.36491935483871	251.79185650657845	7	204	0.996	199.2478194766911	0.4762948452707506	117.20178458879144	206	110.51806000102788	9.279116465863455	292.7249000604257	7.5	
9101	0.994	202.09824333114452	0.5270501407825349	104.82121796159076	206	110.09585730574807	9.438631790744466	264.0368002635906	7	128	1	204.13162407123798	0.47241748251748356	137.20220155448058	206	105.20212232663172	9.18	285.29999911896914		
9110	0.998	208.67310667843776	0.46436637844453615	127.66798450861494	206	107.58141073160421	9.22244488977956	293.8366869589241	7	214	0.994	196.93307445412356	0.4748914231308609	125.601008833957	206	109.22293065007902	9.223340040241448	300.2134419060624	7.333333333333333	
9120	0.998	203.54884764428974	0.4883403559255261	110.51737784297194	206	109.88218655663711	9.276553106212425	283.3409525530941	7	138	0.994	189.13159296755663	0.46623658032108767	126.34129309446267	206	112.29329208026671	9.25553319919517	295.9939885246773	8.666666666666666	
9140	0.998	229.45693658899964	0.452003501953404	148.29382357142174	206	120.76539786090504	9.160320641282565	333.4393518757051	8	61	0.998	193.86169386172017	0.48304335944616594	130.74744586162765	206	115.200211028117	9.330661322645291	312.96494772591234	8	
9179	0.998	204.0315656049213	0.4904004979656283	119.62506238441578	206	110.39166786065816	9.244488977955912	292.23724150369827	8	129	1	195.50342130988182	0.4636761849261873	124.05032888850116	206	114.97861143162393	9.188	314.6428720565353		
9198	0.996	200.94419561798375	0.4607546347004201	142.28052007359736	206	115.1660915798611	9.198795180722891	325.4637168790682	7	205	1	198.32612748404574	0.46228865578865797	122.27777151985536	206	114.36219633246519	9.21	293.64421809074867		
9208	0.996	203.31509757488055	0.49468932450860137	121.6508035974936	206	111.4388637127608	9.32730923694779	293.3919554730613	7	206	1	195.91708788841635	0.46796926961927027	122.09188269661355	206	112.94910083436515	9.248	292.3024971867326		
9213	0.996	202.88438034710052	0.49669922892814444	107.22871408453621	206	111.06078618816763	9.28714859437751	264.75639578456764	7.5	273	1	200.21623353221105	0.47147781662781885	125.99076834050281	206	107.4774935856461	9.242	308.3301865831397		
9218	1	208.6811352253991	0.49898372183372286	119.66730765052654	206	108.57858245799338	9.286	284.05677733850587		35	1	201.69423154495885	0.4617548951048975	138.2377797986152	206	110.80799958145153	9.172	319.49748793597183		
9227	0.998	204.04825189124338	0.5253680243159191	107.58471332953496	206	110.04243304560276	9.344689378757515	280.77230630161114	7	112	0.996	197.29804682860168	0.4631993341330702	135.73850806550763	206	113.22134611679044	9.190763052208835	320.69412610401423	8.5	
9232	1	211.72983273343738	0.47403076923077114	121.67646375746246	206	102.61384547184583	9.234	305.4100319003355		175	0.998	197.65507407116004	0.4582251916420275	132.86299514452202	206	109.88355829824475	9.19438877755511	308.6018285600563	7	
9234	0.998	202.8537745436931	0.4875093232307669	123.61786386976152	206	111.70637742225172	9.280561122244489	293.0535345975553	7	241	0.996	200.66889632112105	0.47705148488281296	122.50465280725237	206	107.8890348820314	9.238955823293173	294.82606517370556	7	
9237	0.99	205.4282868525916	0.5325791716700793	106.84965513410137	206	112.48624327482283	9.359595959595959	280.35354335636447	8.2	98	1	203.6576921510248	0.46520656565656743	130.1002163797057	206	108.18812750157824	9.222	317.2825205400893		
9242	0.996	206.95673856122758	0.4877884888427067	127.08958184491505	206	107.74885372379556	9.26706827309237	283.7428915133801	7	264	0.998	195.64791217406565	0.4643802757029228	126.23428599993494	206	110.55666343537773	9.240480961923847	265.17834081613006	9	
9247	0.998	206.16427036853213	0.47200893628749546	124.04459433221889	206	108.1910554521898	9.258517034068136	283.95911372394835	7	262	0.958	176.87677707612718	0.44285179561797683	134.5344585735633	206	104.13635280420326	9.258872651356993	244.40801130495518	8.857142857142858	
9252	0.996	203.66432193684523	0.48924064556594626	103.79019404662768	206	109.77878232179516	9.255020080321286	286.02832308021	7	263	0.974	179.36063641717146	0.4542607802874764	124.53518436286781	206	114.70290269343528	9.234086242299794	288.89417474668545	8.615384615384615	
9254	0.994	209.32485364111525	0.5114034635161391	115.20798814569356	206	114.26740710949957	9.364185110663984	263.3382104767675	7	289	0.994	194.47487869779013	0.45574660081702567	134.71421265585184	206	112.93367951157066	9.181086519114688	304.467272028446	8.333333333333334	
9257	0.988	199.6685663474028	0.5332555939337317	99.30537907837883	206	109.98675444276653	9.402834008097166	266.38018418257536	7	97	0.99	190.64124783364784	0.45339812264054835	128.4854190569431	206	112.47673891495448	9.22020202020202	299.68381926471534	8.2	
9259	0.996	201.51337352808932	0.5069210408065823	110.71149825636995	206	109.8415410927411	9.389558232931726	264.0147378325204	7	247	0.99	181.7180616740632	0.44156310580553176	132.10872967163178	206	110.43889415182447	9.197979797979798	289.35077045239433	8.4	
9261	1	201.28824476654808	0.5010580031080027	111.02406583454423	206	111.18765434756222	9.356	271.98866278194174		162	0.998	194.92187500003547	0.4605336936499282	124.66736655044751	206	114.16503181750178	9.20440881763527	302.80638389481487	8	
9266	0.998	201.83634672171988	0.4933837371713127	117.28767867487684	206	111.70377123209485	9.338677354709418	281.07804233120544	8	107	0.972	188.42321560117972	0.46688401904451426	123.8752649003212	206	112.93848758727901	9.228395061728396	275.6484496025173	8.928571428571429	
9276	1	200.7226013649137	0.4905623931623931	131.28691133494542	206	110.30963235813664	9.358	284.7565025283388		99	0.988	192.607610729878	0.46071203313106357	134.06305117754053	206	110.46491774936459	9.234817813765183	303.6789187048426	8.5	
9286	0.998	223.81699932725599	0.497313819558309	117.31373664076999	206	118.36294428543007	9.322645290581162	272.13326754689416	7	170	0.996	193.89503192655096	0.4686866346504909	126.86782021035927	206	112.62358288595816	9.30722891566265	261.88081279510624	8.5	
9296	0.996	202.4307954960984	0.5151611496491014	115.62901007739826	206	110.09002077200837	9.36144578313253	285.8418056788253	7	36	0.99	193.5332525316277	0.46100806040200293	138.89209943704412	206	114.84703960174666	9.272727272727273	300.62170363991885	8.4	
9315	0.998	201.21779103993813	0.5096032001843627	115.2719498690132	206	111.13770096054218	9.334669338677354	272.4579940068743	8	139	1	204.04831864188154	0.46105454545454727	134.51877917170185	206	105.34289925426131	9.15	315.2612948280942		
9317	0.998	208.6120401337945	0.4993317248327265	105.14992461209175	206	109.80105175689859	9.338677354709418	256.88243047580113	7	242	1	200.0080003200389	0.45381414141414295	137.83210820425202	206	110.59119806068504	9.142	337.2978247927725		
9320	0.988	200.8375005081626	0.5196079842334911	102.02401521679279	206	108.89055198644802	9.396761133603238	267.3588587966399	7	227	0.942	180.79920156618454	0.4721279840706597	114.9171427052007	206	111.00517976562145	9.388535031847134	232.59796921322183	8.89655172413793	
9325	0.992	197.59381722574108	0.5328920799182886	105.97464515408268	206	110.84989514977995	9.522177419354838	244.46261127874988	7	151	0.996	199.2637644045946	0.47576393374586223	125.00174181934307	206	109.67344001512916	9.208835341365463	288.1500619649031	8.5	
9335	0.992	201.4376802176717	0.5263398955435243	98.49752488363457	206	109.61111932914135	9.340725806451612	275.61978955883745	7	84	0.968	190.1021209740422	0.47373006928792133	122.9396641241274	206	111.22099529482581	9.338842975206612	308.0333096976997	8.3125	
9375	0.992	204.40121981374963	0.5033416124645967	118.36880108193296	206	109.46857445688143	9.256048387096774	276.55021171723337	7	16	0.99	194.03394614090874	0.46562960608415344	125.50578186213319	206	113.60133102664292	9.24040404040404	287.32948023900684	7.8	
10000	0.992	193.84086290443332	0.4571928967090275	130.91084968856117	206	108.16074479874665	9.225806451612904	301.97241175061447	7.75	1	0.99	192.18076639357045	0.45338164080588494	142.5926718404263	206	109.54968192711029	9.155555555555555	307.01496715340147	9	